   0.0000000E+00   0.0000000E+00  -4.3810000E-02   3.7407100E+00  -1.7154000E-01   1.0000000E+00   1.0000000E-05   2.0000000E-05   0.0000000E+00   0.0000000E+00   7.0000000E-01   2.8000000E-01   3.4600000E-03   1.0543000E-03   9.6400000E-03   1.9800000E-03   6.1527219E+00   5.9589038E+00   5.2910751E+00   4.6840218E+00   4.7171099E+00   4.0536829E+00   3.6105235E+00   3.5379793E+00
   1.0000000E+01   2.4886466E+07  -4.3160000E-02   3.7422900E+00  -1.6392000E-01   1.0000000E+00   1.0000000E-05   2.0000000E-05   0.0000000E+00   0.0000000E+00   7.0000000E-01   2.8000000E-01   3.4600000E-03   1.0543000E-03   9.6400000E-03   1.9800000E-03   6.1115918E+00   5.9298442E+00   5.2685097E+00   4.6659338E+00   4.7018381E+00   4.0417270E+00   3.6015417E+00   3.5303772E+00
   2.0000000E+01   9.4500895E+07  -4.2700000E-02   3.7445200E+00  -1.5407000E-01   1.0000000E+00   1.0000000E-05   2.0000000E-05   0.0000000E+00   0.0000000E+00   7.0000000E-01   2.8000000E-01   3.4600000E-03   1.0543000E-03   9.6400000E-03   1.9800000E-03   6.0575784E+00   5.8917072E+00   5.2391073E+00   4.6426184E+00   4.6823884E+00   4.0268593E+00   3.5908048E+00   3.5215707E+00
   3.0000000E+01   4.4477817E+08  -4.0140000E-02   3.7461700E+00  -1.4237000E-01   1.0000000E+00   1.0000000E-05   2.0000000E-05   0.0000000E+00   0.0000000E+00   7.0000000E-01   2.8000000E-01   3.4600000E-03   1.0543000E-03   9.6400000E-03   1.9800000E-03   6.0076378E+00   5.8528700E+00   5.2064401E+00   4.6143211E+00   4.6568697E+00   4.0046574E+00   3.5716342E+00   3.5038101E+00
   4.0000000E+01   9.9754189E+08  -3.5700000E-02   3.7477000E+00  -1.2735000E-01   1.0000000E+00   1.0000000E-05   2.0000000E-05   0.0000000E+00   0.0000000E+00   7.0000000E-01   2.8000000E-01   3.4600000E-03   1.0543000E-03   9.6400000E-03   1.9800000E-03   5.9516642E+00   5.8067265E+00   5.1658082E+00   4.5776403E+00   4.6227063E+00   3.9735157E+00   3.5432817E+00   3.4767520E+00
   5.0000000E+01   1.5423508E+09  -3.0970000E-02   3.7490900E+00  -1.1233000E-01   1.0000000E+00   1.0000000E-05   2.0000000E-05   0.0000000E+00   0.0000000E+00   7.0000000E-01   2.8000000E-01   3.4600000E-03   1.0543000E-03   9.6400000E-03   1.9800000E-03   5.8874981E+00   5.7588029E+00   5.1250100E+00   4.5418280E+00   4.5890584E+00   3.9426020E+00   3.5163448E+00   3.4502744E+00
   6.0000000E+01   2.0652739E+09  -2.6150000E-02   3.7504200E+00  -9.7390000E-02   1.0000000E+00   1.0000000E-05   2.0000000E-05   0.0000000E+00   0.0000000E+00   7.0000000E-01   2.8000000E-01   3.4600000E-03   1.0543000E-03   9.6400000E-03   1.9800000E-03   5.8341792E+00   5.7140733E+00   5.0850452E+00   4.5053078E+00   4.5546340E+00   3.9107395E+00   3.4870764E+00   3.4220132E+00
   7.0000000E+01   2.5695606E+09  -2.1150000E-02   3.7516300E+00  -8.2560000E-02   1.0000000E+00   1.0000000E-05   1.0000000E-05   0.0000000E+00   0.0000000E+00   7.0000000E-01   2.8000000E-01   3.4600000E-03   1.0543000E-03   9.6400000E-03   1.9800000E-03   5.7830812E+00   5.6704665E+00   5.0456484E+00   4.4689729E+00   4.5201730E+00   3.8785776E+00   3.4572486E+00   3.3930977E+00
   8.0000000E+01   3.0531645E+09  -1.6110000E-02   3.7527900E+00  -6.7820000E-02   1.0000000E+00   1.0000000E-05   1.0000000E-05   0.0000000E+00   0.0000000E+00   7.0000000E-01   2.8000000E-01   3.4600000E-03   1.0543000E-03   9.6400000E-03   1.9800000E-03   5.7332235E+00   5.6275125E+00   5.0066236E+00   4.4328193E+00   4.4857878E+00   3.8463683E+00   3.4272504E+00   3.3639712E+00
   9.0000000E+01   3.5210256E+09  -1.0870000E-02   3.7538200E+00  -5.3190000E-02   1.0000000E+00   1.0000000E-05   1.0000000E-05   0.0000000E+00   0.0000000E+00   7.0000000E-01   2.8000000E-01   3.4600000E-03   1.0543000E-03   9.6400000E-03   1.9800000E-03   5.6854350E+00   5.5856416E+00   4.9681572E+00   4.3968524E+00   4.4513682E+00   3.8138583E+00   3.3966845E+00   3.3341765E+00
   1.0000000E+02   3.9707486E+09  -5.5900000E-03   3.7548200E+00  -3.8670000E-02   1.0000000E+00   2.0000000E-05   1.0000000E-05   0.0000000E+00   0.0000000E+00   7.0000000E-01   2.8000000E-01   3.4600000E-03   1.0543000E-03   9.6400000E-03   1.9800000E-03   5.6385458E+00   5.5443094E+00   4.9300575E+00   4.3611336E+00   4.4171319E+00   3.7814557E+00   3.3661482E+00   3.3043872E+00
   1.1000000E+02   4.4071932E+09  -1.0000000E-04   3.7556700E+00  -2.4280000E-02   1.0000000E+00   2.0000000E-05   1.0000000E-05   0.0000000E+00   0.0000000E+00   7.0000000E-01   2.8000000E-01   3.4600000E-03   1.0543000E-03   9.6400000E-03   1.9800000E-03   5.5937867E+00   5.5041383E+00   4.8925792E+00   4.3256458E+00   4.3828889E+00   3.7487560E+00   3.3350213E+00   3.2738935E+00
   1.2000000E+02   4.8285069E+09   5.4200000E-03   3.7564800E+00  -9.9800000E-03   1.0000000E+00   2.0000000E-05   1.0000000E-05   0.0000000E+00   0.0000000E+00   7.0000000E-01   2.8000000E-01   3.4600000E-03   1.0543000E-03   9.6400000E-03   1.9800000E-03   5.5498517E+00   5.4644587E+00   4.8554204E+00   4.2903543E+00   4.3487711E+00   3.7160957E+00   3.3038448E+00   3.2433194E+00
   1.3000000E+02   5.2376150E+09   1.1150000E-02   3.7571600E+00   4.1600000E-03   1.0000000E+00   2.0000000E-05   1.0000000E-05   0.0000000E+00   0.0000000E+00   7.0000000E-01   2.8000000E-01   3.4600000E-03   1.0543000E-03   9.6400000E-03   1.9800000E-03   5.5077632E+00   5.4258600E+00   4.8189046E+00   4.2553849E+00   4.3147776E+00   3.6833161E+00   3.2723010E+00   3.2122805E+00
   1.4000000E+02   5.6335063E+09   1.6940000E-02   3.7577600E+00   1.8170000E-02   1.0000000E+00   2.0000000E-05   1.0000000E-05   0.0000000E+00   0.0000000E+00   7.0000000E-01   2.8000000E-01   3.4600000E-03   1.0543000E-03   9.6400000E-03   1.9800000E-03   5.4668936E+00   5.3880063E+00   4.7828643E+00   4.2206926E+00   4.2809394E+00   3.6505414E+00   3.2406079E+00   3.1810325E+00
   1.5000000E+02   6.0177871E+09   2.2900000E-02   3.7582300E+00   3.1980000E-02   1.0000000E+00   3.0000000E-05   1.0000000E-05   0.0000000E+00   0.0000000E+00   7.0000000E-01   2.8000000E-01   3.4600000E-03   1.0543000E-03   9.6400000E-03   1.9800000E-03   5.4278542E+00   5.3512898E+00   4.7475525E+00   4.1864261E+00   4.2473374E+00   3.6177679E+00   3.2086761E+00   3.1494490E+00
   1.6000000E+02   6.3911954E+09   2.8990000E-02   3.7586000E+00   4.5610000E-02   1.0000000E+00   3.0000000E-05   1.0000000E-05   0.0000000E+00   0.0000000E+00   7.0000000E-01   2.8000000E-01   3.4600000E-03   1.0543000E-03   9.6400000E-03   1.9800000E-03   5.3902652E+00   5.3155044E+00   4.7128635E+00   4.1525534E+00   4.2139851E+00   3.5850647E+00   3.1766317E+00   3.1176787E+00
   1.7000000E+02   6.7564367E+09   3.5200000E-02   3.7588300E+00   5.8980000E-02   1.0000000E+00   4.0000000E-05   1.0000000E-05   0.0000000E+00   0.0000000E+00   7.0000000E-01   2.8000000E-01   3.4600000E-03   1.0543000E-03   9.6400000E-03   1.9800000E-03   5.3546720E+00   5.2810226E+00   4.6790588E+00   4.1192536E+00   4.1810075E+00   3.5524893E+00   3.1444648E+00   3.0856821E+00
   1.8000000E+02   7.1206192E+09   4.1670000E-02   3.7588500E+00   7.1990000E-02   1.0000000E+00   5.0000000E-05   1.0000000E-05   0.0000000E+00   0.0000000E+00   7.0000000E-01   2.8000000E-01   3.4600000E-03   1.0543000E-03   9.6400000E-03   1.9800000E-03   5.3219513E+00   5.2484044E+00   4.6464988E+00   4.0867394E+00   4.1485211E+00   3.5200383E+00   3.1120531E+00   3.0532843E+00
   1.9000000E+02   7.4778685E+09   4.8230000E-02   3.7587100E+00   8.4520000E-02   1.0000000E+00   7.0000000E-05   1.0000000E-05   0.0000000E+00   0.0000000E+00   7.0000000E-01   2.8000000E-01   3.4600000E-03   1.0543000E-03   9.6400000E-03   1.9800000E-03   5.2919255E+00   5.2177182E+00   4.6153998E+00   4.0553382E+00   4.1169233E+00   3.4881970E+00   3.0799725E+00   3.0210980E+00
   2.0000000E+02   7.7910095E+09   5.4500000E-02   3.7585600E+00   9.6460000E-02   1.0000000E+00   6.2900000E-03   1.0000000E-05   0.0000000E+00   0.0000000E+00   7.0000000E-01   2.8000000E-01   3.4600000E-03   1.0543000E-03   9.6400000E-03   1.9800000E-03   5.2634705E+00   5.1885543E+00   4.5857920E+00   4.0254064E+00   4.0867805E+00   3.4577928E+00   3.0493126E+00   2.9903247E+00
   2.1000000E+02   8.0341148E+09   6.0100000E-02   3.7585800E+00   1.0774000E-01   1.0000000E+00   8.2500000E-03   1.0000000E-05   0.0000000E+00   0.0000000E+00   7.0000000E-01   2.8000000E-01   3.4600000E-03   1.0543000E-03   9.6400000E-03   1.9800000E-03   5.2350729E+00   5.1602604E+00   4.5575567E+00   3.9972173E+00   4.0586191E+00   3.4296670E+00   3.0212266E+00   2.9622526E+00
   2.2000000E+02   8.2477027E+09   6.5400000E-02   3.7586400E+00   1.1862000E-01   1.0000000E+00   1.1230000E-02   1.0000000E-05   0.0000000E+00   0.0000000E+00   7.0000000E-01   2.8000000E-01   3.4600000E-03   1.0543000E-03   9.6400000E-03   1.9800000E-03   5.2073022E+00   5.1327834E+00   4.5302565E+00   3.9700500E+00   4.0315359E+00   3.4026891E+00   2.9943571E+00   2.9354271E+00
   2.3000000E+02   8.4632399E+09   7.0990000E-02   3.7586100E+00   1.2966000E-01   1.0000000E+00   1.4590000E-02   1.0000000E-05   0.0000000E+00   0.0000000E+00   7.0000000E-01   2.8000000E-01   3.4600000E-03   1.0543000E-03   9.6400000E-03   1.9800000E-03   5.1799729E+00   5.1053190E+00   4.5027027E+00   3.9424336E+00   4.0038770E+00   3.3749784E+00   2.9665994E+00   2.9076458E+00
   2.4000000E+02   8.6811222E+09   7.6940000E-02   3.7584600E+00   1.4096000E-01   1.0000000E+00   1.8340000E-02   1.0000000E-05   0.0000000E+00   0.0000000E+00   7.0000000E-01   2.8000000E-01   3.4600000E-03   1.0543000E-03   9.6400000E-03   1.9800000E-03   5.1531151E+00   5.0777552E+00   4.4746937E+00   3.9141017E+00   3.9753335E+00   3.3461738E+00   2.9375419E+00   2.8784741E+00
   2.5000000E+02   8.8921681E+09   8.2990000E-02   3.7582900E+00   1.5240000E-01   1.0000000E+00   2.2360000E-02   1.0000000E-05   0.0000000E+00   0.0000000E+00   7.0000000E-01   2.8000000E-01   3.4600000E-03   1.0543000E-03   9.6400000E-03   1.9800000E-03   5.1260970E+00   5.0499349E+00   4.4463671E+00   3.8854086E+00   3.9464001E+00   3.3169440E+00   2.9080262E+00   2.8488288E+00
   2.6000000E+02   9.0923880E+09   8.9170000E-02   3.7580500E+00   1.6379000E-01   1.0000000E+00   2.6500000E-02   1.0000000E-05   0.0000000E+00   0.0000000E+00   7.0000000E-01   2.8000000E-01   3.4600000E-03   1.0543000E-03   9.6400000E-03   1.9800000E-03   5.0998667E+00   5.0225652E+00   4.4182794E+00   3.8568018E+00   3.9174531E+00   3.2875777E+00   2.8782554E+00   2.8188748E+00
   2.7000000E+02   9.2815636E+09   9.5440000E-02   3.7577400E+00   1.7507000E-01   1.0000000E+00   3.0730000E-02   1.0000000E-05   0.0000000E+00   0.0000000E+00   7.0000000E-01   2.8000000E-01   3.4600000E-03   1.0543000E-03   9.6400000E-03   1.9800000E-03   5.0745835E+00   4.9958003E+00   4.3905816E+00   3.8284309E+00   3.8886411E+00   3.2582228E+00   2.8483778E+00   2.7887601E+00
   2.8000000E+02   9.4589739E+09   1.0166000E-01   3.7574100E+00   1.8619000E-01   1.0000000E+00   3.4990000E-02   1.0000000E-05   0.0000000E+00   0.0000000E+00   7.0000000E-01   2.8000000E-01   3.4600000E-03   1.0543000E-03   9.6400000E-03   1.9800000E-03   5.0499072E+00   4.9695365E+00   4.3633177E+00   3.8004480E+00   3.8601866E+00   3.2291887E+00   2.8187889E+00   2.7589177E+00
   2.9000000E+02   9.6265086E+09   1.0795000E-01   3.7569900E+00   1.9709000E-01   1.0000000E+00   3.9300000E-02   1.0000000E-05   0.0000000E+00   0.0000000E+00   7.0000000E-01   2.8000000E-01   3.4600000E-03   1.0543000E-03   9.6400000E-03   1.9800000E-03   5.0266663E+00   4.9442557E+00   4.3367537E+00   3.7729639E+00   3.8320992E+00   3.2003611E+00   2.7892544E+00   2.7290598E+00
   3.0000000E+02   9.7844471E+09   1.1430000E-01   3.7564700E+00   2.0774000E-01   1.0000000E+00   4.3630000E-02   1.0000000E-05   0.0000000E+00   0.0000000E+00   7.0000000E-01   2.8000000E-01   3.4600000E-03   1.0543000E-03   9.6400000E-03   1.9800000E-03   5.0050575E+00   4.9200907E+00   4.3109835E+00   3.7460471E+00   3.8044306E+00   3.1717718E+00   2.7597894E+00   2.6991930E+00
   3.1000000E+02   9.9326328E+09   1.2062000E-01   3.7559100E+00   2.1812000E-01   1.0000000E+00   4.7950000E-02   1.0000000E-05   0.0000000E+00   0.0000000E+00   7.0000000E-01   2.8000000E-01   3.4600000E-03   1.0543000E-03   9.6400000E-03   1.9800000E-03   4.9845722E+00   4.8968168E+00   4.2859603E+00   3.7197802E+00   3.7773480E+00   3.1436928E+00   2.7307682E+00   2.6697370E+00
   3.2000000E+02   1.0071207E+10   1.2691000E-01   3.7552800E+00   2.2816000E-01   1.0000000E+00   5.2230000E-02   1.0000000E-05   0.0000000E+00   0.0000000E+00   7.0000000E-01   2.8000000E-01   3.4600000E-03   1.0543000E-03   9.6400000E-03   1.9800000E-03   4.9657026E+00   4.8747620E+00   4.2619114E+00   3.6943204E+00   3.7509631E+00   3.1161806E+00   2.7021956E+00   2.6406729E+00
   3.3000000E+02   1.0200745E+10   1.3318000E-01   3.7545600E+00   2.3784000E-01   1.0000000E+00   5.6460000E-02   1.0000000E-05   0.0000000E+00   0.0000000E+00   7.0000000E-01   2.8000000E-01   3.4600000E-03   1.0543000E-03   9.6400000E-03   1.9800000E-03   4.9487349E+00   4.8540882E+00   4.2389245E+00   3.6697050E+00   3.7252805E+00   3.0892011E+00   2.6740026E+00   2.6119155E+00
   3.4000000E+02   1.0321391E+10   1.3941000E-01   3.7537600E+00   2.4709000E-01   1.0000000E+00   6.0630000E-02   1.0000000E-05   0.0000000E+00   0.0000000E+00   7.0000000E-01   2.8000000E-01   3.4600000E-03   1.0543000E-03   9.6400000E-03   1.9800000E-03   4.9337896E+00   4.8349402E+00   4.2171625E+00   3.6461131E+00   3.7004904E+00   3.0629593E+00   2.6464103E+00   2.5836926E+00
   3.5000000E+02   1.0432988E+10   1.4554000E-01   3.7528800E+00   2.5585000E-01   1.0000000E+00   6.4640000E-02   1.0000000E-05   0.0000000E+00   0.0000000E+00   7.0000000E-01   2.8000000E-01   3.4600000E-03   1.0543000E-03   9.6400000E-03   1.9800000E-03   4.9210696E+00   4.8174886E+00   4.1967809E+00   3.6236927E+00   3.6767368E+00   3.0375955E+00   2.6195575E+00   2.5561421E+00
   3.6000000E+02   1.0535349E+10   1.5150000E-01   3.7519600E+00   2.6409000E-01   1.0000000E+00   6.8480000E-02   1.0000000E-05   0.0000000E+00   0.0000000E+00   7.0000000E-01   2.8000000E-01   3.4600000E-03   1.0543000E-03   9.6400000E-03   1.9800000E-03   4.9102769E+00   4.8016239E+00   4.1777900E+00   3.6025410E+00   3.6541737E+00   3.0133341E+00   2.5937361E+00   2.5295865E+00
   3.7000000E+02   1.0628174E+10   1.5722000E-01   3.7510000E+00   2.7170000E-01   1.0000000E+00   7.2170000E-02   1.0000000E-05   0.0000000E+00   0.0000000E+00   7.0000000E-01   2.8000000E-01   3.4600000E-03   1.0543000E-03   9.6400000E-03   1.9800000E-03   4.9017255E+00   4.7876355E+00   4.1604688E+00   3.5829318E+00   3.6330724E+00   2.9904439E+00   2.5692132E+00   2.5042926E+00
   3.8000000E+02   1.0712189E+10   1.6272000E-01   3.7500000E+00   2.7867000E-01   1.0000000E+00   7.5630000E-02   1.0000000E-05   0.0000000E+00   0.0000000E+00   7.0000000E-01   2.8000000E-01   3.4600000E-03   1.0543000E-03   9.6400000E-03   1.9800000E-03   4.8954829E+00   4.7755641E+00   4.1448466E+00   3.5648888E+00   3.6134538E+00   2.9689432E+00   2.5460058E+00   2.4802769E+00
   3.9000000E+02   1.0788337E+10   1.6798000E-01   3.7489500E+00   2.8503000E-01   1.0000000E+00   7.8830000E-02   1.0000000E-05   0.0000000E+00   0.0000000E+00   7.0000000E-01   2.8000000E-01   3.4600000E-03   1.0543000E-03   9.6400000E-03   1.9800000E-03   4.8916395E+00   4.7654075E+00   4.1308719E+00   3.5483293E+00   3.5952160E+00   2.9487084E+00   2.5239709E+00   2.4573878E+00
   4.0000000E+02   1.0857480E+10   1.7304000E-01   3.7478700E+00   2.9081000E-01   1.0000000E+00   8.1930000E-02   1.0000000E-05   0.0000000E+00   0.0000000E+00   7.0000000E-01   2.8000000E-01   3.4600000E-03   1.0543000E-03   9.6400000E-03   1.9800000E-03   4.8899409E+00   4.7569998E+00   4.1184375E+00   3.5331893E+00   3.5783237E+00   2.9297394E+00   2.5031422E+00   2.4356744E+00
   4.1000000E+02   1.0920316E+10   1.7788000E-01   3.7467600E+00   2.9606000E-01   1.0000000E+00   8.4720000E-02   1.0000000E-05   0.0000000E+00   0.0000000E+00   7.0000000E-01   2.8000000E-01   3.4600000E-03   1.0543000E-03   9.6400000E-03   1.9800000E-03   4.8903116E+00   4.7502330E+00   4.1074230E+00   3.5193425E+00   3.5626477E+00   2.9119047E+00   2.4833865E+00   2.4150032E+00
   4.2000000E+02   1.0977569E+10   1.8253000E-01   3.7456300E+00   3.0080000E-01   1.0000000E+00   8.7460000E-02   1.0000000E-05   0.0000000E+00   0.0000000E+00   7.0000000E-01   2.8000000E-01   3.4600000E-03   1.0543000E-03   9.6400000E-03   1.9800000E-03   4.8926262E+00   4.7450156E+00   4.0977631E+00   3.5067442E+00   3.5481573E+00   2.8951908E+00   2.4647070E+00   2.3953850E+00
   4.3000000E+02   1.1029809E+10   1.8699000E-01   3.7444600E+00   3.0506000E-01   1.0000000E+00   8.9920000E-02   1.0000000E-05   0.0000000E+00   0.0000000E+00   7.0000000E-01   2.8000000E-01   3.4600000E-03   1.0543000E-03   9.6400000E-03   1.9800000E-03   4.8971226E+00   4.7414104E+00   4.0894274E+00   3.4953047E+00   3.5347262E+00   2.8794293E+00   2.4468976E+00   2.3765972E+00
   4.4000000E+02   1.1077555E+10   1.9127000E-01   3.7432700E+00   3.0886000E-01   1.0000000E+00   9.2340000E-02   1.0000000E-05   0.0000000E+00   0.0000000E+00   7.0000000E-01   2.8000000E-01   3.4600000E-03   1.0543000E-03   9.6400000E-03   1.9800000E-03   4.9035550E+00   4.7392681E+00   4.0823314E+00   3.4849858E+00   3.5223468E+00   2.8646498E+00   2.4300226E+00   2.3587197E+00
   4.5000000E+02   1.1121299E+10   1.9539000E-01   3.7420600E+00   3.1227000E-01   1.0000000E+00   9.4500000E-02   1.0000000E-05   0.0000000E+00   0.0000000E+00   7.0000000E-01   2.8000000E-01   3.4600000E-03   1.0543000E-03   9.6400000E-03   1.9800000E-03   4.9118072E+00   4.7384320E+00   4.0763044E+00   3.4756114E+00   3.5108402E+00   2.8506711E+00   2.4138996E+00   2.3415699E+00
   4.6000000E+02   1.1161412E+10   1.9936000E-01   3.7408200E+00   3.1526000E-01   1.0000000E+00   9.6650000E-02   1.0000000E-05   0.0000000E+00   0.0000000E+00   7.0000000E-01   2.8001000E-01   3.4600000E-03   1.0543000E-03   9.6400000E-03   1.9800000E-03   4.9221671E+00   4.7390637E+00   4.0714481E+00   3.4672477E+00   3.5002519E+00   2.8375157E+00   2.3985311E+00   2.3251416E+00
   4.7000000E+02   1.1198342E+10   2.0320000E-01   3.7395700E+00   3.1791000E-01   1.0000000E+00   9.8540000E-02   1.0000000E-05   0.0000000E+00   0.0000000E+00   7.0000000E-01   2.8001000E-01   3.4600000E-03   1.0543000E-03   9.6400000E-03   1.9800000E-03   4.9405531E+00   4.7412561E+00   4.0695826E+00   3.4604394E+00   3.4921085E+00   2.8256890E+00   2.3804361E+00   2.3070316E+00
   4.8000000E+02   1.1232337E+10   2.0691000E-01   3.7382900E+00   3.2020000E-01   1.0000000E+00   1.0048000E-01   1.0000000E-05   0.0000000E+00   0.0000000E+00   7.0000000E-01   2.8001000E-01   3.4600000E-03   1.0543000E-03   9.6400000E-03   1.9800000E-03   4.9477102E+00   4.7419753E+00   4.0662301E+00   3.4549221E+00   3.4853269E+00   2.8152441E+00   2.3673939E+00   2.2931561E+00
   4.9000000E+02   1.1263735E+10   2.1050000E-01   3.7369900E+00   3.2220000E-01   1.0000000E+00   1.0213000E-01   1.0000000E-05   0.0000000E+00   0.0000000E+00   6.9999000E-01   2.8001000E-01   3.4600000E-03   1.0543000E-03   9.6400000E-03   1.9800000E-03   4.9562024E+00   4.7436934E+00   4.0636869E+00   3.4501380E+00   3.4792337E+00   2.8053753E+00   2.3548722E+00   2.2797838E+00
   5.0000000E+02   1.1292822E+10   2.1400000E-01   3.7356600E+00   3.2390000E-01   1.0000000E+00   1.0383000E-01   1.0000000E-05   0.0000000E+00   0.0000000E+00   6.9999000E-01   2.8001000E-01   3.4600000E-03   1.0543000E-03   9.6400000E-03   1.9800000E-03   4.9662057E+00   4.7465044E+00   4.0620020E+00   3.4461142E+00   3.4738436E+00   2.7960640E+00   2.3428301E+00   2.2668670E+00
   5.1000000E+02   1.1319784E+10   2.1741000E-01   3.7343200E+00   3.2534000E-01   1.0000000E+00   1.0536000E-01   1.0000000E-05   0.0000000E+00   0.0000000E+00   6.9999000E-01   2.8001000E-01   3.4600000E-03   1.0543000E-03   9.6400000E-03   1.9800000E-03   4.9774516E+00   4.7502187E+00   4.0610411E+00   3.4427476E+00   3.4690721E+00   2.7872807E+00   2.3312779E+00   2.2544288E+00
   5.2000000E+02   1.1344876E+10   2.2074000E-01   3.7329500E+00   3.2654000E-01   1.0000000E+00   1.0680000E-01   1.0000000E-05   0.0000000E+00   0.0000000E+00   6.9999000E-01   2.8002000E-01   3.4600000E-03   1.0543000E-03   9.6400000E-03   1.9800000E-03   4.9822081E+00   4.7536546E+00   4.0591402E+00   3.4399623E+00   3.4645970E+00   2.7789531E+00   2.3227653E+00   2.2443683E+00
   5.3000000E+02   1.1368268E+10   2.2402000E-01   3.7315600E+00   3.2752000E-01   1.0000000E+00   1.0827000E-01   1.0000000E-05   0.0000000E+00   0.0000000E+00   6.9998000E-01   2.8002000E-01   3.4600000E-03   1.0543000E-03   9.6400000E-03   1.9800000E-03   4.9974509E+00   4.7596915E+00   4.0598336E+00   3.4377379E+00   3.4607982E+00   2.7707490E+00   2.3113559E+00   2.2320758E+00
   5.4000000E+02   1.1390145E+10   2.2724000E-01   3.7301500E+00   3.2831000E-01   1.0000000E+00   1.0954000E-01   1.0000000E-05   0.0000000E+00   0.0000000E+00   6.9998000E-01   2.8002000E-01   3.4600000E-03   1.0543000E-03   9.6400000E-03   1.9800000E-03   5.0142562E+00   4.7666794E+00   4.0611550E+00   3.4359896E+00   3.4573983E+00   2.7627878E+00   2.3001184E+00   2.2199332E+00
   5.5000000E+02   1.1410655E+10   2.3042000E-01   3.7287100E+00   3.2893000E-01   1.0000000E+00   1.1085000E-01   1.0000000E-05   0.0000000E+00   0.0000000E+00   6.9998000E-01   2.8003000E-01   3.4600000E-03   1.0543000E-03   9.6400000E-03   1.9800000E-03   5.0328061E+00   4.7746654E+00   4.0630867E+00   3.4346693E+00   3.4543337E+00   2.7549679E+00   2.2889261E+00   2.2078073E+00
   5.6000000E+02   1.1429945E+10   2.3359000E-01   3.7272500E+00   3.2944000E-01   1.0000000E+00   1.1207000E-01   1.0000000E-05   0.0000000E+00   0.0000000E+00   6.9997000E-01   2.8003000E-01   3.4600000E-03   1.0543000E-03   9.6400000E-03   1.9800000E-03   5.0529323E+00   4.7834776E+00   4.0654665E+00   3.4336250E+00   3.4514590E+00   2.7471689E+00   2.2776810E+00   2.1956058E+00
   5.7000000E+02   1.1448204E+10   2.3674000E-01   3.7257900E+00   3.2989000E-01   1.0000000E+00   1.1320000E-01   1.0000000E-05   0.0000000E+00   0.0000000E+00   6.9996000E-01   2.8004000E-01   3.4600000E-03   1.0543000E-03   9.6400000E-03   1.9800000E-03   5.0743196E+00   4.7928879E+00   4.0681283E+00   3.4327281E+00   3.4486665E+00   2.7393459E+00   2.2663850E+00   2.1833436E+00
   5.8000000E+02   1.1465472E+10   2.3990000E-01   3.7243100E+00   3.3025000E-01   1.0000000E+00   1.1442000E-01   1.0000000E-05   0.0000000E+00   0.0000000E+00   6.9996000E-01   2.8005000E-01   3.4600000E-03   1.0543000E-03   9.6400000E-03   1.9800000E-03   5.0974597E+00   4.8031479E+00   4.0712067E+00   3.4320570E+00   3.4460058E+00   2.7314755E+00   2.2549666E+00   2.1709359E+00
   5.9000000E+02   1.1481850E+10   2.4307000E-01   3.7228000E+00   3.3056000E-01   1.0000000E+00   1.1546000E-01   1.0000000E-05   0.0000000E+00   0.0000000E+00   6.9995000E-01   2.8006000E-01   3.4600000E-03   1.0543000E-03   9.6400000E-03   1.9800000E-03   5.1225745E+00   4.8142816E+00   4.0746409E+00   3.4315133E+00   3.4433604E+00   2.7233993E+00   2.2432418E+00   2.1581918E+00
   6.0000000E+02   1.1497441E+10   2.4626000E-01   3.7212700E+00   3.3083000E-01   1.0000000E+00   1.1649000E-01   1.0000000E-05   0.0000000E+00   0.0000000E+00   6.9993000E-01   2.8007000E-01   3.4600000E-03   1.0543000E-03   9.6400000E-03   1.9800000E-03   5.1496644E+00   4.8262491E+00   4.0783939E+00   3.4310700E+00   3.4407099E+00   2.7151235E+00   2.2312398E+00   2.1451466E+00
   6.1000000E+02   1.1512314E+10   2.4950000E-01   3.7197100E+00   3.3110000E-01   1.0000000E+00   1.1760000E-01   1.0000000E-05   0.0000000E+00   0.0000000E+00   6.9992000E-01   2.8009000E-01   3.4600000E-03   1.0543000E-03   9.6400000E-03   1.9800000E-03   5.1647962E+00   4.8300968E+00   4.0797977E+00   3.4313009E+00   3.4404424E+00   2.7110309E+00   2.2233832E+00   2.1366833E+00
   6.2000000E+02   1.1526538E+10   2.5279000E-01   3.7181500E+00   3.3141000E-01   1.0000000E+00   1.1856000E-01   1.0000000E-05   0.0000000E+00   0.0000000E+00   6.9987000E-01   2.8013000E-01   3.4600000E-03   1.0543000E-03   9.6400000E-03   1.9800000E-03   5.1809030E+00   4.8371269E+00   4.0817562E+00   3.4310622E+00   3.4388548E+00   2.7054900E+00   2.2155828E+00   2.1283019E+00
   6.3000000E+02   1.1540186E+10   2.5613000E-01   3.7165700E+00   3.3177000E-01   1.0000000E+00   1.1952000E-01   1.0000000E-05   0.0000000E+00   0.0000000E+00   6.9984000E-01   2.8016000E-01   3.4600000E-03   1.0543000E-03   9.6400000E-03   1.9800000E-03   5.1979692E+00   4.8444959E+00   4.0837494E+00   3.4307166E+00   3.4370799E+00   2.6996190E+00   2.2073730E+00   2.1194852E+00
   6.4000000E+02   1.1553331E+10   2.5955000E-01   3.7149700E+00   3.3224000E-01   1.0000000E+00   1.2056000E-01   1.0000000E-05   0.0000000E+00   0.0000000E+00   6.9981000E-01   2.8019000E-01   3.4600000E-03   1.0543000E-03   9.6400000E-03   1.9800000E-03   5.2159447E+00   4.8520896E+00   4.0856385E+00   3.4301148E+00   3.4349631E+00   2.6932574E+00   2.1985902E+00   2.1100688E+00
   6.5000000E+02   1.1566036E+10   2.6306000E-01   3.7133700E+00   3.3285000E-01   1.0000000E+00   1.2147000E-01   1.0000000E-05   0.0000000E+00   0.0000000E+00   6.9978000E-01   2.8023000E-01   3.4599000E-03   1.0544000E-03   9.6400000E-03   1.9800000E-03   5.2346134E+00   4.8597586E+00   4.0873213E+00   3.4291753E+00   3.4324366E+00   2.6863853E+00   2.1892420E+00   2.1000670E+00
   6.6000000E+02   1.1578362E+10   2.6665000E-01   3.7117700E+00   3.3364000E-01   1.0000000E+00   1.2238000E-01   1.0000000E-05   0.0000000E+00   0.0000000E+00   6.9973000E-01   2.8027000E-01   3.4599000E-03   1.0544000E-03   9.6401000E-03   1.9800000E-03   5.2539618E+00   4.8674310E+00   4.0887060E+00   3.4277984E+00   3.4293970E+00   2.6788963E+00   2.1792210E+00   2.0893716E+00
   6.7000000E+02   1.1590399E+10   2.7037000E-01   3.7101900E+00   3.3474000E-01   1.0000000E+00   1.2336000E-01   1.0000000E-05   0.0000000E+00   0.0000000E+00   6.9968000E-01   2.8032000E-01   3.4598000E-03   1.0545000E-03   9.6401000E-03   1.9800000E-03   5.2734899E+00   4.8746939E+00   4.0894365E+00   3.4256517E+00   3.4255272E+00   2.6705265E+00   2.1682923E+00   2.0777552E+00
   6.8000000E+02   1.1602249E+10   2.7421000E-01   3.7086400E+00   3.3622000E-01   1.0000000E+00   1.2430000E-01   1.0000000E-05   0.0000000E+00   0.0000000E+00   6.9962000E-01   2.8038000E-01   3.4597000E-03   1.0546000E-03   9.6401000E-03   1.9800000E-03   5.2929404E+00   4.8813261E+00   4.0893206E+00   3.4225560E+00   3.4206567E+00   2.6611347E+00   2.1563313E+00   2.0650969E+00
   6.9000000E+02   1.1613927E+10   2.7818000E-01   3.7071000E+00   3.3800000E-01   1.0000000E+00   1.2520000E-01   1.0000000E-05   0.0000000E+00   0.0000000E+00   6.9955000E-01   2.8045000E-01   3.4596000E-03   1.0548000E-03   9.6401000E-03   1.9800000E-03   5.3128776E+00   4.8876766E+00   4.0886082E+00   3.4187189E+00   3.4149690E+00   2.6508471E+00   2.1434319E+00   2.0514819E+00
   7.0000000E+02   1.1625499E+10   2.8228000E-01   3.7055800E+00   3.4015000E-01   1.0000000E+00   1.2615000E-01   1.0000000E-05   0.0000000E+00   0.0000000E+00   6.9947000E-01   2.8053000E-01   3.4594000E-03   1.0551000E-03   9.6401000E-03   1.9800000E-03   5.3330677E+00   4.8935304E+00   4.0871090E+00   3.4139614E+00   3.4082929E+00   2.6395214E+00   2.1294676E+00   2.0367876E+00
   7.1000000E+02   1.1636992E+10   2.8651000E-01   3.7041000E+00   3.4266000E-01   1.0000000E+00   1.2714000E-01   1.0000000E-05   0.0000000E+00   0.0000000E+00   6.9928000E-01   2.8073000E-01   3.4587000E-03   1.0558000E-03   9.6401000E-03   1.9800000E-03   5.3532766E+00   4.8987881E+00   4.0848044E+00   3.4082995E+00   3.4006661E+00   2.6272580E+00   2.1145730E+00   2.0211573E+00
   7.2000000E+02   1.1648452E+10   2.9089000E-01   3.7026400E+00   3.4560000E-01   1.0000000E+00   1.2806000E-01   1.0000000E-05   0.0000000E+00   0.0000000E+00   6.9907000E-01   2.8093000E-01   3.4579000E-03   1.0568000E-03   9.6401000E-03   1.9800000E-03   5.3737448E+00   4.9034383E+00   4.0815735E+00   3.4015663E+00   3.3918956E+00   2.6138043E+00   2.0984621E+00   2.0042959E+00
   7.3000000E+02   1.1659963E+10   2.9547000E-01   3.7012200E+00   3.4904000E-01   1.0000000E+00   1.2899000E-01   1.0000000E-05   0.0000000E+00   0.0000000E+00   6.9891000E-01   2.8109000E-01   3.4570000E-03   1.0579000E-03   9.6401000E-03   1.9800000E-03   5.3940355E+00   4.9071834E+00   4.0771996E+00   3.3935770E+00   3.3818169E+00   2.5990601E+00   2.0810684E+00   1.9861447E+00
   7.4000000E+02   1.1671532E+10   3.0022000E-01   3.6998200E+00   3.5299000E-01   1.0000000E+00   1.3002000E-01   1.0000000E-05   0.0000000E+00   0.0000000E+00   6.9873000E-01   2.8128000E-01   3.4558000E-03   1.0593000E-03   9.6401000E-03   1.9800000E-03   5.4145811E+00   4.9101688E+00   4.0717121E+00   3.3843152E+00   3.3703878E+00   2.5829226E+00   2.0622557E+00   1.9665588E+00
   7.5000000E+02   1.1683200E+10   3.0518000E-01   3.6984800E+00   3.5751000E-01   1.0000000E+00   1.3099000E-01   1.0000000E-05   0.0000000E+00   0.0000000E+00   6.9852000E-01   2.8148000E-01   3.4541000E-03   1.0612000E-03   9.6401000E-03   1.9800000E-03   5.3859028E+00   4.8854424E+00   4.0542401E+00   3.3741729E+00   3.3642399E+00   2.5752820E+00   2.0556910E+00   1.9613635E+00
   7.6000000E+02   1.1695037E+10   3.1038000E-01   3.6972100E+00   3.6283000E-01   1.0000000E+00   1.3194000E-01   1.0000000E-05   0.0000000E+00   0.0000000E+00   6.9828000E-01   2.8172000E-01   3.4520000E-03   1.0637000E-03   9.6402000E-03   1.9800000E-03   5.3888217E+00   4.8798780E+00   4.0443422E+00   3.3617113E+00   3.3503673E+00   2.5581227E+00   2.0365163E+00   1.9415043E+00
   7.7000000E+02   1.1707074E+10   3.1582000E-01   3.6960000E+00   3.6886000E-01   1.0000000E+00   1.3296000E-01   1.0000000E-05   0.0000000E+00   0.0000000E+00   6.9801000E-01   2.8199000E-01   3.4493000E-03   1.0668000E-03   9.6402000E-03   1.9800000E-03   5.3899908E+00   4.8725359E+00   4.0326778E+00   3.3474468E+00   3.3346845E+00   2.5392770E+00   2.0156637E+00   1.9199670E+00
   7.8000000E+02   1.1719315E+10   3.2148000E-01   3.6948400E+00   3.7557000E-01   1.0000000E+00   1.3407000E-01   1.0000000E-05   0.0000000E+00   0.0000000E+00   6.9771000E-01   2.8230000E-01   3.4458000E-03   1.0709000E-03   9.6402000E-03   1.9800000E-03   5.3895902E+00   4.8635419E+00   4.0193446E+00   3.3314593E+00   3.3172621E+00   2.5187950E+00   1.9931696E+00   1.8967833E+00
   7.9000000E+02   1.1731644E+10   3.2720000E-01   3.6938000E+00   3.8282000E-01   1.0000000E+00   1.3509000E-01   1.0000000E-05   0.0000000E+00   0.0000000E+00   6.9689000E-01   2.8311000E-01   3.4352000E-03   1.0833000E-03   9.6402000E-03   1.9801000E-03   5.3869062E+00   4.8527463E+00   4.0044730E+00   3.3140486E+00   3.2984910E+00   2.4972611E+00   1.9697444E+00   1.8727068E+00
   8.0000000E+02   1.1744136E+10   3.3322000E-01   3.6927900E+00   3.9083000E-01   1.0000000E+00   1.3613000E-01   1.0000000E-05   0.0000000E+00   0.0000000E+00   6.9637000E-01   2.8363000E-01   3.4271000E-03   1.0929000E-03   9.6403000E-03   1.9801000E-03   5.3826288E+00   4.8401872E+00   3.9877726E+00   3.2947244E+00   3.2777733E+00   2.4738437E+00   1.9444050E+00   1.8467026E+00
   8.1000000E+02   1.1756683E+10   3.3943000E-01   3.6918500E+00   3.9948000E-01   1.0000000E+00   1.3725000E-01   1.0000000E-05   0.0000000E+00   0.0000000E+00   6.9588000E-01   2.8412000E-01   3.4186000E-03   1.1028000E-03   9.6403000E-03   1.9801000E-03   5.3764181E+00   4.8258654E+00   3.9694121E+00   3.2737575E+00   3.2554343E+00   2.4489806E+00   1.9176641E+00   1.8193090E+00
   8.2000000E+02   1.1769253E+10   3.4578000E-01   3.6909800E+00   4.0872000E-01   1.0000000E+00   1.3840000E-01   1.0000000E-05   0.0000000E+00   0.0000000E+00   6.9535000E-01   2.8465000E-01   3.4088000E-03   1.1142000E-03   9.6403000E-03   1.9801000E-03   5.3683174E+00   4.8098696E+00   3.9494999E+00   3.2512709E+00   3.2316044E+00   2.4228072E+00   1.8896654E+00   1.7906729E+00
   8.3000000E+02   1.1781854E+10   3.5228000E-01   3.6901800E+00   4.1852000E-01   1.0000000E+00   1.3947000E-01   1.0000000E-05   0.0000000E+00   0.0000000E+00   6.9478000E-01   2.8521000E-01   3.3976000E-03   1.1273000E-03   9.6404000E-03   1.9801000E-03   5.3583226E+00   4.7922413E+00   3.9280965E+00   3.2273380E+00   3.2063629E+00   2.3954081E+00   1.8605001E+00   1.7608878E+00
   8.4000000E+02   1.1794414E+10   3.5893000E-01   3.6894800E+00   4.2903000E-01   1.0000000E+00   1.4056000E-01   1.0000000E-05   0.0000000E+00   0.0000000E+00   6.9418000E-01   2.8581000E-01   3.3852000E-03   1.1418000E-03   9.6404000E-03   1.9801000E-03   5.3454485E+00   4.7723287E+00   3.9047057E+00   3.2015597E+00   3.1793613E+00   2.3665233E+00   1.8299736E+00   1.7297817E+00
   8.5000000E+02   1.1806981E+10   3.6571000E-01   3.6888400E+00   4.4003000E-01   1.0000000E+00   1.4172000E-01   1.0000000E-05   0.0000000E+00   0.0000000E+00   6.9355000E-01   2.8644000E-01   3.3715000E-03   1.1578000E-03   9.6405000E-03   1.9801000E-03   5.3308264E+00   4.7509520E+00   3.8799953E+00   3.1745141E+00   3.1511292E+00   2.3365745E+00   1.7984410E+00   1.6976872E+00
   8.6000000E+02   1.1819471E+10   3.7229000E-01   3.6883300E+00   4.5114000E-01   1.0000000E+00   1.4293000E-01   1.0000000E-05   0.0000000E+00   0.0000000E+00   6.9213000E-01   2.8785000E-01   3.3393000E-03   1.1955000E-03   9.6405000E-03   1.9801000E-03   5.3139495E+00   4.7283874E+00   3.8546138E+00   3.1470987E+00   3.1226904E+00   2.3067817E+00   1.7672881E+00   1.6660480E+00
   8.7000000E+02   1.1831957E+10   3.7911000E-01   3.6878400E+00   4.6281000E-01   1.0000000E+00   1.4405000E-01   1.0000000E-05   0.0000000E+00   0.0000000E+00   6.9099000E-01   2.8899000E-01   3.3120000E-03   1.2273000E-03   9.6406000E-03   1.9801000E-03   5.2957115E+00   4.7044496E+00   3.8278547E+00   3.1182683E+00   3.0928249E+00   2.2756228E+00   1.7347590E+00   1.6330272E+00
   8.8000000E+02   1.1844497E+10   3.8624000E-01   3.6873600E+00   4.7515000E-01   1.0000000E+00   1.4519000E-01   1.0000000E-05   0.0000000E+00   0.0000000E+00   6.9016000E-01   2.8982000E-01   3.2916000E-03   1.2513000E-03   9.6406000E-03   1.9801000E-03   5.2760453E+00   4.6789611E+00   3.7994869E+00   3.0877549E+00   3.0612462E+00   2.2427846E+00   1.7005164E+00   1.5982790E+00
   8.9000000E+02   1.1857023E+10   3.9351000E-01   3.6869100E+00   4.8791000E-01   1.0000000E+00   1.4638000E-01   1.0000000E-05   0.0000000E+00   0.0000000E+00   6.8931000E-01   2.9066000E-01   3.2704000E-03   1.2760000E-03   9.6407000E-03   1.9802000E-03   5.2551342E+00   4.6523399E+00   3.7700416E+00   3.0561686E+00   3.0286044E+00   2.2089726E+00   1.6653178E+00   1.5625794E+00
   9.0000000E+02   1.1869505E+10   4.0090000E-01   3.6865100E+00   5.0109000E-01   1.0000000E+00   1.4765000E-01   1.0000000E-05   0.0000000E+00   0.0000000E+00   6.8844000E-01   2.9153000E-01   3.2485000E-03   1.3016000E-03   9.6407000E-03   1.9802000E-03   5.2325279E+00   4.6243820E+00   3.7394286E+00   3.0234939E+00   2.9949214E+00   2.1742662E+00   1.6292911E+00   1.5260730E+00
   9.1000000E+02   1.1881925E+10   4.0844000E-01   3.6861400E+00   5.1468000E-01   1.0000000E+00   1.4888000E-01   1.0000000E-05   0.0000000E+00   0.0000000E+00   6.8755000E-01   2.9241000E-01   3.2260000E-03   1.3280000E-03   9.6407000E-03   1.9802000E-03   5.2086211E+00   4.5952820E+00   3.7077474E+00   2.9897705E+00   2.9602061E+00   2.1386185E+00   1.5923486E+00   1.4886581E+00
   9.2000000E+02   1.1894269E+10   4.1612000E-01   3.6858100E+00   5.2872000E-01   1.0000000E+00   1.5007000E-01   1.0000000E-05   0.0000000E+00   0.0000000E+00   6.8664000E-01   2.9332000E-01   3.2031000E-03   1.3547000E-03   9.6407000E-03   1.9802000E-03   5.1830606E+00   4.5648258E+00   3.6748474E+00   2.9548905E+00   2.9243718E+00   2.1019716E+00   1.5544589E+00   1.4503127E+00
   9.3000000E+02   1.1906530E+10   4.2394000E-01   3.6855000E+00   5.4311000E-01   1.0000000E+00   1.5129000E-01   1.0000000E-05   0.0000000E+00   0.0000000E+00   6.8572000E-01   2.9423000E-01   3.1799000E-03   1.3819000E-03   9.6407000E-03   1.9802000E-03   5.1564923E+00   4.5334424E+00   3.6410568E+00   2.9191192E+00   2.8876514E+00   2.0645017E+00   1.5157564E+00   1.4111569E+00
   9.4000000E+02   1.1918677E+10   4.3171000E-01   3.6852300E+00   5.5760000E-01   1.0000000E+00   1.5256000E-01   1.0000000E-05   0.0000000E+00   0.0000000E+00   6.8445000E-01   2.9550000E-01   3.1481000E-03   1.4191000E-03   9.6407000E-03   1.9802000E-03   5.1290003E+00   4.5015050E+00   3.6068853E+00   2.8830667E+00   2.8507041E+00   2.0269219E+00   1.4770167E+00   1.3719887E+00
   9.5000000E+02   1.1930625E+10   4.3897000E-01   3.6850800E+00   5.7151000E-01   1.0000000E+00   1.5390000E-01   1.0000000E-05   0.0000000E+00   0.0000000E+00   6.8221000E-01   2.9773000E-01   3.0926000E-03   1.4841000E-03   9.6407000E-03   1.9803000E-03   5.1002091E+00   4.4697599E+00   3.5736016E+00   2.8483736E+00   2.8153514E+00   1.9912723E+00   1.4405107E+00   1.3351605E+00
   9.6000000E+02   1.1942576E+10   4.4712000E-01   3.6848200E+00   5.8675000E-01   1.0000000E+00   1.5518000E-01   1.0000000E-05   0.0000000E+00   0.0000000E+00   6.8119000E-01   2.9875000E-01   3.0681000E-03   1.5129000E-03   9.6407000E-03   1.9803000E-03   5.0711179E+00   4.4360923E+00   3.5376336E+00   2.8104355E+00   2.7764839E+00   1.9518146E+00   1.3998529E+00   1.2940582E+00
   9.7000000E+02   1.1954406E+10   4.5542000E-01   3.6845600E+00   6.0231000E-01   1.0000000E+00   1.5645000E-01   1.0000000E-05   0.0000000E+00   0.0000000E+00   6.8020000E-01   2.9973000E-01   3.0448000E-03   1.5402000E-03   9.6406000E-03   1.9803000E-03   5.0415091E+00   4.4017589E+00   3.5009315E+00   2.7716959E+00   2.7367871E+00   1.9115344E+00   1.3583401E+00   1.2520886E+00
   9.8000000E+02   1.1966069E+10   4.6385000E-01   3.6843000E+00   6.1815000E-01   1.0000000E+00   1.5773000E-01   1.0000000E-05   0.0000000E+00   0.0000000E+00   6.7924000E-01   3.0069000E-01   3.0223000E-03   1.5666000E-03   9.6405000E-03   1.9803000E-03   5.0114863E+00   4.3668595E+00   3.4635947E+00   2.7322550E+00   2.6963617E+00   1.8705322E+00   1.3160735E+00   1.2093533E+00
   9.9000000E+02   1.1977580E+10   4.7241000E-01   3.6840400E+00   6.3424000E-01   1.0000000E+00   1.5906000E-01   1.0000000E-05   0.0000000E+00   0.0000000E+00   6.7829000E-01   3.0163000E-01   3.0006000E-03   1.5921000E-03   9.6405000E-03   1.9803000E-03   5.0430127E+00   4.3618699E+00   3.4373581E+00   2.6916816E+00   2.6485239E+00   1.8194824E+00   1.2607134E+00   1.1516240E+00
   1.0000000E+03   1.1988930E+10   4.8110000E-01   3.6837800E+00   6.5059000E-01   1.0000000E+00   1.6045000E-01   1.0000000E-05   0.0000000E+00   0.0000000E+00   6.7736000E-01   3.0256000E-01   2.9798000E-03   1.6165000E-03   9.6404000E-03   1.9803000E-03   5.0086817E+00   4.3238520E+00   3.3976600E+00   2.6509824E+00   2.6073429E+00   1.7776718E+00   1.2182378E+00   1.1089129E+00
   1.0100000E+03   1.2000067E+10   4.8993000E-01   3.6835200E+00   6.6718000E-01   1.0000000E+00   1.6184000E-01   1.0000000E-05   0.0000000E+00   0.0000000E+00   6.7646000E-01   3.0346000E-01   2.9600000E-03   1.6399000E-03   9.6403000E-03   1.9803000E-03   4.9739055E+00   4.2852983E+00   3.3573817E+00   2.6096819E+00   2.5655504E+00   1.7352484E+00   1.1751426E+00   1.0655784E+00
   1.0200000E+03   1.2010995E+10   4.9889000E-01   3.6832400E+00   6.8399000E-01   1.0000000E+00   1.6316000E-01   1.0000000E-05   0.0000000E+00   0.0000000E+00   6.7559000E-01   3.0433000E-01   2.9411000E-03   1.6621000E-03   9.6401000E-03   1.9804000E-03   4.9391292E+00   4.2464196E+00   3.3166459E+00   2.5678468E+00   2.5231874E+00   1.6922033E+00   1.1313753E+00   1.0215549E+00
   1.0300000E+03   1.2021748E+10   5.0796000E-01   3.6829600E+00   7.0100000E-01   1.0000000E+00   1.6451000E-01   1.0000000E-05   0.0000000E+00   0.0000000E+00   6.7474000E-01   3.0517000E-01   2.9232000E-03   1.6831000E-03   9.6400000E-03   1.9804000E-03   4.9040255E+00   4.2071102E+00   3.2754314E+00   2.5255105E+00   2.4803124E+00   1.6486446E+00   1.0870873E+00   9.7700671E-01
   1.0400000E+03   1.2032268E+10   5.1717000E-01   3.6826600E+00   7.1823000E-01   1.0000000E+00   1.6588000E-01   1.0000000E-05   0.0000000E+00   0.0000000E+00   6.7393000E-01   3.0597000E-01   2.9065000E-03   1.7029000E-03   9.6398000E-03   1.9804000E-03   4.8689635E+00   4.1674905E+00   3.2337639E+00   2.4826396E+00   2.4368648E+00   1.6044615E+00   1.0421232E+00   9.3176479E-01
   1.0500000E+03   1.2042552E+10   5.2650000E-01   3.6823500E+00   7.3565000E-01   1.0000000E+00   1.6728000E-01   1.0000000E-05   0.0000000E+00   0.0000000E+00   6.7317000E-01   3.0674000E-01   2.8908000E-03   1.7214000E-03   9.6397000E-03   1.9804000E-03   4.8338361E+00   4.1275596E+00   3.1916833E+00   2.4393008E+00   2.3929238E+00   1.5597578E+00   9.9660822E-01   8.8596099E-01
   1.0600000E+03   1.2052631E+10   5.3595000E-01   3.6820300E+00   7.5324000E-01   1.0000000E+00   1.6873000E-01   1.0000000E-05   0.0000000E+00   0.0000000E+00   6.7244000E-01   3.0746000E-01   2.8763000E-03   1.7386000E-03   9.6395000E-03   1.9804000E-03   4.7987129E+00   4.0873739E+00   3.1492415E+00   2.3955440E+00   2.3485385E+00   1.5145825E+00   9.5059095E-01   8.3964347E-01
   1.0700000E+03   1.2062478E+10   5.4552000E-01   3.6816800E+00   7.7101000E-01   1.0000000E+00   1.7016000E-01   1.0000000E-05   0.0000000E+00   0.0000000E+00   6.7176000E-01   3.0814000E-01   2.8629000E-03   1.7543000E-03   9.6394000E-03   1.9804000E-03   4.7640233E+00   4.0470897E+00   3.1064928E+00   2.3513611E+00   2.3036720E+00   1.4688475E+00   9.0393781E-01   7.9266485E-01
   1.0800000E+03   1.2072070E+10   5.5523000E-01   3.6813200E+00   7.8896000E-01   1.0000000E+00   1.7155000E-01   1.0000000E-05   0.0000000E+00   0.0000000E+00   6.7114000E-01   3.0876000E-01   2.8509000E-03   1.7686000E-03   9.6392000E-03   1.9804000E-03   4.7293805E+00   4.0065485E+00   3.0633648E+00   2.3067353E+00   2.2583332E+00   1.4226119E+00   8.5675135E-01   7.4514054E-01
   1.0900000E+03   1.2081374E+10   5.6512000E-01   3.6809200E+00   8.0717000E-01   1.0000000E+00   1.7294000E-01   1.0000000E-05   0.0000000E+00   0.0000000E+00   6.7065000E-01   3.0924000E-01   2.8416000E-03   1.7796000E-03   9.6391000E-03   1.9804000E-03   4.6953025E+00   3.9658358E+00   3.0197807E+00   2.2614917E+00   2.2123021E+00   1.3755785E+00   8.0866484E-01   6.9668233E-01
   1.1000000E+03   1.2090319E+10   5.7529000E-01   3.6804800E+00   8.2574000E-01   1.0000000E+00   1.7434000E-01   1.0000000E-05   0.0000000E+00   0.0000000E+00   6.7047000E-01   3.0943000E-01   2.8381000E-03   1.7837000E-03   9.6390000E-03   1.9804000E-03   4.6616476E+00   3.9247405E+00   2.9755022E+00   2.2153798E+00   2.1653227E+00   1.3274903E+00   7.5941745E-01   6.4702739E-01
   1.1100000E+03   1.2099054E+10   5.8548000E-01   3.6800300E+00   8.4434000E-01   1.0000000E+00   1.7578000E-01   1.0000000E-05   0.0000000E+00   0.0000000E+00   6.7020000E-01   3.0970000E-01   2.8330000E-03   1.7898000E-03   9.6390000E-03   1.9804000E-03   4.6285452E+00   3.8837984E+00   2.9312300E+00   2.1692010E+00   2.1182434E+00   1.2792711E+00   7.1000424E-01   5.9719366E-01
   1.1200000E+03   1.2107570E+10   5.9573000E-01   3.6795700E+00   8.6299000E-01   1.0000000E+00   1.7724000E-01   1.0000000E-05   0.0000000E+00   0.0000000E+00   6.6986000E-01   3.1004000E-01   2.8267000E-03   1.7972000E-03   9.6389000E-03   1.9804000E-03   4.5959924E+00   3.8429746E+00   2.8869184E+00   2.1229049E+00   2.0710120E+00   1.2308685E+00   6.6037156E-01   5.4712681E-01
   1.1300000E+03   1.2115864E+10   6.0604000E-01   3.6791000E+00   8.8171000E-01   1.0000000E+00   1.7874000E-01   1.0000000E-05   0.0000000E+00   0.0000000E+00   6.6949000E-01   3.1040000E-01   2.8200000E-03   1.8052000E-03   9.6387000E-03   1.9804000E-03   4.5639796E+00   3.8022300E+00   2.8425203E+00   2.0764417E+00   2.0235775E+00   1.1822310E+00   6.1046730E-01   4.9677447E-01
   1.1400000E+03   1.2123953E+10   6.1646000E-01   3.6786100E+00   9.0058000E-01   1.0000000E+00   1.8017000E-01   1.0000000E-05   0.0000000E+00   0.0000000E+00   6.6914000E-01   3.1075000E-01   2.8135000E-03   1.8129000E-03   9.6386000E-03   1.9804000E-03   4.5326281E+00   3.7614847E+00   2.7978841E+00   2.0296198E+00   1.9757300E+00   1.1331222E+00   5.6002974E-01   4.4586678E-01
   1.1500000E+03   1.2131799E+10   6.2696000E-01   3.6780900E+00   9.1954000E-01   1.0000000E+00   1.8161000E-01   1.0000000E-05   0.0000000E+00   0.0000000E+00   6.6881000E-01   3.1108000E-01   2.8075000E-03   1.8201000E-03   9.6385000E-03   1.9804000E-03   4.5024238E+00   3.7210085E+00   2.7532082E+00   1.9825981E+00   1.9276110E+00   1.0836559E+00   5.0914817E-01   3.9448540E-01
   1.1600000E+03   1.2139395E+10   6.3758000E-01   3.6775600E+00   9.3862000E-01   1.0000000E+00   1.8307000E-01   1.0000000E-05   0.0000000E+00   0.0000000E+00   6.6852000E-01   3.1137000E-01   2.8023000E-03   1.8263000E-03   9.6384000E-03   1.9805000E-03   4.4728551E+00   3.6805486E+00   2.7083383E+00   1.9352842E+00   1.8791568E+00   1.0338205E+00   4.5785647E-01   3.4267795E-01
   1.1700000E+03   1.2146656E+10   6.4841000E-01   3.6769800E+00   9.5796000E-01   1.0000000E+00   1.8452000E-01   1.0000000E-05   0.0000000E+00   0.0000000E+00   6.6842000E-01   3.1147000E-01   2.8005000E-03   1.8283000E-03   9.6384000E-03   1.9805000E-03   4.4448302E+00   3.6402235E+00   2.6631152E+00   1.8873627E+00   1.8299809E+00   9.8312175E-01   4.0556062E-01   2.8981872E-01
   1.1800000E+03   1.2153700E+10   6.5928000E-01   3.6763800E+00   9.7732000E-01   1.0000000E+00   1.8600000E-01   1.0000000E-05   0.0000000E+00   0.0000000E+00   6.6832000E-01   3.1157000E-01   2.7988000E-03   1.8304000E-03   9.6384000E-03   1.9805000E-03   4.3452135E+00   3.5676976E+00   2.6089036E+00   1.8410933E+00   1.7877260E+00   9.3871611E-01   3.6285697E-01   2.4880859E-01
   1.1900000E+03   1.2160547E+10   6.7019000E-01   3.6757700E+00   9.9671000E-01   1.0000000E+00   1.8752000E-01   1.0000000E-05   0.0000000E+00   0.0000000E+00   6.6820000E-01   3.1169000E-01   2.7965000E-03   1.8331000E-03   9.6383000E-03   1.9805000E-03   4.3056085E+00   3.5241940E+00   2.5634283E+00   1.7936360E+00   1.7391124E+00   8.8859344E-01   3.1104329E-01   1.9648581E-01
   1.2000000E+03   1.2167171E+10   6.8123000E-01   3.6751400E+00   1.0162500E+00   1.0000000E+00   1.8904000E-01   1.0000000E-05   0.0000000E+00   0.0000000E+00   6.6806000E-01   3.1183000E-01   2.7942000E-03   1.8359000E-03   9.6383000E-03   1.9805000E-03   4.2662136E+00   3.4806270E+00   2.5177482E+00   1.7458523E+00   1.6901028E+00   8.3801695E-01   2.5868881E-01   1.4359407E-01
   1.2100000E+03   1.2173586E+10   6.9233000E-01   3.6744900E+00   1.0358400E+00   1.0000000E+00   1.9051000E-01   1.0000000E-05   0.0000000E+00   0.0000000E+00   6.6794000E-01   3.1195000E-01   2.7919000E-03   1.8386000E-03   9.6382000E-03   1.9805000E-03   4.2273129E+00   3.4372622E+00   2.4721203E+00   1.6979935E+00   1.6409460E+00   7.8723440E-01   2.0603908E-01   9.0378258E-02
   1.2200000E+03   1.2179798E+10   7.0353000E-01   3.6738100E+00   1.0555300E+00   1.0000000E+00   1.9199000E-01   1.0000000E-05   0.0000000E+00   0.0000000E+00   6.6786000E-01   3.1203000E-01   2.7906000E-03   1.8402000E-03   9.6382000E-03   1.9805000E-03   4.1889779E+00   3.3940792E+00   2.4264799E+00   1.6499538E+00   1.5915131E+00   7.3609032E-01   1.5290741E-01   3.6642266E-02
   1.2300000E+03   1.2185760E+10   7.1481000E-01   3.6731000E+00   1.0752800E+00   1.0000000E+00   1.9348000E-01   1.0000000E-05   0.0000000E+00   0.0000000E+00   6.6784000E-01   3.1205000E-01   2.7902000E-03   1.8407000E-03   9.6382000E-03   1.9805000E-03   4.1513633E+00   3.3512023E+00   2.3809382E+00   1.6018357E+00   1.5419021E+00   6.8468116E-01   9.9386851E-02  -1.7521903E-02
   1.2400000E+03   1.2191538E+10   7.2614000E-01   3.6723800E+00   1.0950500E+00   1.0000000E+00   1.9499000E-01   1.0000000E-05   0.0000000E+00   0.0000000E+00   6.6781000E-01   3.1208000E-01   2.7896000E-03   1.8413000E-03   9.6382000E-03   1.9805000E-03   4.1948613E+00   3.3447809E+00   2.3457478E+00   1.5520812E+00   1.4846995E+00   6.2638814E-01   3.5342759E-02  -8.4642621E-02
   1.2500000E+03   1.2197131E+10   7.3754000E-01   3.6716400E+00   1.1148900E+00   1.0000000E+00   1.9652000E-01   1.0000000E-05   0.0000000E+00   0.0000000E+00   6.6778000E-01   3.1211000E-01   2.7891000E-03   1.8420000E-03   9.6382000E-03   1.9805000E-03   4.1563681E+00   3.3011485E+00   2.2997984E+00   1.5038555E+00   1.4351294E+00   5.7483913E-01  -1.8156750E-02  -1.3867899E-01
   1.2600000E+03   1.2202556E+10   7.4901000E-01   3.6708800E+00   1.1347700E+00   1.0000000E+00   1.9807000E-01   1.0000000E-05   0.0000000E+00   0.0000000E+00   6.6775000E-01   3.1214000E-01   2.7886000E-03   1.8426000E-03   9.6381000E-03   1.9805000E-03   4.1184442E+00   3.2577189E+00   2.2538849E+00   1.4555829E+00   1.3854595E+00   5.2310425E-01  -7.1888431E-02  -1.9295946E-01
   1.2700000E+03   1.2207809E+10   7.6049000E-01   3.6701000E+00   1.1546100E+00   1.0000000E+00   1.9966000E-01   1.0000000E-05   0.0000000E+00   0.0000000E+00   6.6774000E-01   3.1215000E-01   2.7884000E-03   1.8428000E-03   9.6381000E-03   1.9805000E-03   4.0813295E+00   3.2147061E+00   2.2082120E+00   1.4074652E+00   1.3358899E+00   4.7138104E-01  -1.2565514E-01  -2.4728694E-01
   1.2800000E+03   1.2212895E+10   7.7196000E-01   3.6693000E+00   1.1743700E+00   1.0000000E+00   2.0120000E-01   1.0000000E-05   0.0000000E+00   0.0000000E+00   6.6773000E-01   3.1215000E-01   2.7883000E-03   1.8429000E-03   9.6381000E-03   1.9805000E-03   4.0451681E+00   3.1722253E+00   2.1628848E+00   1.3596041E+00   1.2865204E+00   4.1976682E-01  -1.7935985E-01  -3.0156439E-01
   1.2900000E+03   1.2217834E+10   7.8340000E-01   3.6684900E+00   1.1940000E+00   1.0000000E+00   2.0276000E-01   1.0000000E-05   0.0000000E+00   0.0000000E+00   6.6773000E-01   3.1215000E-01   2.7883000E-03   1.8429000E-03   9.6381000E-03   1.9805000E-03   4.0099675E+00   3.1303305E+00   2.1179805E+00   1.3121068E+00   1.2374757E+00   3.6841130E-01  -2.3282584E-01  -3.5560769E-01
   1.3000000E+03   1.2222636E+10   7.9482000E-01   3.6676700E+00   1.2135500E+00   1.0000000E+00   2.0433000E-01   1.0000000E-05   0.0000000E+00   0.0000000E+00   6.6773000E-01   3.1216000E-01   2.7883000E-03   1.8429000E-03   9.6381000E-03   1.9805000E-03   3.9756407E+00   3.0889086E+00   2.0733773E+00   1.2648496E+00   1.1886307E+00   3.1718768E-01  -2.8617994E-01  -4.0954364E-01
   1.3100000E+03   1.2227317E+10   8.0614000E-01   3.6668400E+00   1.2328900E+00   1.0000000E+00   2.0593000E-01   1.0000000E-05   0.0000000E+00   0.0000000E+00   6.6773000E-01   3.1216000E-01   2.7883000E-03   1.8429000E-03   9.6381000E-03   1.9805000E-03   3.9425475E+00   3.0482949E+00   2.0294048E+00   1.2181588E+00   1.1403104E+00   2.6641978E-01  -3.3909937E-01  -4.6304971E-01
   1.3200000E+03   1.2231907E+10   8.1729000E-01   3.6660100E+00   1.2518700E+00   1.0000000E+00   2.0757000E-01   1.0000000E-05   0.0000000E+00   0.0000000E+00   6.6773000E-01   3.1216000E-01   2.7883000E-03   1.8429000E-03   9.6381000E-03   1.9805000E-03   3.9109166E+00   3.0087820E+00   1.9863872E+00   1.1723903E+00   1.0928896E+00   2.1651023E-01  -3.9115523E-01  -5.1568983E-01
   1.3300000E+03   1.2236452E+10   8.2814000E-01   3.6652000E+00   1.2703200E+00   1.0000000E+00   2.0927000E-01   1.0000000E-05   0.0000000E+00   0.0000000E+00   6.6773000E-01   3.1216000E-01   2.7883000E-03   1.8429000E-03   9.6381000E-03   1.9805000E-03   3.8808083E+00   2.9706055E+00   1.9446406E+00   1.1279280E+00   1.0467923E+00   1.6794322E-01  -4.4181036E-01  -5.6691252E-01
   1.3400000E+03   1.2241021E+10   8.3856000E-01   3.6644100E+00   1.2880000E+00   1.0000000E+00   2.1105000E-01   1.0000000E-05   0.0000000E+00   0.0000000E+00   6.6773000E-01   3.1216000E-01   2.7883000E-03   1.8429000E-03   9.6381000E-03   1.9805000E-03   3.8527946E+00   2.9343533E+00   1.9047647E+00   1.0853712E+00   1.0026188E+00   1.2132260E-01  -4.9046336E-01  -6.1611706E-01
   1.3500000E+03   1.2245731E+10   8.4826000E-01   3.6636800E+00   1.3044800E+00   1.0000000E+00   2.1294000E-01   1.0000000E-05   0.0000000E+00   0.0000000E+00   6.6773000E-01   3.1216000E-01   2.7883000E-03   1.8429000E-03   9.6381000E-03   1.9805000E-03   3.8270929E+00   2.9006808E+00   1.8676053E+00   1.0457085E+00   9.6144257E-01   7.7849088E-02  -5.3580817E-01  -6.6196902E-01
   1.3600000E+03   1.2250875E+10   8.5650000E-01   3.6630800E+00   1.3185600E+00   1.0000000E+00   2.1503000E-01   1.0000000E-05   0.0000000E+00   0.0000000E+00   6.6773000E-01   3.1216000E-01   2.7883000E-03   1.8429000E-03   9.6381000E-03   1.9805000E-03   3.8050645E+00   2.8718109E+00   1.8357551E+00   1.0117852E+00   9.2626145E-01   4.0751092E-02  -5.7443559E-01  -7.0101058E-01
   1.3700000E+03   1.2256951E+10   8.6160000E-01   3.6627800E+00   1.3275800E+00   1.0000000E+00   2.1753000E-01   1.0000000E-05   0.0000000E+00   0.0000000E+00   6.6773000E-01   3.1216000E-01   2.7883000E-03   1.8429000E-03   9.6381000E-03   1.9805000E-03   3.7893590E+00   2.8525056E+00   1.8148722E+00   9.8987592E-01   9.0371987E-01   1.7231432E-02  -5.9870165E-01  -7.2547904E-01
   1.3800000E+03   1.2264079E+10   8.6202000E-01   3.6629300E+00   1.3290200E+00   1.0000000E+00   2.2042000E-01   1.0000000E-05   0.0000000E+00   0.0000000E+00   6.6773000E-01   3.1216000E-01   2.7883000E-03   1.8429000E-03   9.6381000E-03   1.9805000E-03   3.7826705E+00   2.8473768E+00   1.8103806E+00   9.8594792E-01   9.0011311E-01   1.4082435E-02  -6.0142755E-01  -7.2809157E-01
   1.3900000E+03   1.2271483E+10   8.6337000E-01   3.6630200E+00   1.3320400E+00   1.0000000E+00   2.2329000E-01   1.0000000E-05   0.0000000E+00   0.0000000E+00   6.6773000E-01   3.1216000E-01   2.7883000E-03   1.8429000E-03   9.6381000E-03   1.9805000E-03   3.7734019E+00   2.8389481E+00   1.8022761E+00   9.7819890E-01   8.9255811E-01   6.7899100E-03  -6.0844815E-01  -7.3503973E-01
   1.4000000E+03   1.2277849E+10   8.7062000E-01   3.6625400E+00   1.3446400E+00   1.0000000E+00   2.2566000E-01   1.0000000E-05   0.0000000E+00   0.0000000E+00   6.6773000E-01   3.1216000E-01   2.7883000E-03   1.8429000E-03   9.6381000E-03   1.9805000E-03   3.7528600E+00   2.8126439E+00   1.7734624E+00   9.4772821E-01   8.6107208E-01  -2.6258478E-02  -6.4270145E-01  -7.6961941E-01
   1.4100000E+03   1.2282891E+10   8.8108000E-01   3.6617300E+00   1.3623200E+00   1.0000000E+00   2.2755000E-01   1.0000000E-05   0.0000000E+00   0.0000000E+00   6.6773000E-01   3.1216000E-01   2.7883000E-03   1.8429000E-03   9.6381000E-03   1.9805000E-03   3.7275191E+00   2.7773395E+00   1.7338760E+00   9.0528842E-01   8.1689660E-01  -7.3085781E-02  -6.9158668E-01  -8.1906066E-01
   1.4200000E+03   1.2287159E+10   8.9285000E-01   3.6607700E+00   1.3820100E+00   1.0000000E+00   2.2912000E-01   1.0000000E-05   0.0000000E+00   0.0000000E+00   6.6773000E-01   3.1216000E-01   2.7883000E-03   1.8429000E-03   9.6381000E-03   1.9805000E-03   3.7015362E+00   2.7389447E+00   1.6902108E+00   8.5818288E-01   7.6770033E-01  -1.2547374E-01  -7.4641759E-01  -8.7455027E-01
   1.4300000E+03   1.2291012E+10   9.0526000E-01   3.6597200E+00   1.4026500E+00   1.0000000E+00   2.3059000E-01   1.0000000E-05   0.0000000E+00   0.0000000E+00   6.6773000E-01   3.1216000E-01   2.7883000E-03   1.8429000E-03   9.6381000E-03   1.9805000E-03   3.6765666E+00   2.6995703E+00   1.6448048E+00   8.0894290E-01   7.1613114E-01  -1.8059812E-01  -8.0421495E-01  -9.3306681E-01
   1.4400000E+03   1.2294593E+10   9.1800000E-01   3.6586300E+00   1.4237600E+00   1.0000000E+00   2.3201000E-01   1.0000000E-05   0.0000000E+00   0.0000000E+00   6.6773000E-01   3.1216000E-01   2.7883000E-03   1.8429000E-03   9.6381000E-03   1.9805000E-03   3.6529251E+00   2.6599403E+00   1.5985815E+00   7.5866454E-01   6.6338708E-01  -2.3710942E-01  -8.6349574E-01  -9.9309123E-01
   1.4500000E+03   1.2297981E+10   9.3094000E-01   3.6575000E+00   1.4451100E+00   1.0000000E+00   2.3341000E-01   1.0000000E-05   0.0000000E+00   0.0000000E+00   6.6773000E-01   3.1216000E-01   2.7883000E-03   1.8429000E-03   9.6381000E-03   1.9805000E-03   3.6314623E+00   2.6206988E+00   1.5521382E+00   7.0793014E-01   6.1004319E-01  -2.9444083E-01  -9.2369584E-01  -1.0540599E+00
   1.4600000E+03   1.2301221E+10   9.4404000E-01   3.6563300E+00   1.4666500E+00   1.0000000E+00   2.3483000E-01   1.0000000E-05   0.0000000E+00   0.0000000E+00   6.6773000E-01   3.1216000E-01   2.7883000E-03   1.8429000E-03   9.6381000E-03   1.9805000E-03   3.6126432E+00   2.5820523E+00   1.5056226E+00   6.5687249E-01   5.5622441E-01  -3.5247734E-01  -9.8470138E-01  -1.1158590E+00
   1.4700000E+03   1.2304336E+10   9.5729000E-01   3.6551400E+00   1.4883600E+00   1.0000000E+00   2.3626000E-01   1.0000000E-05   0.0000000E+00   0.0000000E+00   6.6773000E-01   3.1216000E-01   2.7883000E-03   1.8429000E-03   9.6381000E-03   1.9805000E-03   3.5963216E+00   2.5438810E+00   1.4589718E+00   6.0549972E-01   5.0197983E-01  -4.1111024E-01  -1.0463476E+00  -1.1783089E+00
   1.4800000E+03   1.2307343E+10   9.7059000E-01   3.6539200E+00   1.5101000E+00   1.0000000E+00   2.3771000E-01   1.0000000E-05   0.0000000E+00   0.0000000E+00   6.6773000E-01   3.1216000E-01   2.7883000E-03   1.8429000E-03   9.6381000E-03   1.9805000E-03   3.5868176E+00   2.5075540E+00   1.4123799E+00   5.5405997E-01   4.4755266E-01  -4.7022306E-01  -1.1082773E+00  -1.2410104E+00
   1.4900000E+03   1.2310239E+10   9.8396000E-01   3.6526800E+00   1.5318900E+00   1.0000000E+00   2.3919000E-01   1.0000000E-05   0.0000000E+00   0.0000000E+00   6.6773000E-01   3.1216000E-01   2.7883000E-03   1.8429000E-03   9.6381000E-03   1.9805000E-03   3.5591229E+00   2.4669484E+00   1.3667685E+00   5.0260651E-01   3.9283531E-01  -5.2800075E-01  -1.1696359E+00  -1.3037155E+00
   1.5000000E+03   1.2313025E+10   9.9739000E-01   3.6514200E+00   1.5537100E+00   9.9998000E-01   2.4069000E-01   1.0000000E-05   0.0000000E+00   0.0000000E+00   6.6773000E-01   3.1216000E-01   2.7883000E-03   1.8429000E-03   9.6381000E-03   1.9805000E-03   3.5224044E+00   2.4245470E+00   1.3207184E+00   4.5056704E-01   3.3736989E-01  -5.8494510E-01  -1.2295046E+00  -1.3653715E+00
   1.5100000E+03   1.2315709E+10   1.0109500E+00   3.6501300E+00   1.5756700E+00   9.9995000E-01   2.4220000E-01   1.0000000E-05   0.0000000E+00   0.0000000E+00   6.6773000E-01   3.1216000E-01   2.7883000E-03   1.8429000E-03   9.6381000E-03   1.9805000E-03   3.4867625E+00   2.3825600E+00   1.2747301E+00   3.9828802E-01   2.8151380E-01  -6.4236813E-01  -1.2899177E+00  -1.4276183E+00
   1.5200000E+03   1.2318300E+10   1.0245500E+00   3.6488300E+00   1.5976500E+00   9.9990000E-01   2.4371000E-01   1.0000000E-05   0.0000000E+00   0.0000000E+00   6.6773000E-01   3.1216000E-01   2.7883000E-03   1.8429000E-03   9.6381000E-03   1.9805000E-03   3.4523151E+00   2.3411350E+00   1.2289841E+00   3.4603292E-01   2.2558043E-01  -6.9993576E-01  -1.3504949E+00  -1.4900473E+00
   1.5300000E+03   1.2320791E+10   1.0382000E+00   3.6475000E+00   1.6196500E+00   9.9983000E-01   2.4525000E-01   1.0000000E-05   0.0000000E+00   0.0000000E+00   6.6773000E-01   3.1216000E-01   2.7883000E-03   1.8429000E-03   9.6381000E-03   1.9805000E-03   3.4194979E+00   2.3005299E+00   1.1836441E+00   2.9384784E-01   1.6955319E-01  -7.5769256E-01  -1.4113281E+00  -1.5527800E+00
   1.5400000E+03   1.2323184E+10   1.0518900E+00   3.6461600E+00   1.6416500E+00   9.9975000E-01   2.4680000E-01   1.0000000E-05   0.0000000E+00   0.0000000E+00   6.6773000E-01   3.1216000E-01   2.7883000E-03   1.8429000E-03   9.6381000E-03   1.9805000E-03   3.3881804E+00   2.2606375E+00   1.1386364E+00   2.4174505E-01   1.1349591E-01  -8.1555308E-01  -1.4722851E+00  -1.6156555E+00
   1.5500000E+03   1.2325477E+10   1.0657000E+00   3.6447900E+00   1.6637900E+00   9.9963000E-01   2.4837000E-01   1.0000000E-05   0.0000000E+00   0.0000000E+00   6.6773000E-01   3.1216000E-01   2.7883000E-03   1.8429000E-03   9.6381000E-03   1.9805000E-03   3.3585248E+00   2.2213947E+00   1.0937857E+00   1.8942308E-01   5.7041143E-02  -8.7391499E-01  -1.5338109E+00  -1.6791482E+00
   1.5600000E+03   1.2327693E+10   1.0795500E+00   3.6434000E+00   1.6859400E+00   9.9950000E-01   2.4996000E-01   1.0000000E-05   0.0000000E+00   0.0000000E+00   6.6773000E-01   3.1216000E-01   2.7883000E-03   1.8429000E-03   9.6381000E-03   1.9805000E-03   3.3308747E+00   2.1830869E+00   1.0493705E+00   1.3719107E-01   5.1988561E-04  -9.3243816E-01  -1.5955425E+00  -1.7428817E+00
   1.5700000E+03   1.2329820E+10   1.0934400E+00   3.6420000E+00   1.7081100E+00   9.9935000E-01   2.5158000E-01   1.0000000E-05   0.0000000E+00   0.0000000E+00   6.6773000E-01   3.1216000E-01   2.7883000E-03   1.8429000E-03   9.6381000E-03   1.9805000E-03   3.3052168E+00   2.1456390E+00   1.0053118E+00   8.5006341E-02  -5.6086286E-02  -9.9113101E-01  -1.6574646E+00  -1.8068261E+00
   1.5800000E+03   1.2331862E+10   1.1073700E+00   3.6405800E+00   1.7302800E+00   9.9920000E-01   2.5321000E-01   1.0000000E-05   0.0000000E+00   0.0000000E+00   6.6773000E-01   3.1216000E-01   2.7883000E-03   1.8429000E-03   9.6381000E-03   1.9805000E-03   3.2820342E+00   2.1093052E+00   9.6177024E-01   3.2947742E-02  -1.1273751E-01  -1.0499715E+00  -1.7195798E+00  -1.8709996E+00
   1.5900000E+03   1.2333817E+10   1.1214200E+00   3.6391300E+00   1.7526100E+00   9.9904000E-01   2.5486000E-01   1.0000000E-05   0.0000000E+00   0.0000000E+00   6.6773000E-01   3.1216000E-01   2.7883000E-03   1.8429000E-03   9.6381000E-03   1.9805000E-03   3.2614671E+00   2.0739259E+00   9.1846885E-01  -1.9353283E-02  -1.6984487E-01  -1.1093914E+00  -1.7823437E+00  -1.9358730E+00
   1.6000000E+03   1.2335697E+10   1.1355100E+00   3.6376700E+00   1.7749500E+00   9.9887000E-01   2.5654000E-01   1.0000000E-05   0.0000000E+00   0.0000000E+00   6.6773000E-01   3.1216000E-01   2.7883000E-03   1.8429000E-03   9.6381000E-03   1.9805000E-03   3.2437708E+00   2.0397085E+00   8.7564646E-01  -7.1563334E-02  -2.2701805E-01  -1.1689749E+00  -1.8452929E+00  -2.0009541E+00
   1.6100000E+03   1.2337507E+10   1.1496300E+00   3.6362000E+00   1.7973000E+00   9.9870000E-01   2.5823000E-01   1.0000000E-05   0.0000000E+00   0.0000000E+00   6.6773000E-01   3.1216000E-01   2.7883000E-03   1.8429000E-03   9.6381000E-03   1.9805000E-03   3.2293006E+00   2.0067548E+00   8.3333607E-01  -1.2367650E-01  -2.8425883E-01  -1.2287275E+00  -1.9084333E+00  -2.0662490E+00
   1.6200000E+03   1.2339243E+10   1.1637900E+00   3.6347100E+00   1.8196600E+00   9.9852000E-01   2.5992000E-01   1.0000000E-05   0.0000000E+00   0.0000000E+00   6.6773000E-01   3.1216000E-01   2.7883000E-03   1.8429000E-03   9.6381000E-03   1.9805000E-03   3.2187755E+00   1.9753434E+00   7.9167273E-01  -1.7565954E-01  -3.4157871E-01  -1.2886813E+00  -1.9718221E+00  -2.1318309E+00
   1.6300000E+03   1.2340909E+10   1.1780600E+00   3.6332000E+00   1.8421700E+00   9.9834000E-01   2.6164000E-01   1.0000000E-05   0.0000000E+00   0.0000000E+00   6.6773000E-01   3.1216000E-01   2.7883000E-03   1.8429000E-03   9.6381000E-03   1.9805000E-03   3.2124511E+00   1.9452861E+00   7.5035540E-01  -2.2785364E-01  -3.9933049E-01  -1.3491960E+00  -2.0358180E+00  -2.1980589E+00
   1.6400000E+03   1.2342504E+10   1.1923800E+00   3.6316700E+00   1.8647100E+00   9.9815000E-01   2.6336000E-01   1.0000000E-05   0.0000000E+00   0.0000000E+00   6.6773000E-01   3.1216000E-01   2.7883000E-03   1.8429000E-03   9.6381000E-03   1.9805000E-03   3.2113332E+00   1.9170600E+00   7.0974137E-01  -2.7994878E-01  -4.5721711E-01  -1.4099799E+00  -2.1001312E+00  -2.2646441E+00
   1.6500000E+03   1.2344040E+10   1.2067100E+00   3.6301400E+00   1.8872200E+00   9.9796000E-01   2.6512000E-01   1.0000000E-05   0.0000000E+00   0.0000000E+00   6.6773000E-01   3.1216000E-01   2.7883000E-03   1.8429000E-03   9.6381000E-03   1.9805000E-03   3.2156959E+00   1.8906336E+00   6.6982037E-01  -3.3184318E-01  -5.1507096E-01  -1.4708350E+00  -2.1645138E+00  -2.3313086E+00
   1.6600000E+03   1.2345519E+10   1.2210700E+00   3.6285900E+00   1.9097400E+00   9.9775000E-01   2.6690000E-01   1.0000000E-05   0.0000000E+00   0.0000000E+00   6.6773000E-01   3.1216000E-01   2.7883000E-03   1.8429000E-03   9.6381000E-03   1.9805000E-03   3.2291156E+00   1.8669550E+00   6.3072099E-01  -3.8359326E-01  -5.7304235E-01  -1.5320212E+00  -2.2291648E+00  -2.3982586E+00
   1.6700000E+03   1.2346934E+10   1.2355600E+00   3.6270100E+00   1.9324300E+00   9.9754000E-01   2.6869000E-01   1.0000000E-05   0.0000000E+00   0.0000000E+00   6.6773000E-01   3.1216000E-01   2.7883000E-03   1.8429000E-03   9.6381000E-03   1.9805000E-03   3.1959953E+00   1.8279660E+00   5.8774099E-01  -4.3270104E-01  -6.2806057E-01  -1.5927496E+00  -2.2945512E+00  -2.4653108E+00
   1.6800000E+03   1.2348290E+10   1.2500900E+00   3.6254300E+00   1.9551200E+00   9.9732000E-01   2.7051000E-01   1.0000000E-05   0.0000000E+00   0.0000000E+00   6.6773000E-01   3.1216000E-01   2.7883000E-03   1.8429000E-03   9.6381000E-03   1.9805000E-03   3.1618148E+00   1.7884097E+00   5.4432625E-01  -4.8123765E-01  -6.8257719E-01  -1.6536766E+00  -2.3599874E+00  -2.5322373E+00
   1.6900000E+03   1.2349593E+10   1.2646200E+00   3.6238300E+00   1.9777900E+00   9.9710000E-01   2.7235000E-01   1.0000000E-05   0.0000000E+00   0.0000000E+00   6.6773000E-01   3.1216000E-01   2.7883000E-03   1.8429000E-03   9.6381000E-03   1.9805000E-03   3.1296715E+00   1.7499984E+00   5.0161037E-01  -5.2938311E-01  -7.3696910E-01  -1.7147249E+00  -2.4256075E+00  -2.5993639E+00
   1.7000000E+03   1.2350847E+10   1.2791900E+00   3.6222100E+00   2.0004800E+00   9.9686000E-01   2.7423000E-01   1.0000000E-05   0.0000000E+00   0.0000000E+00   6.6773000E-01   3.1216000E-01   2.7883000E-03   1.8429000E-03   9.6381000E-03   1.9805000E-03   3.0996794E+00   1.7127279E+00   4.5954117E-01  -5.7721591E-01  -7.9133243E-01  -1.7760025E+00  -2.4915203E+00  -2.6667994E+00
   1.7100000E+03   1.2352048E+10   1.2938800E+00   3.6205800E+00   2.0233100E+00   9.9662000E-01   2.7611000E-01   1.0000000E-05   0.0000000E+00   0.0000000E+00   6.6773000E-01   3.1216000E-01   2.7883000E-03   1.8429000E-03   9.6381000E-03   1.9805000E-03   3.0716195E+00   1.6762808E+00   4.1777490E-01  -6.2507102E-01  -8.4597845E-01  -1.8377891E+00  -2.5579765E+00  -2.7347850E+00
   1.7200000E+03   1.2353199E+10   1.3085900E+00   3.6189300E+00   2.0461300E+00   9.9636000E-01   2.7800000E-01   1.0000000E-05   0.0000000E+00   0.0000000E+00   6.6773000E-01   3.1216000E-01   2.7883000E-03   1.8429000E-03   9.6381000E-03   1.9805000E-03   3.0462982E+00   1.6412662E+00   3.7683380E-01  -6.7249333E-01  -9.0051302E-01  -1.8997454E+00  -2.6246675E+00  -2.8030219E+00
   1.7300000E+03   1.2354304E+10   1.3233200E+00   3.6172600E+00   2.0689400E+00   9.9610000E-01   2.7992000E-01   1.0000000E-05   0.0000000E+00   0.0000000E+00   6.6773000E-01   3.1216000E-01   2.7883000E-03   1.8429000E-03   9.6381000E-03   1.9805000E-03   3.0240489E+00   1.6078201E+00   3.3678223E-01  -7.1945504E-01  -9.5493127E-01  -1.9618804E+00  -2.6916038E+00  -2.8715208E+00
   1.7400000E+03   1.2355367E+10   1.3381100E+00   3.6155800E+00   2.0917900E+00   9.9582000E-01   2.8185000E-01   1.0000000E-05   0.0000000E+00   0.0000000E+00   6.6773000E-01   3.1216000E-01   2.7883000E-03   1.8429000E-03   9.6381000E-03   1.9805000E-03   3.0049353E+00   1.5758254E+00   2.9745739E-01  -7.6611550E-01  -1.0093697E+00  -2.0242980E+00  -2.7588597E+00  -2.9403465E+00
   1.7500000E+03   1.2356385E+10   1.3529800E+00   3.6138800E+00   2.1147300E+00   9.9554000E-01   2.8382000E-01   1.0000000E-05   0.0000000E+00   0.0000000E+00   6.6773000E-01   3.1216000E-01   2.7883000E-03   1.8429000E-03   9.6381000E-03   1.9805000E-03   2.9894978E+00   1.5454688E+00   2.5891319E-01  -8.1250714E-01  -1.0639323E+00  -2.0871633E+00  -2.8266308E+00  -3.0097044E+00
   1.7600000E+03   1.2357362E+10   1.3678800E+00   3.6121700E+00   2.1376700E+00   9.9524000E-01   2.8580000E-01   1.0000000E-05   0.0000000E+00   0.0000000E+00   6.6773000E-01   3.1216000E-01   2.7883000E-03   1.8429000E-03   9.6381000E-03   1.9805000E-03   2.9782685E+00   1.5170083E+00   2.2134418E-01  -8.5843756E-01  -1.1184053E+00  -2.1502288E+00  -2.8946410E+00  -3.0793090E+00
   1.7700000E+03   1.2358298E+10   1.3828000E+00   3.6104400E+00   2.1605900E+00   9.9493000E-01   2.8781000E-01   1.0000000E-05   0.0000000E+00   0.0000000E+00   6.6773000E-01   3.1216000E-01   2.7883000E-03   1.8429000E-03   9.6381000E-03   1.9805000E-03   2.9722007E+00   1.4908747E+00   1.8500817E-01  -9.0375278E-01  -1.1727158E+00  -2.2134870E+00  -2.9629147E+00  -3.1491947E+00
   1.7800000E+03   1.2359198E+10   1.3977700E+00   3.6086900E+00   2.1835400E+00   9.9461000E-01   2.8985000E-01   1.0000000E-05   0.0000000E+00   0.0000000E+00   6.6773000E-01   3.1216000E-01   2.7883000E-03   1.8429000E-03   9.6381000E-03   1.9805000E-03   2.9720388E+00   1.4672167E+00   1.4989108E-01  -9.4853463E-01  -1.2269819E+00  -2.2770755E+00  -3.0315903E+00  -3.2195001E+00
   1.7900000E+03   1.2360062E+10   1.4128100E+00   3.6069200E+00   2.2065600E+00   9.9428000E-01   2.9191000E-01   1.0000000E-05   0.0000000E+00   0.0000000E+00   6.6773000E-01   3.1216000E-01   2.7883000E-03   1.8429000E-03   9.6381000E-03   1.9805000E-03   2.9787812E+00   1.4462563E+00   1.1601896E-01  -9.9283521E-01  -1.2812962E+00  -2.3411078E+00  -3.1007822E+00  -3.2903395E+00
   1.8000000E+03   1.2360889E+10   1.4278800E+00   3.6051400E+00   2.2295700E+00   9.9393000E-01   2.9400000E-01   1.0000000E-05   0.0000000E+00   0.0000000E+00   6.6773000E-01   3.1216000E-01   2.7883000E-03   1.8429000E-03   9.6381000E-03   1.9805000E-03   2.9936316E+00   1.4283483E+00   8.3590043E-02  -1.0364816E+00  -1.3354701E+00  -2.4053604E+00  -3.1702376E+00  -3.3614510E+00
   1.8100000E+03   1.2361683E+10   1.4429700E+00   3.6033500E+00   2.2525700E+00   9.9356000E-01   2.9610000E-01   1.0000000E-05   0.0000000E+00   0.0000000E+00   6.6773000E-01   3.1216000E-01   2.7883000E-03   1.8429000E-03   9.6381000E-03   1.9805000E-03   3.0182788E+00   1.4138920E+00   5.2744520E-02  -1.0794246E+00  -1.3894964E+00  -2.4698446E+00  -3.2399689E+00  -3.4328472E+00
   1.8200000E+03   1.2362444E+10   1.4581100E+00   3.6015300E+00   2.2755900E+00   9.9318000E-01   2.9822000E-01   1.0000000E-05   0.0000000E+00   0.0000000E+00   6.6773000E-01   3.1216000E-01   2.7883000E-03   1.8429000E-03   9.6381000E-03   1.9805000E-03   2.8649276E+00   1.3620298E+00   2.7918665E-02  -1.1153982E+00  -1.4413461E+00  -2.5293062E+00  -3.3125570E+00  -3.5094092E+00
   1.8300000E+03   1.2363176E+10   1.4733100E+00   3.5997000E+00   2.2986700E+00   9.9279000E-01   3.0037000E-01   1.0000000E-05   0.0000000E+00   0.0000000E+00   6.6773000E-01   3.1216000E-01   2.7883000E-03   1.8429000E-03   9.6381000E-03   1.9805000E-03   3.0110542E+00   1.3652086E+00  -1.4098910E-02  -1.1652059E+00  -1.4985415E+00  -2.5955067E+00  -3.3766850E+00  -3.5752234E+00
   1.8400000E+03   1.2363877E+10   1.4885300E+00   3.5978600E+00   2.3217300E+00   9.9237000E-01   3.0255000E-01   1.0000000E-05   0.0000000E+00   0.0000000E+00   6.6773000E-01   3.1216000E-01   2.7883000E-03   1.8429000E-03   9.6381000E-03   1.9805000E-03   2.9799686E+00   1.3336127E+00  -4.8207300E-02  -1.2074372E+00  -1.5531968E+00  -2.6571564E+00  -3.4443397E+00  -3.6465691E+00
   1.8500000E+03   1.2364551E+10   1.5037600E+00   3.5960000E+00   2.3447600E+00   9.9194000E-01   3.0475000E-01   1.0000000E-05   0.0000000E+00   0.0000000E+00   6.6773000E-01   3.1216000E-01   2.7883000E-03   1.8429000E-03   9.6381000E-03   1.9805000E-03   2.9514580E+00   1.3040023E+00  -8.0778526E-02  -1.2488135E+00  -1.6076902E+00  -2.7188823E+00  -3.5121333E+00  -3.7182119E+00
   1.8600000E+03   1.2365197E+10   1.5190300E+00   3.5941300E+00   2.3678000E+00   9.9148000E-01   3.0698000E-01   1.0000000E-05   0.0000000E+00   0.0000000E+00   6.6773000E-01   3.1216000E-01   2.7883000E-03   1.8429000E-03   9.6381000E-03   1.9805000E-03   2.9255610E+00   1.2763269E+00  -1.1191163E-01  -1.2894641E+00  -1.6621344E+00  -2.7807690E+00  -3.5801187E+00  -3.7901891E+00
   1.8700000E+03   1.2365818E+10   1.5343600E+00   3.5922300E+00   2.3908900E+00   9.9100000E-01   3.0924000E-01   1.0000000E-05   0.0000000E+00   0.0000000E+00   6.6773000E-01   3.1216000E-01   2.7883000E-03   1.8429000E-03   9.6381000E-03   1.9805000E-03   2.9028657E+00   1.2510510E+00  -1.4125404E-01  -1.3292340E+00  -1.7165893E+00  -2.8429710E+00  -3.6485195E+00  -3.8627706E+00
   1.8800000E+03   1.2366415E+10   1.5497000E+00   3.5903300E+00   2.4139600E+00   9.9050000E-01   3.1154000E-01   1.0000000E-05   0.0000000E+00   0.0000000E+00   6.6773000E-01   3.1216000E-01   2.7883000E-03   1.8429000E-03   9.6381000E-03   1.9805000E-03   2.8834227E+00   1.2281118E+00  -1.6890220E-01  -1.3681614E+00  -1.7709282E+00  -2.9052508E+00  -3.7169991E+00  -3.9355612E+00
   1.8900000E+03   1.2366987E+10   1.5650600E+00   3.5884100E+00   2.4370000E+00   9.8998000E-01   3.1386000E-01   1.0000000E-05   0.0000000E+00   0.0000000E+00   6.6773000E-01   3.1216000E-01   2.7883000E-03   1.8429000E-03   9.6381000E-03   1.9805000E-03   2.8681017E+00   1.2081950E+00  -1.9431873E-01  -1.4059446E+00  -1.8250845E+00  -2.9676394E+00  -3.7856588E+00  -4.0087090E+00
   1.9000000E+03   1.2367537E+10   1.5804200E+00   3.5864800E+00   2.4600100E+00   9.8942000E-01   3.1621000E-01   1.0000000E-05   0.0000000E+00   0.0000000E+00   6.6773000E-01   3.1216000E-01   2.7883000E-03   1.8429000E-03   9.6381000E-03   1.9805000E-03   2.8572826E+00   1.1914811E+00  -2.1743266E-01  -1.4425956E+00  -1.8790707E+00  -3.0301213E+00  -3.8544512E+00  -4.0821494E+00
   1.9100000E+03   1.2368067E+10   1.5958600E+00   3.5845300E+00   2.4830800E+00   9.8884000E-01   3.1859000E-01   1.0000000E-05   0.0000000E+00   0.0000000E+00   6.6773000E-01   3.1216000E-01   2.7883000E-03   1.8429000E-03   9.6381000E-03   1.9805000E-03   2.8517112E+00   1.1784067E+00  -2.3800935E-01  -1.4781263E+00  -1.9330872E+00  -3.0929573E+00  -3.9236723E+00  -4.1562077E+00
   1.9200000E+03   1.2368575E+10   1.6113000E+00   3.5825700E+00   2.5061200E+00   9.8822000E-01   3.2099000E-01   1.0000000E-05   0.0000000E+00   0.0000000E+00   6.6773000E-01   3.1216000E-01   2.7883000E-03   1.8429000E-03   9.6381000E-03   1.9805000E-03   2.8522549E+00   1.1695114E+00  -2.5568331E-01  -1.5123067E+00  -1.9869205E+00  -3.1559066E+00  -3.9930509E+00  -4.2305936E+00
   1.9300000E+03   1.2369062E+10   1.6267500E+00   3.5806000E+00   2.5291300E+00   9.8757000E-01   3.2343000E-01   1.0000000E-05   0.0000000E+00   0.0000000E+00   6.6773000E-01   3.1216000E-01   2.7883000E-03   1.8429000E-03   9.6381000E-03   1.9805000E-03   2.8600208E+00   1.1654276E+00  -2.7008343E-01  -1.5450112E+00  -2.0405640E+00  -3.2189796E+00  -4.0625994E+00  -4.3053247E+00
   1.9400000E+03   1.2369531E+10   1.6421700E+00   3.5786200E+00   2.5520600E+00   9.8689000E-01   3.2590000E-01   1.0000000E-05   0.0000000E+00   0.0000000E+00   6.6773000E-01   3.1216000E-01   2.7883000E-03   1.8429000E-03   9.6381000E-03   1.9805000E-03   2.8765394E+00   1.1670578E+00  -2.8063842E-01  -1.5759691E+00  -2.0938841E+00  -3.2820624E+00  -4.1322084E+00  -4.3802947E+00
   1.9500000E+03   1.2369983E+10   1.6576400E+00   3.5766200E+00   2.5750200E+00   9.8616000E-01   3.2841000E-01   1.0000000E-05   0.0000000E+00   0.0000000E+00   6.6773000E-01   3.1216000E-01   2.7883000E-03   1.8429000E-03   9.6381000E-03   1.9805000E-03   2.9038629E+00   1.1754531E+00  -2.8681831E-01  -1.6051448E+00  -2.1471264E+00  -3.3454725E+00  -4.2022315E+00  -4.4558907E+00
   1.9600000E+03   1.2370417E+10   1.6731300E+00   3.5746100E+00   2.5979600E+00   9.8539000E-01   3.3096000E-01   1.0000000E-05   0.0000000E+00   0.0000000E+00   6.6773000E-01   3.1216000E-01   2.7883000E-03   1.8429000E-03   9.6381000E-03   1.9805000E-03   2.9443788E+00   1.1917314E+00  -2.8805963E-01  -1.6323523E+00  -2.2001778E+00  -3.4090695E+00  -4.2724959E+00  -4.5319205E+00
   1.9700000E+03   1.2370834E+10   1.6886300E+00   3.5725900E+00   2.6208700E+00   9.8458000E-01   3.3353000E-01   1.0000000E-05   0.0000000E+00   0.0000000E+00   6.6773000E-01   3.1216000E-01   2.7883000E-03   1.8429000E-03   9.6381000E-03   1.9805000E-03   2.7897869E+00   1.1529307E+00  -2.8813776E-01  -1.6433054E+00  -2.2424947E+00  -3.4731238E+00  -4.3526040E+00  -4.6057149E+00
   1.9800000E+03   1.2371235E+10   1.7040800E+00   3.5705700E+00   2.6436900E+00   9.8371000E-01   3.3615000E-01   1.0000000E-05   0.0000000E+00   0.0000000E+00   6.6773000E-01   3.1216000E-01   2.7883000E-03   1.8429000E-03   9.6381000E-03   1.9805000E-03   2.7659533E+00   1.1342553E+00  -3.0694155E-01  -1.6691468E+00  -2.2886251E+00  -3.5371849E+00  -4.4198605E+00  -4.6761506E+00
   1.9900000E+03   1.2371621E+10   1.7195500E+00   3.5685300E+00   2.6664700E+00   9.8279000E-01   3.3880000E-01   1.0000000E-05   0.0000000E+00   0.0000000E+00   6.6773000E-01   3.1216000E-01   2.7883000E-03   1.8429000E-03   9.6381000E-03   1.9805000E-03   2.9112077E+00   1.1525468E+00  -3.3823473E-01  -1.7099848E+00  -2.3403878E+00  -3.6013209E+00  -4.4757283E+00  -4.7454016E+00
   2.0000000E+03   1.2371992E+10   1.7350400E+00   3.5664900E+00   2.6892700E+00   9.8181000E-01   3.4148000E-01   1.0000000E-05   0.0000000E+00   0.0000000E+00   6.6773000E-01   3.1216000E-01   2.7883000E-03   1.8429000E-03   9.6381000E-03   1.9805000E-03   2.8877236E+00   1.1400238E+00  -3.4991394E-01  -1.7300529E+00  -2.3847016E+00  -3.6655818E+00  -4.5446971E+00  -4.8172407E+00
   2.0100000E+03   1.2372348E+10   1.7505200E+00   3.5644300E+00   2.7120100E+00   9.8077000E-01   3.4419000E-01   1.0000000E-05   0.0000000E+00   0.0000000E+00   6.6773000E-01   3.1216000E-01   2.7883000E-03   1.8429000E-03   9.6381000E-03   1.9805000E-03   2.8677677E+00   1.1320711E+00  -3.5712943E-01  -1.7466830E+00  -2.4279941E+00  -3.7298657E+00  -4.6140403E+00  -4.8896880E+00
   2.0200000E+03   1.2372692E+10   1.7659400E+00   3.5623800E+00   2.7346500E+00   9.7966000E-01   3.4694000E-01   1.0000000E-05   0.0000000E+00   0.0000000E+00   6.6773000E-01   3.1216000E-01   2.7883000E-03   1.8429000E-03   9.6381000E-03   1.9805000E-03   2.8513328E+00   1.1287017E+00  -3.5990705E-01  -1.7599572E+00  -2.4702950E+00  -3.7939697E+00  -4.6834955E+00  -4.9624417E+00
   2.0300000E+03   1.2373022E+10   1.7813400E+00   3.5603300E+00   2.7572300E+00   9.7847000E-01   3.4973000E-01   1.0000000E-05   0.0000000E+00   0.0000000E+00   6.6773000E-01   3.1216000E-01   2.7883000E-03   1.8429000E-03   9.6381000E-03   1.9805000E-03   2.8737132E+00   1.1377534E+00  -3.6118509E-01  -1.7732973E+00  -2.5129000E+00  -3.8580714E+00  -4.7510120E+00  -5.0352148E+00
   2.0400000E+03   1.2373340E+10   1.7967300E+00   3.5582700E+00   2.7797800E+00   9.7720000E-01   3.5256000E-01   1.0000000E-05   0.0000000E+00   0.0000000E+00   6.6773000E-01   3.1216000E-01   2.7883000E-03   1.8429000E-03   9.6381000E-03   1.9805000E-03   2.8638899E+00   1.1443651E+00  -3.5387769E-01  -1.7796608E+00  -2.5539715E+00  -3.9225669E+00  -4.8204147E+00  -5.1078772E+00
   2.0500000E+03   1.2373645E+10   1.8121100E+00   3.5562100E+00   2.8022900E+00   9.7584000E-01   3.5543000E-01   1.0000000E-05   0.0000000E+00   0.0000000E+00   6.6773000E-01   3.1216000E-01   2.7883000E-03   1.8429000E-03   9.6381000E-03   1.9805000E-03   2.8591620E+00   1.1576402E+00  -3.4013049E-01  -1.7816843E+00  -2.5942403E+00  -3.9871852E+00  -4.8899068E+00  -5.1807772E+00
   2.0600000E+03   1.2373939E+10   1.8274300E+00   3.5541500E+00   2.8247000E+00   9.7438000E-01   3.5834000E-01   1.0000000E-05   0.0000000E+00   0.0000000E+00   6.6773000E-01   3.1216000E-01   2.7883000E-03   1.8429000E-03   9.6381000E-03   1.9805000E-03   2.8604788E+00   1.1789691E+00  -3.1861117E-01  -1.7785657E+00  -2.6334991E+00  -4.0517868E+00  -4.9593508E+00  -5.2537783E+00
   2.0700000E+03   1.2374223E+10   1.8426900E+00   3.5521000E+00   2.8470200E+00   9.7282000E-01   3.6128000E-01   1.0000000E-05   0.0000000E+00   0.0000000E+00   6.6773000E-01   3.1216000E-01   2.7883000E-03   1.8429000E-03   9.6381000E-03   1.9805000E-03   2.8685342E+00   1.2095001E+00  -2.8826671E-01  -1.7698602E+00  -2.6718002E+00  -4.1163638E+00  -5.0287130E+00  -5.3268341E+00
   2.0800000E+03   1.2374495E+10   1.8579000E+00   3.5500600E+00   2.8692600E+00   9.7114000E-01   3.6426000E-01   1.0000000E-05   0.0000000E+00   0.0000000E+00   6.6773000E-01   3.1216000E-01   2.7883000E-03   1.8429000E-03   9.6381000E-03   1.9805000E-03   2.8845020E+00   1.2511834E+00  -2.4727455E-01  -1.7546913E+00  -2.7091136E+00  -4.1809490E+00  -5.0980259E+00  -5.3999787E+00
   2.0900000E+03   1.2374756E+10   1.8730400E+00   3.5480200E+00   2.8914000E+00   9.6933000E-01   3.6727000E-01   1.0000000E-05   0.0000000E+00   0.0000000E+00   6.6773000E-01   3.1216000E-01   2.7883000E-03   1.8429000E-03   9.6381000E-03   1.9805000E-03   2.9103498E+00   1.3073384E+00  -1.9249376E-01  -1.7314510E+00  -2.7452270E+00  -4.2455472E+00  -5.1673215E+00  -5.4732611E+00
   2.1000000E+03   1.2375009E+10   1.8881400E+00   3.5459900E+00   2.9134600E+00   9.6738000E-01   3.7032000E-01   1.0000000E-05   0.0000000E+00   0.0000000E+00   6.6773000E-01   3.1216000E-01   2.7883000E-03   1.8429000E-03   9.6381000E-03   1.9805000E-03   2.9478336E+00   1.3813320E+00  -1.2087300E-01  -1.6990267E+00  -2.7802125E+00  -4.3101733E+00  -5.2365870E+00  -5.5466559E+00
   2.1100000E+03   1.2375251E+10   1.9031600E+00   3.5439600E+00   2.9353900E+00   9.6529000E-01   3.7341000E-01   1.0000000E-05   0.0000000E+00   0.0000000E+00   6.6773000E-01   3.1216000E-01   2.7883000E-03   1.8429000E-03   9.6381000E-03   1.9805000E-03   2.8934556E+00   1.4588605E+00  -6.1599558E-03  -1.6418133E+00  -2.8069948E+00  -4.3753419E+00  -5.3132294E+00  -5.6203973E+00
   2.1200000E+03   1.2375485E+10   1.9181200E+00   3.5419300E+00   2.9572000E+00   9.6302000E-01   3.7654000E-01   1.0000000E-05   0.0000000E+00   0.0000000E+00   6.6773000E-01   3.1216000E-01   2.7883000E-03   1.8429000E-03   9.6381000E-03   1.9805000E-03   2.9712242E+00   1.4687086E+00  -3.8494213E-02  -1.6801583E+00  -2.8502017E+00  -4.4326750E+00  -5.3665334E+00  -5.6848903E+00
   2.1300000E+03   1.2375709E+10   1.9329900E+00   3.5399000E+00   2.9788400E+00   9.6059000E-01   3.7970000E-01   1.0000000E-05   0.0000000E+00   0.0000000E+00   6.6773000E-01   3.1216000E-01   2.7883000E-03   1.8429000E-03   9.6381000E-03   1.9805000E-03   2.9432665E+00   1.4678956E+00  -3.8206358E-02  -1.6978641E+00  -2.8846874E+00  -4.4906360E+00  -5.4278245E+00  -5.7499910E+00
   2.1400000E+03   1.2375925E+10   1.9477700E+00   3.5378800E+00   3.0002900E+00   9.5795000E-01   3.8290000E-01   1.0000000E-05   0.0000000E+00   0.0000000E+00   6.6773000E-01   3.1216000E-01   2.7883000E-03   1.8429000E-03   9.6381000E-03   1.9805000E-03   2.9193798E+00   1.4724293E+00  -3.2923045E-02  -1.7128073E+00  -2.9178722E+00  -4.5481863E+00  -5.4886277E+00  -5.8148573E+00
   2.1500000E+03   1.2376133E+10   1.9624600E+00   3.5358500E+00   3.0215500E+00   9.5511000E-01   3.8612000E-01   1.0000000E-05   0.0000000E+00   0.0000000E+00   6.6773000E-01   3.1216000E-01   2.7883000E-03   1.8429000E-03   9.6381000E-03   1.9805000E-03   2.9002873E+00   1.4837341E+00  -2.1285634E-02  -1.7243077E+00  -2.9494745E+00  -4.6053695E+00  -5.5490200E+00  -5.8796111E+00
   2.1600000E+03   1.2376332E+10   1.9770900E+00   3.5338000E+00   3.0426400E+00   9.5204000E-01   3.8937000E-01   1.0000000E-05   0.0000000E+00   0.0000000E+00   6.6773000E-01   3.1216000E-01   2.7883000E-03   1.8429000E-03   9.6381000E-03   1.9805000E-03   2.8867306E+00   1.5033039E+00  -1.9091372E-03  -1.7317904E+00  -2.9793250E+00  -4.6622626E+00  -5.6090940E+00  -5.9443773E+00
   2.1700000E+03   1.2376524E+10   1.9916200E+00   3.5317500E+00   3.0634800E+00   9.4872000E-01   3.9265000E-01   1.0000000E-05   0.0000000E+00   0.0000000E+00   6.6773000E-01   3.1216000E-01   2.7883000E-03   1.8429000E-03   9.6381000E-03   1.9805000E-03   2.8793220E+00   1.5321731E+00   2.6076502E-02  -1.7350227E+00  -3.0073310E+00  -4.7186310E+00  -5.6685811E+00  -6.0088561E+00
   2.1800000E+03   1.2376708E+10   2.0060500E+00   3.5296900E+00   3.0840800E+00   9.4514000E-01   3.9596000E-01   1.0000000E-05   0.0000000E+00   0.0000000E+00   6.6773000E-01   3.1216000E-01   2.7883000E-03   1.8429000E-03   9.6381000E-03   1.9805000E-03   2.8791339E+00   1.5726729E+00   6.4783311E-02  -1.7332401E+00  -3.0332732E+00  -4.7745275E+00  -5.7275500E+00  -6.0731478E+00
   2.1900000E+03   1.2376884E+10   2.0203800E+00   3.5276000E+00   3.1044000E+00   9.4127000E-01   3.9928000E-01   1.0000000E-05   0.0000000E+00   0.0000000E+00   6.6773000E-01   3.1216000E-01   2.7883000E-03   1.8429000E-03   9.6381000E-03   1.9805000E-03   2.8879721E+00   1.6287478E+00   1.1781082E-01  -1.7250401E+00  -3.0566220E+00  -4.8299054E+00  -5.7859878E+00  -6.1372999E+00
   2.2000000E+03   1.2377053E+10   2.0345800E+00   3.5255000E+00   3.1244000E+00   9.3710000E-01   4.0261000E-01   1.0000000E-05   0.0000000E+00   0.0000000E+00   6.6773000E-01   3.1216000E-01   2.7883000E-03   1.8429000E-03   9.6381000E-03   1.9805000E-03   2.9071240E+00   1.7037190E+00   1.8793531E-01  -1.7099130E+00  -3.0773397E+00  -4.8846306E+00  -5.8437260E+00  -6.2011115E+00
   2.2100000E+03   1.2377216E+10   2.0486500E+00   3.5233700E+00   3.1440400E+00   9.3260000E-01   4.0596000E-01   1.0000000E-05   0.0000000E+00   0.0000000E+00   6.6773000E-01   3.1216000E-01   2.7883000E-03   1.8429000E-03   9.6381000E-03   1.9805000E-03   2.7757907E+00   1.6960907E+00   2.1297215E-01  -1.7123946E+00  -3.0990062E+00  -4.9388485E+00  -5.9044942E+00  -6.2571163E+00
   2.2200000E+03   1.2377371E+10   2.0626000E+00   3.5212200E+00   3.1633400E+00   9.2776000E-01   4.0932000E-01   1.0000000E-05   0.0000000E+00   0.0000000E+00   6.6773000E-01   3.1216000E-01   2.7883000E-03   1.8429000E-03   9.6381000E-03   1.9805000E-03   2.8967682E+00   1.7497414E+00   2.1820340E-01  -1.7299991E+00  -3.1338032E+00  -4.9890424E+00  -5.9485681E+00  -6.3142354E+00
   2.2300000E+03   1.2377519E+10   2.0764400E+00   3.5190400E+00   3.1822800E+00   9.2257000E-01   4.1266000E-01   1.0000000E-05   0.0000000E+00   0.0000000E+00   6.6773000E-01   3.1216000E-01   2.7883000E-03   1.8429000E-03   9.6381000E-03   1.9805000E-03   2.8799831E+00   1.7738854E+00   2.3879825E-01  -1.7355701E+00  -3.1579877E+00  -5.0403666E+00  -6.0003382E+00  -6.3693890E+00
   2.2400000E+03   1.2377661E+10   2.0901400E+00   3.5168200E+00   3.2008000E+00   9.1698000E-01   4.1598000E-01   1.0000000E-05   0.0000000E+00   0.0000000E+00   6.6773000E-01   3.1216000E-01   2.7883000E-03   1.8429000E-03   9.6381000E-03   1.9805000E-03   2.8696499E+00   1.8104868E+00   2.7186679E-01  -1.7344030E+00  -3.1783006E+00  -5.0909998E+00  -6.0513276E+00  -6.4241897E+00
   2.2500000E+03   1.2377796E+10   2.1036600E+00   3.5145700E+00   3.2188500E+00   9.1098000E-01   4.1931000E-01   1.0000000E-05   0.0000000E+00   0.0000000E+00   6.6773000E-01   3.1216000E-01   2.7883000E-03   1.8429000E-03   9.6381000E-03   1.9805000E-03   2.8666133E+00   1.8621819E+00   3.2004493E-01  -1.7255775E+00  -3.1943612E+00  -5.1408217E+00  -6.1014083E+00  -6.4785151E+00
   2.2600000E+03   1.2377925E+10   2.1170100E+00   3.5123000E+00   3.2364400E+00   9.0457000E-01   4.2260000E-01   1.0000000E-05   0.0000000E+00   0.0000000E+00   6.6773000E-01   3.1216000E-01   2.7883000E-03   1.8429000E-03   9.6381000E-03   1.9805000E-03   2.8717376E+00   1.9324446E+00   3.8680890E-01  -1.7081315E+00  -3.2059021E+00  -5.1898606E+00  -6.1506006E+00  -6.5323895E+00
   2.2700000E+03   1.2378048E+10   2.1301700E+00   3.5099900E+00   3.2535400E+00   8.9773000E-01   4.2586000E-01   1.0000000E-05   0.0000000E+00   0.0000000E+00   6.6773000E-01   3.1216000E-01   2.7883000E-03   1.8429000E-03   9.6381000E-03   1.9805000E-03   2.8868462E+00   2.0282597E+00   4.7904649E-01  -1.6798618E+00  -3.2120719E+00  -5.2381082E+00  -6.1988941E+00  -6.5858590E+00
   2.2800000E+03   1.2378165E+10   2.1431000E+00   3.5076700E+00   3.2701300E+00   8.9043000E-01   4.2909000E-01   1.0000000E-05   0.0000000E+00   0.0000000E+00   6.6773000E-01   3.1216000E-01   2.7883000E-03   1.8429000E-03   9.6381000E-03   1.9805000E-03   2.9131269E+00   2.1571610E+00   6.0430048E-01  -1.6394674E+00  -3.2126510E+00  -5.2854748E+00  -6.2461885E+00  -6.6387868E+00
   2.2900000E+03   1.2378276E+10   2.1557500E+00   3.5053600E+00   3.2861800E+00   8.8265000E-01   4.3228000E-01   1.0000000E-05   0.0000000E+00   0.0000000E+00   6.6773000E-01   3.1216000E-01   2.7883000E-03   1.8429000E-03   9.6381000E-03   1.9805000E-03   2.9522484E+00   2.3322133E+00   7.7558983E-01  -1.5850070E+00  -3.2072736E+00  -5.3318562E+00  -6.2923736E+00  -6.6910315E+00
   2.3000000E+03   1.2378382E+10   2.1681000E+00   3.5030700E+00   3.3017200E+00   8.7437000E-01   4.3543000E-01   1.0000000E-05   0.0000000E+00   0.0000000E+00   6.6773000E-01   3.1216000E-01   2.7883000E-03   1.8429000E-03   9.6381000E-03   1.9805000E-03   2.8237509E+00   2.2299255E+00   6.2320819E-01  -1.6658980E+00  -3.2668867E+00  -5.3688169E+00  -6.3317367E+00  -6.7233103E+00
   2.3100000E+03   1.2378482E+10   2.1800900E+00   3.5008200E+00   3.3167000E+00   8.6557000E-01   4.3854000E-01   1.0000000E-05   0.0000000E+00   0.0000000E+00   6.6773000E-01   3.1216000E-01   2.7883000E-03   1.8429000E-03   9.6381000E-03   1.9805000E-03   2.8162485E+00   2.2445895E+00   6.3280515E-01  -1.6754163E+00  -3.2853673E+00  -5.4094642E+00  -6.3709257E+00  -6.7648859E+00
   2.3200000E+03   1.2378578E+10   2.1917000E+00   3.4986100E+00   3.3310900E+00   8.5627000E-01   4.4157000E-01   1.0000000E-05   0.0000000E+00   0.0000000E+00   6.6773000E-01   3.1216000E-01   2.7883000E-03   1.8429000E-03   9.6381000E-03   1.9805000E-03   2.9571722E+00   2.4285361E+00   8.6596795E-01  -1.5937451E+00  -3.2540911E+00  -5.4545190E+00  -6.4103484E+00  -6.8171460E+00
   2.3300000E+03   1.2378668E+10   2.2029600E+00   3.4964100E+00   3.3447900E+00   8.4647000E-01   4.4454000E-01   1.0000000E-05   0.0000000E+00   0.0000000E+00   6.6773000E-01   3.1216000E-01   2.7883000E-03   1.8429000E-03   9.6381000E-03   1.9805000E-03   2.9513948E+00   2.4521611E+00   8.8033195E-01  -1.5989937E+00  -3.2680582E+00  -5.4920909E+00  -6.4464923E+00  -6.8554656E+00
   2.3400000E+03   1.2378753E+10   2.2139000E+00   3.4941500E+00   3.3576300E+00   8.3622000E-01   4.4742000E-01   1.0000000E-05   0.0000000E+00   0.0000000E+00   6.6773000E-01   3.1216000E-01   2.7883000E-03   1.8429000E-03   9.6381000E-03   1.9805000E-03   2.9523738E+00   2.4868133E+00   9.0441052E-01  -1.5976748E+00  -3.2767579E+00  -5.5279308E+00  -6.4807131E+00  -6.8922751E+00
   2.3500000E+03   1.2378833E+10   2.2245800E+00   3.4917600E+00   3.3694400E+00   8.2553000E-01   4.5021000E-01   1.0000000E-05   0.0000000E+00   0.0000000E+00   6.6773000E-01   3.1216000E-01   2.7883000E-03   1.8429000E-03   9.6381000E-03   1.9805000E-03   2.9623681E+00   2.5373570E+00   9.4218055E-01  -1.5875421E+00  -3.2785744E+00  -5.5617614E+00  -6.5126704E+00  -6.9273380E+00
   2.3600000E+03   1.2378909E+10   2.2344900E+00   3.4893200E+00   3.3794900E+00   8.1435000E-01   4.5293000E-01   1.0000000E-05   0.0000000E+00   0.0000000E+00   6.6773000E-01   3.1216000E-01   2.7883000E-03   1.8429000E-03   9.6381000E-03   1.9805000E-03   2.9829334E+00   2.6061939E+00   9.9565757E-01  -1.5670836E+00  -3.2720162E+00  -5.5916535E+00  -6.5404809E+00  -6.9586993E+00
   2.3650000E+03   1.2378927E+10   2.2359100E+00   3.4889000E+00   3.3806800E+00   8.1155000E-01   4.5359000E-01   1.0000000E-05   0.0000000E+00   0.0000000E+00   6.6773000E-01   3.1216000E-01   2.7883000E-03   1.8429000E-03   9.6381000E-03   1.9805000E-03   2.9884397E+00   2.6208670E+00   1.0073910E+00  -1.5616257E+00  -3.2691524E+00  -5.5954893E+00  -6.5439402E+00  -6.9628110E+00
   2.3710000E+03   1.2378928E+10   2.2359400E+00   3.4888900E+00   3.3806900E+00   8.1141000E-01   4.5362000E-01   1.0000000E-05   0.0000000E+00   0.0000000E+00   6.6773000E-01   3.1216000E-01   2.7883000E-03   1.8429000E-03   9.6381000E-03   1.9805000E-03   2.9886288E+00   2.6212762E+00   1.0077310E+00  -1.5614393E+00  -3.2690300E+00  -5.5955359E+00  -6.5439773E+00  -6.9628651E+00
