                                             NORMALIZED SPECTRUM
               |-------------------------------------------------------------------------------------------------------------------------------------------------------------------------------------------------------------------------------------------------------------------------------------------------------------------------------------------------------------------------------------------------------------------------------|
WAVELENGTH [A]    1 Myr          2 Myr          3 Myr          4 Myr          5 Myr          6 Myr          7 Myr          8 Myr          9 Myr          10 Myr         11 Myr         12 Myr         13 Myr        14 Myr         15 Myr         16 Myr          17 Myr        18 Myr         19 Myr         20 Myr          30Myr          40Myr          50Myr           60Myr         70Myr           80Myr         90Myr           100Myr
1.01600e+03    9.83000e-01    9.76900e-01    1.00010e+00    1.00100e+00    1.00060e+00    1.00260e+00    1.00220e+00    1.00250e+00    1.00280e+00    1.00310e+00    1.00350e+00    1.00390e+00    1.00440e+00    1.00480e+00    1.00530e+00    1.00590e+00    1.00630e+00    1.00710e+00    1.00760e+00    1.00810e+00    1.01710e+00    1.05260e+00    1.08680e+00    1.10770e+00    1.09400e+00    1.04700e+00    1.00580e+00    1.00040e+00    
1.01620e+03    9.88400e-01    9.81500e-01    9.99400e-01    9.99900e-01    9.99500e-01    1.00040e+00    1.00030e+00    1.00040e+00    1.00040e+00    1.00050e+00    1.00050e+00    1.00060e+00    1.00070e+00    1.00070e+00    1.00080e+00    1.00090e+00    1.00100e+00    1.00110e+00    1.00120e+00    1.00120e+00    1.00260e+00    1.00810e+00    1.01330e+00    1.01650e+00    1.01440e+00    1.00720e+00    1.00090e+00    1.00010e+00    
1.01640e+03    9.90900e-01    9.80800e-01    9.98100e-01    9.98700e-01    9.98400e-01    9.98700e-01    9.98800e-01    9.98600e-01    9.98400e-01    9.98200e-01    9.97900e-01    9.97700e-01    9.97400e-01    9.97200e-01    9.96800e-01    9.96500e-01    9.96100e-01    9.95600e-01    9.95100e-01    9.94500e-01    9.82900e-01    9.80000e-01    9.80100e-01    9.80800e-01    9.85300e-01    9.92700e-01    9.99100e-01    9.99900e-01    
1.01660e+03    9.98700e-01    9.89500e-01    1.00310e+00    9.98900e-01    9.99000e-01    1.00000e+00    9.99600e-01    9.99500e-01    9.99500e-01    9.99300e-01    9.99200e-01    9.99000e-01    9.98900e-01    9.98900e-01    9.98700e-01    9.98500e-01    9.98200e-01    9.97700e-01    9.97300e-01    9.96200e-01    9.77900e-01    1.01650e+00    1.06130e+00    1.09030e+00    1.08410e+00    1.04220e+00    1.00520e+00    1.00040e+00    
1.01680e+03    1.00020e+00    9.92600e-01    1.00270e+00    9.95800e-01    9.95900e-01    9.95900e-01    9.95800e-01    9.95100e-01    9.94500e-01    9.93700e-01    9.92800e-01    9.91800e-01    9.90900e-01    9.90100e-01    9.88900e-01    9.87500e-01    9.86300e-01    9.84100e-01    9.82400e-01    9.79400e-01    9.27900e-01    9.50100e-01    9.86700e-01    1.01260e+00    1.02170e+00    1.01110e+00    1.00140e+00    1.00010e+00    
1.01700e+03    9.95200e-01    9.90000e-01    9.96900e-01    9.92000e-01    9.91900e-01    9.90600e-01    9.90900e-01    9.89500e-01    9.88300e-01    9.86600e-01    9.84800e-01    9.82800e-01    9.80800e-01    9.79100e-01    9.76600e-01    9.73900e-01    9.71500e-01    9.67200e-01    9.64100e-01    9.58900e-01    8.71000e-01    8.57600e-01    8.67200e-01    8.78300e-01    9.09600e-01    9.55200e-01    9.94500e-01    9.99600e-01    
1.01720e+03    9.91600e-01    9.88700e-01    9.92300e-01    9.90000e-01    9.89800e-01    9.87800e-01    9.88300e-01    9.86600e-01    9.85000e-01    9.82900e-01    9.80700e-01    9.78100e-01    9.75600e-01    9.73400e-01    9.70300e-01    9.66800e-01    9.63800e-01    9.58500e-01    9.54600e-01    9.48500e-01    8.42600e-01    8.08200e-01    8.01000e-01    8.02700e-01    8.45900e-01    9.23400e-01    9.90600e-01    9.99300e-01    
1.01740e+03    9.89900e-01    9.83700e-01    9.89000e-01    9.90000e-01    9.89900e-01    9.87900e-01    9.88400e-01    9.86600e-01    9.85100e-01    9.82900e-01    9.80700e-01    9.78200e-01    9.75600e-01    9.73400e-01    9.70300e-01    9.66900e-01    9.63800e-01    9.58500e-01    9.54600e-01    9.48300e-01    8.40700e-01    8.12000e-01    8.11200e-01    8.17000e-01    8.59000e-01    9.29900e-01    9.91400e-01    9.99300e-01    
1.01760e+03    9.85800e-01    9.75000e-01    9.81800e-01    9.84900e-01    9.83900e-01    9.79100e-01    9.76700e-01    9.71700e-01    9.64300e-01    9.52500e-01    9.41500e-01    9.33000e-01    9.29200e-01    9.32300e-01    9.40000e-01    9.46600e-01    9.52300e-01    9.56500e-01    9.59400e-01    9.59800e-01    8.90700e-01    8.81400e-01    8.91800e-01    9.02700e-01    9.28600e-01    9.64600e-01    9.95700e-01    9.99700e-01    
1.01780e+03    9.90200e-01    9.75900e-01    9.88300e-01    9.97500e-01    9.97900e-01    9.98000e-01    9.98800e-01    9.99100e-01    1.00010e+00    1.00190e+00    1.00340e+00    1.00400e+00    1.00340e+00    1.00120e+00    9.97100e-01    9.93100e-01    9.89600e-01    9.84900e-01    9.81600e-01    9.77200e-01    9.22400e-01    9.19600e-01    9.31100e-01    9.41300e-01    9.58600e-01    9.79600e-01    9.97500e-01    9.99800e-01    
1.01800e+03    9.44800e-01    9.35400e-01    9.34100e-01    9.42300e-01    9.12800e-01    8.82200e-01    8.68900e-01    8.62800e-01    8.69200e-01    8.95900e-01    9.28200e-01    9.55600e-01    9.76100e-01    9.86200e-01    9.89400e-01    9.91900e-01    9.94100e-01    9.95300e-01    9.96200e-01    9.95700e-01    9.53200e-01    9.28700e-01    9.14900e-01    9.07600e-01    9.21800e-01    9.54900e-01    9.68500e-01    9.46700e-01    
1.01820e+03    9.20900e-01    9.13400e-01    9.01000e-01    8.96100e-01    8.90600e-01    8.78100e-01    8.84500e-01    8.74600e-01    8.76100e-01    8.98100e-01    9.24300e-01    9.43800e-01    9.51700e-01    9.42000e-01    9.20100e-01    9.00700e-01    8.84500e-01    8.69400e-01    8.58800e-01    8.52800e-01    9.43200e-01    9.36200e-01    9.02300e-01    8.77900e-01    8.64900e-01    8.66300e-01    8.77200e-01    8.95400e-01    
1.01840e+03    9.74400e-01    9.68400e-01    9.84400e-01    9.88200e-01    9.89800e-01    9.92200e-01    9.80000e-01    9.82200e-01    9.89600e-01    1.00350e+00    1.01720e+00    1.02760e+00    1.03260e+00    1.02970e+00    1.02090e+00    1.01290e+00    1.00590e+00    9.98600e-01    9.93600e-01    9.89200e-01    9.81000e-01    9.55500e-01    9.30100e-01    9.14200e-01    9.20900e-01    9.49900e-01    9.83100e-01    9.99400e-01    
1.01860e+03    1.02260e+00    1.01890e+00    1.04830e+00    1.05770e+00    1.05820e+00    1.06480e+00    1.05570e+00    1.05690e+00    1.05670e+00    1.05320e+00    1.04960e+00    1.04760e+00    1.04860e+00    1.05430e+00    1.06340e+00    1.07130e+00    1.07780e+00    1.08360e+00    1.08770e+00    1.08980e+00    1.04000e+00    1.00270e+00    9.77800e-01    9.61000e-01    9.59200e-01    9.73700e-01    9.93300e-01    1.00630e+00    
1.01880e+03    1.04810e+00    1.05260e+00    1.06680e+00    1.06870e+00    1.07000e+00    1.07280e+00    1.06990e+00    1.07430e+00    1.07600e+00    1.07290e+00    1.06870e+00    1.06610e+00    1.06650e+00    1.07170e+00    1.08010e+00    1.08720e+00    1.09310e+00    1.09800e+00    1.10140e+00    1.10260e+00    1.03850e+00    1.00150e+00    9.80200e-01    9.65300e-01    9.61800e-01    9.70600e-01    9.67400e-01    9.50100e-01    
1.01900e+03    1.03600e+00    1.03940e+00    1.04350e+00    1.04770e+00    1.04000e+00    1.03660e+00    1.03690e+00    1.02910e+00    1.02710e+00    1.03610e+00    1.04910e+00    1.06000e+00    1.06810e+00    1.07250e+00    1.07390e+00    1.07460e+00    1.07480e+00    1.07370e+00    1.07290e+00    1.07000e+00    9.88600e-01    9.33300e-01    8.97400e-01    8.76900e-01    9.03400e-01    9.73000e-01    1.00100e+00    9.52600e-01    
1.01920e+03    9.72000e-01    9.70100e-01    9.33000e-01    9.21300e-01    9.14000e-01    9.14900e-01    9.03800e-01    8.63900e-01    8.44100e-01    8.60500e-01    8.92900e-01    9.20000e-01    9.39700e-01    9.48500e-01    9.49600e-01    9.50200e-01    9.50800e-01    9.49800e-01    9.49200e-01    9.47200e-01    8.88600e-01    8.28800e-01    7.82100e-01    7.53100e-01    7.68700e-01    8.26800e-01    8.54000e-01    8.22700e-01    
1.01940e+03    9.55300e-01    9.60400e-01    9.16300e-01    8.92700e-01    8.74300e-01    8.55600e-01    8.52600e-01    8.23500e-01    8.07700e-01    8.16400e-01    8.35200e-01    8.49700e-01    8.57400e-01    8.55200e-01    8.45700e-01    8.36600e-01    8.29200e-01    8.20100e-01    8.13700e-01    8.07600e-01    7.66700e-01    6.90000e-01    6.20100e-01    5.76000e-01    5.90800e-01    6.63000e-01    7.25800e-01    7.37200e-01    
1.01960e+03    9.71500e-01    9.81800e-01    9.59600e-01    9.32400e-01    9.02900e-01    8.74900e-01    8.60800e-01    8.49700e-01    8.47500e-01    8.58500e-01    8.71600e-01    8.79000e-01    8.76700e-01    8.60100e-01    8.32300e-01    8.07000e-01    7.85800e-01    7.63400e-01    7.47500e-01    7.34500e-01    7.29700e-01    6.82800e-01    6.32000e-01    6.00300e-01    6.12800e-01    6.67600e-01    7.10800e-01    7.13500e-01    
1.01980e+03    9.64700e-01    9.76600e-01    9.56200e-01    9.26200e-01    8.94000e-01    8.63400e-01    8.42000e-01    8.24900e-01    8.20100e-01    8.34200e-01    8.52500e-01    8.64300e-01    8.64900e-01    8.48900e-01    8.20300e-01    7.94300e-01    7.72500e-01    7.49800e-01    7.33700e-01    7.20900e-01    7.29100e-01    6.77400e-01    6.18400e-01    5.82700e-01    6.06500e-01    6.86200e-01    7.43700e-01    7.35800e-01    
1.02000e+03    9.72300e-01    9.78300e-01    9.83700e-01    9.60500e-01    9.32200e-01    9.15800e-01    9.11200e-01    9.11200e-01    9.09700e-01    9.04700e-01    8.96900e-01    8.87800e-01    8.75900e-01    8.59900e-01    8.40100e-01    8.21900e-01    8.06800e-01    7.90400e-01    7.78800e-01    7.69000e-01    7.52000e-01    6.91200e-01    6.30100e-01    5.92100e-01    6.09800e-01    6.80700e-01    7.23600e-01    7.03500e-01    
1.02020e+03    9.41300e-01    9.29900e-01    9.39500e-01    9.40300e-01    9.26600e-01    9.13500e-01    9.21400e-01    9.22300e-01    9.19300e-01    9.10200e-01    8.98400e-01    8.86800e-01    8.75200e-01    8.63700e-01    8.51400e-01    8.39900e-01    8.30500e-01    8.19300e-01    8.11500e-01    8.04200e-01    7.65300e-01    6.88200e-01    6.17000e-01    5.73100e-01    5.96200e-01    6.83300e-01    7.44300e-01    7.32100e-01    
1.02040e+03    8.38500e-01    8.12000e-01    7.73300e-01    7.36800e-01    7.26800e-01    7.54700e-01    7.85900e-01    7.94000e-01    7.93800e-01    7.83300e-01    7.69500e-01    7.57800e-01    7.49700e-01    7.46700e-01    7.47300e-01    7.47600e-01    7.48700e-01    7.48200e-01    7.47800e-01    7.47300e-01    7.28300e-01    6.37800e-01    5.49800e-01    4.96000e-01    5.27600e-01    6.40700e-01    7.26500e-01    7.21100e-01    
1.02060e+03    7.59900e-01    7.23700e-01    6.45700e-01    6.31000e-01    6.52400e-01    6.64400e-01    6.82000e-01    6.69300e-01    6.59200e-01    6.57200e-01    6.60600e-01    6.64200e-01    6.68800e-01    6.74600e-01    6.82000e-01    6.88300e-01    6.94800e-01    6.99300e-01    7.02600e-01    7.05200e-01    6.85900e-01    5.75800e-01    4.67900e-01    3.99000e-01    4.16500e-01    5.19100e-01    6.01800e-01    6.07000e-01    
1.02080e+03    7.91500e-01    7.70600e-01    7.45700e-01    7.28300e-01    7.01000e-01    6.89100e-01    6.95700e-01    6.91900e-01    6.86900e-01    6.81000e-01    6.75400e-01    6.70100e-01    6.65100e-01    6.60400e-01    6.56000e-01    6.51900e-01    6.49600e-01    6.45500e-01    6.42700e-01    6.41000e-01    6.45500e-01    5.50900e-01    4.51300e-01    3.86000e-01    3.89300e-01    4.62000e-01    5.35800e-01    5.68100e-01    
1.02100e+03    7.87000e-01    7.71500e-01    7.30100e-01    6.94700e-01    6.72000e-01    6.59900e-01    6.59200e-01    6.55500e-01    6.49200e-01    6.38400e-01    6.26500e-01    6.15500e-01    6.05200e-01    5.95800e-01    5.86900e-01    5.79000e-01    5.73600e-01    5.66800e-01    5.62000e-01    5.59200e-01    5.90700e-01    5.22400e-01    4.43300e-01    3.94900e-01    4.20300e-01    5.15900e-01    5.96400e-01    6.08300e-01    
1.02120e+03    7.76700e-01    7.70500e-01    7.15400e-01    6.72300e-01    6.46800e-01    6.30000e-01    6.45600e-01    6.43000e-01    6.34800e-01    6.19200e-01    6.02100e-01    5.87100e-01    5.74700e-01    5.66100e-01    5.60300e-01    5.54900e-01    5.51800e-01    5.46800e-01    5.43400e-01    5.41400e-01    5.59300e-01    4.80700e-01    3.94400e-01    3.38900e-01    3.47600e-01    4.19700e-01    4.92700e-01    5.25700e-01    
1.02140e+03    7.84900e-01    7.75800e-01    7.37800e-01    7.12700e-01    6.84700e-01    6.71800e-01    6.75600e-01    6.56300e-01    6.42800e-01    6.41200e-01    6.44600e-01    6.45500e-01    6.42000e-01    6.31900e-01    6.16800e-01    6.03100e-01    5.92500e-01    5.80300e-01    5.71600e-01    5.65200e-01    5.79000e-01    5.08500e-01    4.30500e-01    3.81200e-01    3.96200e-01    4.73200e-01    5.39300e-01    5.53200e-01    
1.02160e+03    8.24100e-01    8.19200e-01    8.05300e-01    8.01500e-01    7.89400e-01    7.84000e-01    7.94200e-01    7.74900e-01    7.65500e-01    7.75100e-01    7.90000e-01    7.98700e-01    7.97100e-01    7.80600e-01    7.52100e-01    7.25900e-01    7.04100e-01    6.80200e-01    6.63200e-01    6.48500e-01    6.12600e-01    5.39100e-01    4.68400e-01    4.23200e-01    4.32200e-01    4.94100e-01    5.46800e-01    5.58800e-01    
1.02180e+03    8.58000e-01    8.58700e-01    8.75800e-01    8.79600e-01    8.72200e-01    8.77200e-01    8.90500e-01    8.72900e-01    8.61400e-01    8.62300e-01    8.66700e-01    8.66400e-01    8.58100e-01    8.38400e-01    8.08800e-01    7.81500e-01    7.58500e-01    7.32800e-01    7.14700e-01    6.98100e-01    6.29400e-01    5.43800e-01    4.68700e-01    4.20100e-01    4.25700e-01    4.84800e-01    5.34600e-01    5.45400e-01    
1.02200e+03    8.49200e-01    8.55700e-01    8.75000e-01    8.76900e-01    8.71200e-01    8.74800e-01    8.93300e-01    8.67800e-01    8.49900e-01    8.48800e-01    8.54100e-01    8.54600e-01    8.47400e-01    8.29100e-01    8.01100e-01    7.75000e-01    7.53100e-01    7.28100e-01    7.10300e-01    6.93500e-01    6.03300e-01    4.98400e-01    4.09200e-01    3.51900e-01    3.62700e-01    4.40500e-01    5.06200e-01    5.18800e-01    
1.02220e+03    8.27600e-01    8.34400e-01    8.54100e-01    8.52500e-01    8.57800e-01    8.71700e-01    9.06100e-01    8.94300e-01    8.82600e-01    8.75500e-01    8.69600e-01    8.60800e-01    8.47000e-01    8.26300e-01    7.98700e-01    7.72700e-01    7.50900e-01    7.25400e-01    7.07300e-01    6.89300e-01    5.69600e-01    4.48800e-01    3.51100e-01    2.90400e-01    3.17600e-01    4.28800e-01    5.15200e-01    5.17100e-01    
1.02240e+03    7.83500e-01    7.89200e-01    7.94100e-01    7.83100e-01    7.97300e-01    8.16800e-01    8.45700e-01    8.34400e-01    8.23900e-01    8.18400e-01    8.13800e-01    8.06000e-01    7.92600e-01    7.71300e-01    7.42500e-01    7.15700e-01    6.93400e-01    6.67800e-01    6.49700e-01    6.32800e-01    5.50400e-01    4.45400e-01    3.54200e-01    2.97100e-01    3.17800e-01    4.13400e-01    4.90700e-01    4.98900e-01    
1.02260e+03    7.39900e-01    7.43000e-01    7.39900e-01    7.27200e-01    7.42100e-01    7.63600e-01    7.89000e-01    7.73200e-01    7.61400e-01    7.59700e-01    7.60600e-01    7.57200e-01    7.46200e-01    7.24100e-01    6.92500e-01    6.63400e-01    6.39400e-01    6.12600e-01    5.93600e-01    5.76900e-01    5.28200e-01    4.36900e-01    3.50400e-01    2.92600e-01    2.84300e-01    3.27300e-01    3.95600e-01    4.62000e-01    
1.02280e+03    7.09600e-01    7.08900e-01    7.13200e-01    7.09900e-01    7.22700e-01    7.45700e-01    7.81700e-01    7.63600e-01    7.50100e-01    7.49500e-01    7.52400e-01    7.50400e-01    7.39500e-01    7.15900e-01    6.81400e-01    6.49800e-01    6.23600e-01    5.94700e-01    5.74200e-01    5.56400e-01    5.13300e-01    4.41200e-01    3.72900e-01    3.28300e-01    3.26400e-01    3.67500e-01    4.29100e-01    4.86500e-01    
1.02300e+03    6.98200e-01    6.94800e-01    7.09600e-01    7.19200e-01    7.39000e-01    7.69600e-01    8.14100e-01    7.98700e-01    7.84500e-01    7.78300e-01    7.74300e-01    7.66600e-01    7.52200e-01    7.28200e-01    6.95500e-01    6.65300e-01    6.40300e-01    6.12300e-01    5.92400e-01    5.74500e-01    5.12900e-01    4.47500e-01    3.91200e-01    3.55300e-01    3.60300e-01    4.04400e-01    4.43400e-01    4.58400e-01    
1.02320e+03    6.77300e-01    6.79200e-01    6.76100e-01    6.83700e-01    7.10300e-01    7.40400e-01    7.94700e-01    7.68100e-01    7.45000e-01    7.36300e-01    7.33500e-01    7.26600e-01    7.12400e-01    6.87300e-01    6.52900e-01    6.21200e-01    5.95100e-01    5.66000e-01    5.45400e-01    5.27300e-01    4.80100e-01    3.97400e-01    3.19600e-01    2.70700e-01    2.85300e-01    3.60800e-01    4.28400e-01    4.49000e-01    
1.02340e+03    6.58500e-01    6.63900e-01    6.49000e-01    6.61400e-01    6.97300e-01    7.24800e-01    7.83300e-01    7.51900e-01    7.23900e-01    7.11200e-01    7.05400e-01    6.95800e-01    6.78900e-01    6.51400e-01    6.14700e-01    5.81100e-01    5.53400e-01    5.23100e-01    5.01600e-01    4.83500e-01    4.58800e-01    3.75100e-01    2.90300e-01    2.36600e-01    2.49900e-01    3.28000e-01    3.99800e-01    4.24300e-01    
1.02360e+03    6.31100e-01    6.43400e-01    6.10500e-01    6.16800e-01    6.57100e-01    6.84100e-01    7.45300e-01    7.06500e-01    6.74400e-01    6.63800e-01    6.63000e-01    6.57400e-01    6.43000e-01    6.15500e-01    5.77300e-01    5.42600e-01    5.14200e-01    4.83700e-01    4.62100e-01    4.45000e-01    4.58800e-01    3.81600e-01    2.93000e-01    2.35700e-01    2.41500e-01    3.09200e-01    3.73500e-01    3.99600e-01    
1.02380e+03    5.74100e-01    5.81500e-01    5.19600e-01    5.21600e-01    5.70000e-01    6.00000e-01    6.59200e-01    6.11600e-01    5.74800e-01    5.67700e-01    5.74200e-01    5.75500e-01    5.67200e-01    5.44600e-01    5.11000e-01    4.80600e-01    4.56200e-01    4.30200e-01    4.11800e-01    3.98400e-01    4.48300e-01    3.81100e-01    2.94300e-01    2.37900e-01    2.41100e-01    3.03300e-01    3.64600e-01    3.93400e-01    
1.02400e+03    5.11600e-01    5.13600e-01    4.23700e-01    4.11300e-01    4.67600e-01    5.08500e-01    5.59800e-01    5.11400e-01    4.74500e-01    4.67600e-01    4.75500e-01    4.79300e-01    4.75500e-01    4.60100e-01    4.36500e-01    4.15300e-01    3.99100e-01    3.81300e-01    3.68800e-01    3.60800e-01    4.30200e-01    3.65300e-01    2.77000e-01    2.17900e-01    2.07900e-01    2.48700e-01    3.03700e-01    3.52100e-01    
1.02420e+03    4.48000e-01    4.39400e-01    3.40700e-01    3.17800e-01    3.77100e-01    4.33700e-01    4.76700e-01    4.24500e-01    3.86700e-01    3.83200e-01    3.96700e-01    4.06200e-01    4.08400e-01    3.99700e-01    3.83700e-01    3.69400e-01    3.59200e-01    3.47500e-01    3.39400e-01    3.35300e-01    4.13500e-01    3.30000e-01    2.20900e-01    1.46700e-01    1.27700e-01    1.67500e-01    2.29800e-01    2.92600e-01    
1.02440e+03    4.11300e-01    3.89000e-01    3.08300e-01    2.91700e-01    3.47700e-01    4.12900e-01    4.63700e-01    4.20600e-01    3.86500e-01    3.78000e-01    3.83300e-01    3.86300e-01    3.84800e-01    3.76300e-01    3.63300e-01    3.51900e-01    3.44400e-01    3.35800e-01    3.29800e-01    3.28000e-01    4.27800e-01    3.72200e-01    2.87800e-01    2.33200e-01    2.39400e-01    3.04900e-01    3.57700e-01    3.67700e-01    
1.02460e+03    3.80500e-01    3.56600e-01    2.71100e-01    2.52100e-01    3.00900e-01    3.62900e-01    4.10600e-01    3.75400e-01    3.48000e-01    3.43000e-01    3.49600e-01    3.54000e-01    3.54000e-01    3.47100e-01    3.36100e-01    3.26700e-01    3.20900e-01    3.14400e-01    3.09800e-01    3.09800e-01    4.28400e-01    3.77400e-01    2.92900e-01    2.36900e-01    2.32900e-01    2.81200e-01    3.26100e-01    3.46700e-01    
1.02480e+03    3.34000e-01    2.99000e-01    2.09200e-01    1.97000e-01    2.33500e-01    2.87500e-01    3.23300e-01    3.01100e-01    2.85000e-01    2.86100e-01    2.95000e-01    3.01800e-01    3.04400e-01    3.00100e-01    2.92200e-01    2.85700e-01    2.82700e-01    2.79100e-01    2.76700e-01    2.79300e-01    4.23700e-01    3.71600e-01    2.80000e-01    2.19300e-01    2.15300e-01    2.68700e-01    3.23100e-01    3.52700e-01    
1.02500e+03    2.97600e-01    2.58300e-01    1.63300e-01    1.56800e-01    1.78800e-01    2.15000e-01    2.48300e-01    2.37100e-01    2.30400e-01    2.36500e-01    2.47600e-01    2.56600e-01    2.61600e-01    2.59700e-01    2.54700e-01    2.51000e-01    2.50500e-01    2.49700e-01    2.49200e-01    2.53800e-01    4.15600e-01    3.87900e-01    3.16900e-01    2.66600e-01    2.39200e-01    2.38200e-01    2.52400e-01    2.89900e-01    
1.02520e+03    2.64200e-01    2.19800e-01    1.29700e-01    1.25600e-01    1.41600e-01    1.67200e-01    1.91300e-01    1.91800e-01    1.93600e-01    2.00600e-01    2.08400e-01    2.15000e-01    2.18500e-01    2.16900e-01    2.13400e-01    2.11100e-01    2.12000e-01    2.12700e-01    2.13300e-01    2.19100e-01    3.94500e-01    3.48500e-01    2.56000e-01    1.95400e-01    1.96100e-01    2.57900e-01    3.17600e-01    3.45100e-01    
1.02540e+03    2.44600e-01    2.02400e-01    1.19800e-01    1.13900e-01    1.28700e-01    1.50100e-01    1.59500e-01    1.64900e-01    1.70100e-01    1.75800e-01    1.80200e-01    1.84300e-01    1.86600e-01    1.85600e-01    1.84300e-01    1.84000e-01    1.86800e-01    1.89500e-01    1.91600e-01    1.99300e-01    3.92800e-01    3.47100e-01    2.50000e-01    1.83600e-01    1.63700e-01    1.93700e-01    2.42800e-01    2.96600e-01    
1.02560e+03    2.30700e-01    1.93900e-01    1.13000e-01    1.06400e-01    1.22000e-01    1.42500e-01    1.47900e-01    1.52500e-01    1.58300e-01    1.66300e-01    1.73600e-01    1.80100e-01    1.84200e-01    1.84100e-01    1.83000e-01    1.83000e-01    1.86000e-01    1.89000e-01    1.91200e-01    1.99000e-01    3.92500e-01    3.50200e-01    2.56700e-01    1.92100e-01    1.67300e-01    1.86600e-01    2.31500e-01    2.93200e-01    
1.02580e+03    2.19100e-01    1.81800e-01    1.10900e-01    1.13900e-01    1.29700e-01    1.50600e-01    1.55900e-01    1.62200e-01    1.69600e-01    1.79200e-01    1.87600e-01    1.94900e-01    1.99400e-01    1.98900e-01    1.97000e-01    1.96100e-01    1.98400e-01    2.00500e-01    2.02100e-01    2.09100e-01    3.93500e-01    3.40300e-01    2.38200e-01    1.71000e-01    1.70000e-01    2.35700e-01    3.03400e-01    3.39300e-01    
1.02600e+03    2.25200e-01    1.96700e-01    1.31300e-01    1.38200e-01    1.63600e-01    1.86800e-01    1.84800e-01    1.82400e-01    1.85800e-01    1.98700e-01    2.13200e-01    2.24900e-01    2.31400e-01    2.29300e-01    2.22800e-01    2.17800e-01    2.16300e-01    2.14600e-01    2.13500e-01    2.18000e-01    3.92400e-01    3.38700e-01    2.37700e-01    1.70000e-01    1.59400e-01    2.07800e-01    2.67600e-01    3.14100e-01    
1.02620e+03    2.48000e-01    2.28600e-01    1.72900e-01    1.79900e-01    2.10300e-01    2.33800e-01    2.40000e-01    2.30700e-01    2.28100e-01    2.38100e-01    2.51900e-01    2.62800e-01    2.68100e-01    2.64600e-01    2.56200e-01    2.49300e-01    2.46100e-01    2.42200e-01    2.39600e-01    2.42100e-01    3.91000e-01    3.36700e-01    2.40800e-01    1.73600e-01    1.42600e-01    1.52800e-01    1.93700e-01    2.61800e-01    
1.02640e+03    2.68100e-01    2.57500e-01    2.12600e-01    2.18900e-01    2.42400e-01    2.58500e-01    2.74000e-01    2.54500e-01    2.45000e-01    2.56000e-01    2.74200e-01    2.88400e-01    2.95000e-01    2.90100e-01    2.78100e-01    2.67900e-01    2.61700e-01    2.54800e-01    2.50000e-01    2.50300e-01    3.89300e-01    3.44000e-01    2.60100e-01    2.03100e-01    1.88000e-01    2.16800e-01    2.62900e-01    3.13600e-01    
1.02660e+03    3.00200e-01    3.03500e-01    2.74700e-01    2.78600e-01    2.92900e-01    2.98600e-01    3.15200e-01    2.92000e-01    2.80400e-01    2.92200e-01    3.12100e-01    3.27100e-01    3.32900e-01    3.24800e-01    3.07900e-01    2.93200e-01    2.83000e-01    2.72300e-01    2.64800e-01    2.63000e-01    4.03800e-01    3.50200e-01    2.56400e-01    1.93200e-01    1.81700e-01    2.23500e-01    2.76700e-01    3.20800e-01    
1.02680e+03    3.29100e-01    3.46700e-01    3.26400e-01    3.24900e-01    3.30300e-01    3.27400e-01    3.65000e-01    3.40500e-01    3.27500e-01    3.40600e-01    3.62600e-01    3.78600e-01    3.83900e-01    3.72900e-01    3.51200e-01    3.31900e-01    3.17700e-01    3.02700e-01    2.92100e-01    2.87300e-01    4.08600e-01    3.45300e-01    2.45600e-01    1.78900e-01    1.69500e-01    2.19100e-01    2.74900e-01    3.12700e-01    
1.02700e+03    3.53200e-01    3.77300e-01    3.70500e-01    3.71500e-01    3.84300e-01    3.84900e-01    4.25400e-01    4.03700e-01    3.91900e-01    4.04100e-01    4.23900e-01    4.37500e-01    4.40400e-01    4.27100e-01    4.02500e-01    3.80500e-01    3.63600e-01    3.45300e-01    3.32400e-01    3.24500e-01    4.06500e-01    3.39700e-01    2.45700e-01    1.81100e-01    1.59200e-01    1.83600e-01    2.26800e-01    2.78700e-01    
1.02720e+03    3.77100e-01    4.08400e-01    4.12300e-01    4.07900e-01    4.14100e-01    4.17500e-01    4.71400e-01    4.52100e-01    4.40400e-01    4.49900e-01    4.65600e-01    4.75100e-01    4.73300e-01    4.54700e-01    4.24000e-01    3.96400e-01    3.74700e-01    3.51600e-01    3.35300e-01    3.24500e-01    4.05000e-01    3.41800e-01    2.51200e-01    1.89400e-01    1.71300e-01    1.99800e-01    2.45500e-01    2.95700e-01    
1.02740e+03    3.98800e-01    4.34700e-01    4.47700e-01    4.38700e-01    4.42300e-01    4.53400e-01    5.17800e-01    5.08900e-01    5.02600e-01    5.09600e-01    5.18700e-01    5.22200e-01    5.15200e-01    4.92600e-01    4.58300e-01    4.27500e-01    4.02900e-01    3.76800e-01    3.58400e-01    3.45600e-01    4.16700e-01    3.56200e-01    2.70600e-01    2.13300e-01    2.04900e-01    2.46300e-01    2.98000e-01    3.40200e-01    
1.02760e+03    4.07800e-01    4.39600e-01    4.56200e-01    4.53600e-01    4.65100e-01    4.87900e-01    5.50900e-01    5.47700e-01    5.46800e-01    5.57900e-01    5.69700e-01    5.75700e-01    5.71300e-01    5.51400e-01    5.19700e-01    4.90900e-01    4.67800e-01    4.42500e-01    4.24600e-01    4.10900e-01    4.32600e-01    3.49200e-01    2.53100e-01    1.90100e-01    1.90100e-01    2.53400e-01    3.21400e-01    3.60700e-01    
1.02780e+03    3.98500e-01    4.30400e-01    4.29000e-01    4.13500e-01    4.30900e-01    4.70100e-01    5.34300e-01    5.30700e-01    5.30900e-01    5.45700e-01    5.62000e-01    5.71700e-01    5.69800e-01    5.50700e-01    5.18700e-01    4.89700e-01    4.66300e-01    4.40900e-01    4.23000e-01    4.09400e-01    4.37300e-01    3.54500e-01    2.56800e-01    1.90200e-01    1.72000e-01    2.05400e-01    2.56800e-01    3.09800e-01    
1.02800e+03    3.83500e-01    4.14500e-01    3.96800e-01    3.73900e-01    3.88600e-01    4.28600e-01    4.95200e-01    4.86800e-01    4.84600e-01    5.02200e-01    5.23200e-01    5.36600e-01    5.36900e-01    5.17600e-01    4.83800e-01    4.53300e-01    4.28900e-01    4.02800e-01    3.84400e-01    3.71200e-01    4.27700e-01    3.50300e-01    2.50600e-01    1.83400e-01    1.70000e-01    2.12900e-01    2.67900e-01    3.14000e-01    
1.02820e+03    4.15200e-01    4.51000e-01    4.42400e-01    4.15100e-01    4.32000e-01    4.80700e-01    5.41800e-01    5.40300e-01    5.41000e-01    5.53100e-01    5.65200e-01    5.71000e-01    5.65600e-01    5.43600e-01    5.09100e-01    4.77800e-01    4.52600e-01    4.25600e-01    4.06500e-01    3.92400e-01    4.34400e-01    3.41900e-01    2.30100e-01    1.54200e-01    1.36600e-01    1.80800e-01    2.42700e-01    2.98800e-01    
1.02840e+03    4.47600e-01    4.83900e-01    4.88000e-01    4.64300e-01    4.81300e-01    5.33700e-01    5.76400e-01    5.76700e-01    5.79700e-01    5.91900e-01    6.02900e-01    6.07800e-01    6.01800e-01    5.79500e-01    5.44900e-01    5.13400e-01    4.87800e-01    4.60200e-01    4.40700e-01    4.25700e-01    4.48200e-01    3.53400e-01    2.44200e-01    1.70200e-01    1.54000e-01    1.98900e-01    2.59300e-01    3.11600e-01    
1.02860e+03    4.67500e-01    5.05700e-01    5.03600e-01    4.78400e-01    5.05400e-01    5.64300e-01    6.14600e-01    6.26000e-01    6.34100e-01    6.41300e-01    6.43400e-01    6.41300e-01    6.31300e-01    6.09800e-01    5.79000e-01    5.50800e-01    5.28000e-01    5.02600e-01    4.84700e-01    4.70100e-01    4.62200e-01    3.60100e-01    2.51800e-01    1.79700e-01    1.72800e-01    2.32800e-01    3.00400e-01    3.43800e-01    
1.02880e+03    4.76000e-01    5.17700e-01    4.87900e-01    4.60900e-01    5.09000e-01    5.77800e-01    6.32200e-01    6.33200e-01    6.36400e-01    6.49800e-01    6.63500e-01    6.72000e-01    6.71700e-01    6.58700e-01    6.35600e-01    6.14200e-01    5.96900e-01    5.76500e-01    5.62100e-01    5.49100e-01    4.96200e-01    3.86700e-01    2.82900e-01    2.12300e-01    1.95000e-01    2.34300e-01    2.86300e-01    3.31700e-01    
1.02900e+03    5.20900e-01    5.64300e-01    5.57700e-01    5.40400e-01    5.85900e-01    6.55800e-01    7.11700e-01    7.20200e-01    7.25600e-01    7.31700e-01    7.34800e-01    7.34100e-01    7.27300e-01    7.11800e-01    6.88700e-01    6.67000e-01    6.49300e-01    6.28200e-01    6.13300e-01    5.99100e-01    5.19100e-01    4.08800e-01    3.11000e-01    2.43300e-01    2.19200e-01    2.42900e-01    2.81800e-01    3.26300e-01    
1.02920e+03    5.41700e-01    5.93500e-01    5.83500e-01    5.63900e-01    6.18000e-01    6.82400e-01    7.18000e-01    7.26500e-01    7.32200e-01    7.36300e-01    7.35800e-01    7.31800e-01    7.21600e-01    7.02200e-01    6.75000e-01    6.49700e-01    6.29000e-01    6.05200e-01    5.88200e-01    5.73000e-01    5.10800e-01    4.07500e-01    3.12200e-01    2.47500e-01    2.33100e-01    2.71600e-01    3.15200e-01    3.47000e-01    
1.02940e+03    5.33500e-01    5.84500e-01    5.66400e-01    5.55400e-01    6.12300e-01    6.59100e-01    6.80400e-01    6.84100e-01    6.86900e-01    6.89900e-01    6.89400e-01    6.85400e-01    6.74800e-01    6.54800e-01    6.26900e-01    6.01200e-01    5.80400e-01    5.57000e-01    5.40400e-01    5.26500e-01    5.03000e-01    4.11200e-01    3.17300e-01    2.52000e-01    2.25900e-01    2.43400e-01    2.76500e-01    3.19700e-01    
1.02960e+03    5.30200e-01    5.77300e-01    5.54200e-01    5.57600e-01    6.23500e-01    6.56800e-01    6.79400e-01    6.86200e-01    6.88500e-01    6.84800e-01    6.76000e-01    6.65300e-01    6.50600e-01    6.30100e-01    6.04400e-01    5.80900e-01    5.62000e-01    5.41000e-01    5.26000e-01    5.14000e-01    5.10100e-01    4.35200e-01    3.54100e-01    2.96500e-01    2.64200e-01    2.62200e-01    2.81000e-01    3.26700e-01    
1.02980e+03    5.17700e-01    5.61500e-01    5.35400e-01    5.42100e-01    6.10600e-01    6.38700e-01    6.53900e-01    6.60000e-01    6.62300e-01    6.58800e-01    6.51000e-01    6.42000e-01    6.30200e-01    6.14300e-01    5.94800e-01    5.77000e-01    5.63100e-01    5.47000e-01    5.35600e-01    5.26600e-01    5.27200e-01    4.49800e-01    3.66100e-01    3.08400e-01    2.89200e-01    3.11400e-01    3.39300e-01    3.66200e-01    
1.03000e+03    5.15200e-01    5.57200e-01    5.26700e-01    5.35300e-01    6.12600e-01    6.42800e-01    6.56200e-01    6.64200e-01    6.68300e-01    6.66700e-01    6.60900e-01    6.54400e-01    6.46300e-01    6.35800e-01    6.23100e-01    6.11200e-01    6.02300e-01    5.91000e-01    5.83000e-01    5.76300e-01    5.56200e-01    4.72400e-01    3.87800e-01    3.27100e-01    2.90100e-01    2.82800e-01    2.96000e-01    3.39100e-01    
1.03020e+03    5.08000e-01    5.47200e-01    5.10600e-01    5.14400e-01    6.00700e-01    6.40100e-01    6.54500e-01    6.56500e-01    6.56400e-01    6.53600e-01    6.48500e-01    6.42700e-01    6.35100e-01    6.25000e-01    6.12500e-01    6.00900e-01    5.92200e-01    5.81200e-01    5.73400e-01    5.66800e-01    5.48600e-01    4.65900e-01    3.82600e-01    3.24900e-01    3.03800e-01    3.22600e-01    3.51400e-01    3.84600e-01    
1.03040e+03    4.87400e-01    5.18100e-01    4.68500e-01    4.72000e-01    5.62200e-01    5.98600e-01    6.09300e-01    6.11800e-01    6.12800e-01    6.12000e-01    6.08900e-01    6.04700e-01    5.98200e-01    5.88300e-01    5.75500e-01    5.63800e-01    5.55200e-01    5.44300e-01    5.36700e-01    5.30700e-01    5.30600e-01    4.55600e-01    3.75400e-01    3.18500e-01    2.87500e-01    2.87400e-01    3.11000e-01    3.61900e-01    
1.03060e+03    4.78800e-01    4.99100e-01    4.53900e-01    4.70600e-01    5.61000e-01    5.84800e-01    5.87400e-01    5.81600e-01    5.77000e-01    5.74600e-01    5.72200e-01    5.68300e-01    5.61600e-01    5.50600e-01    5.36200e-01    5.23000e-01    5.13200e-01    5.01200e-01    4.92700e-01    4.86300e-01    4.93600e-01    4.18500e-01    3.36500e-01    2.80000e-01    2.60200e-01    2.80200e-01    3.19900e-01    3.70500e-01    
1.03080e+03    4.76300e-01    4.87400e-01    4.42200e-01    4.62000e-01    5.48300e-01    5.73400e-01    5.82100e-01    5.69400e-01    5.58500e-01    5.51900e-01    5.46800e-01    5.40100e-01    5.29700e-01    5.14100e-01    4.94100e-01    4.75900e-01    4.62000e-01    4.46000e-01    4.34600e-01    4.26100e-01    4.47300e-01    3.81700e-01    3.05800e-01    2.56100e-01    2.55100e-01    3.02400e-01    3.54400e-01    3.88300e-01    
1.03100e+03    4.94400e-01    5.15300e-01    4.57900e-01    4.55400e-01    5.15900e-01    5.39600e-01    5.74700e-01    5.63100e-01    5.51700e-01    5.45300e-01    5.41100e-01    5.35200e-01    5.26100e-01    5.12200e-01    4.94300e-01    4.78000e-01    4.65600e-01    4.50700e-01    4.40100e-01    4.31700e-01    4.32700e-01    3.73100e-01    3.08700e-01    2.65200e-01    2.53700e-01    2.75000e-01    3.12000e-01    3.56700e-01    
1.03120e+03    5.41900e-01    5.60900e-01    5.32500e-01    5.46500e-01    6.03100e-01    6.22200e-01    6.38700e-01    6.38100e-01    6.33600e-01    6.23400e-01    6.10300e-01    5.96600e-01    5.81500e-01    5.64500e-01    5.44700e-01    5.26300e-01    5.11900e-01    4.94100e-01    4.81300e-01    4.69200e-01    4.09100e-01    3.55200e-01    3.12600e-01    2.84700e-01    2.79700e-01    2.96700e-01    3.27900e-01    3.69000e-01    
1.03140e+03    5.97100e-01    6.29900e-01    6.09400e-01    6.20900e-01    6.59000e-01    6.68100e-01    6.90000e-01    7.02100e-01    7.07400e-01    7.02000e-01    6.90400e-01    6.78400e-01    6.65300e-01    6.51300e-01    6.34900e-01    6.19400e-01    6.07100e-01    5.91300e-01    5.79900e-01    5.68200e-01    4.78400e-01    4.14300e-01    3.68800e-01    3.38400e-01    3.30100e-01    3.43800e-01    3.66700e-01    3.97300e-01    
1.03160e+03    6.20200e-01    6.57000e-01    6.29400e-01    6.39200e-01    6.63500e-01    6.68200e-01    6.91300e-01    7.06100e-01    7.16800e-01    7.21500e-01    7.21000e-01    7.18800e-01    7.14100e-01    7.06100e-01    6.94400e-01    6.83100e-01    6.74300e-01    6.62000e-01    6.53200e-01    6.43400e-01    5.47500e-01    4.79500e-01    4.32300e-01    4.02700e-01    4.09500e-01    4.50600e-01    4.81500e-01    4.86300e-01    
1.03180e+03    6.37200e-01    6.79300e-01    6.61800e-01    6.66200e-01    6.67700e-01    6.59900e-01    6.73900e-01    6.81700e-01    6.91000e-01    7.03300e-01    7.13400e-01    7.19900e-01    7.20800e-01    7.13700e-01    7.00000e-01    6.87000e-01    6.76600e-01    6.63100e-01    6.53500e-01    6.43400e-01    5.63500e-01    5.06700e-01    4.67100e-01    4.42900e-01    4.53800e-01    4.96800e-01    5.24700e-01    5.21200e-01    
1.03200e+03    6.58000e-01    7.06000e-01    7.11100e-01    7.08000e-01    6.87600e-01    6.64600e-01    6.65200e-01    6.68400e-01    6.76000e-01    6.89700e-01    7.01400e-01    7.08000e-01    7.05900e-01    6.91000e-01    6.65900e-01    6.43000e-01    6.24400e-01    6.03500e-01    5.88700e-01    5.76100e-01    5.54700e-01    5.16100e-01    4.78300e-01    4.53500e-01    4.51000e-01    4.69900e-01    4.86200e-01    4.96700e-01    
1.03220e+03    6.99900e-01    7.67000e-01    7.66400e-01    7.54000e-01    7.22200e-01    6.76500e-01    6.94800e-01    7.02000e-01    7.13500e-01    7.33400e-01    7.52100e-01    7.65200e-01    7.69700e-01    7.61500e-01    7.43400e-01    7.26500e-01    7.12600e-01    6.96200e-01    6.84500e-01    6.73200e-01    6.10200e-01    5.60500e-01    5.22500e-01    4.97200e-01    4.93100e-01    5.09400e-01    5.20500e-01    5.24600e-01    
1.03240e+03    7.70900e-01    8.42400e-01    8.64700e-01    8.66300e-01    8.27900e-01    7.78900e-01    8.00100e-01    8.22800e-01    8.44000e-01    8.63500e-01    8.77100e-01    8.86600e-01    8.90400e-01    8.86100e-01    8.74800e-01    8.63600e-01    8.54200e-01    8.41600e-01    8.32500e-01    8.21700e-01    6.96800e-01    6.26800e-01    5.84500e-01    5.56300e-01    5.52900e-01    5.74300e-01    5.89100e-01    5.91600e-01    
1.03260e+03    7.88100e-01    8.60400e-01    8.71600e-01    8.65500e-01    8.25800e-01    7.84700e-01    8.07100e-01    8.25300e-01    8.44500e-01    8.66600e-01    8.84700e-01    8.98000e-01    9.04200e-01    9.00200e-01    8.87900e-01    8.75900e-01    8.65700e-01    8.52800e-01    8.43500e-01    8.32800e-01    7.21300e-01    6.62400e-01    6.27900e-01    6.03800e-01    5.92200e-01    5.94400e-01    5.98900e-01    6.10000e-01    
1.03280e+03    7.49400e-01    8.15400e-01    7.95100e-01    7.71900e-01    7.35500e-01    6.96200e-01    7.19500e-01    7.28500e-01    7.40900e-01    7.61200e-01    7.79800e-01    7.93100e-01    7.97800e-01    7.89900e-01    7.72200e-01    7.55900e-01    7.42500e-01    7.27000e-01    7.15900e-01    7.05600e-01    6.60200e-01    6.31200e-01    6.10300e-01    5.95800e-01    5.87800e-01    5.86200e-01    5.89100e-01    6.03300e-01    
1.03300e+03    7.09300e-01    7.72100e-01    7.24800e-01    6.90400e-01    6.67000e-01    6.20000e-01    6.26800e-01    6.24000e-01    6.28100e-01    6.44200e-01    6.61400e-01    6.73300e-01    6.76300e-01    6.66400e-01    6.46400e-01    6.28200e-01    6.13700e-01    5.97100e-01    5.85300e-01    5.75300e-01    5.62800e-01    5.38600e-01    5.14200e-01    4.97500e-01    4.88200e-01    4.86400e-01    4.97100e-01    5.26300e-01    
1.03320e+03    7.17300e-01    7.78800e-01    7.45600e-01    7.12900e-01    6.86100e-01    6.29100e-01    6.27400e-01    6.18400e-01    6.14700e-01    6.20000e-01    6.26900e-01    6.30000e-01    6.26500e-01    6.13500e-01    5.92900e-01    5.73900e-01    5.58900e-01    5.41500e-01    5.29100e-01    5.18500e-01    4.99600e-01    4.51800e-01    4.04600e-01    3.73200e-01    3.66300e-01    3.84100e-01    4.16200e-01    4.55900e-01    
1.03340e+03    7.51000e-01    8.09700e-01    7.88300e-01    7.61200e-01    7.41800e-01    6.91900e-01    6.92700e-01    6.80300e-01    6.69500e-01    6.61800e-01    6.55100e-01    6.46800e-01    6.35300e-01    6.19100e-01    5.98500e-01    5.79600e-01    5.64500e-01    5.47100e-01    5.34600e-01    5.23900e-01    5.01200e-01    4.48900e-01    3.98300e-01    3.66100e-01    3.70000e-01    4.08500e-01    4.56700e-01    4.94800e-01    
1.03360e+03    7.63900e-01    8.23300e-01    7.92400e-01    7.47600e-01    7.26400e-01    6.93900e-01    6.97000e-01    6.76400e-01    6.59300e-01    6.49700e-01    6.43800e-01    6.35900e-01    6.24100e-01    6.06800e-01    5.84200e-01    5.63600e-01    5.47200e-01    5.28200e-01    5.14700e-01    5.03000e-01    4.80000e-01    4.52600e-01    4.27200e-01    4.09800e-01    3.98200e-01    3.92600e-01    4.06600e-01    4.48300e-01    
1.03380e+03    7.71200e-01    8.33500e-01    7.78400e-01    7.17600e-01    7.04600e-01    6.83100e-01    6.84600e-01    6.67700e-01    6.54500e-01    6.48600e-01    6.45700e-01    6.40600e-01    6.31600e-01    6.16800e-01    5.96900e-01    5.78700e-01    5.64300e-01    5.47400e-01    5.35300e-01    5.24800e-01    5.00400e-01    4.81300e-01    4.65300e-01    4.54000e-01    4.42100e-01    4.29500e-01    4.36100e-01    4.74400e-01    
1.03400e+03    7.94200e-01    8.56000e-01    7.96500e-01    7.34000e-01    7.36400e-01    7.28900e-01    7.30000e-01    7.14700e-01    7.02100e-01    6.94700e-01    6.89800e-01    6.83500e-01    6.74400e-01    6.61400e-01    6.44400e-01    6.28800e-01    6.16400e-01    6.01500e-01    5.90800e-01    5.81000e-01    5.40300e-01    5.12700e-01    4.92400e-01    4.77800e-01    4.63900e-01    4.51100e-01    4.60200e-01    5.02300e-01    
1.03420e+03    8.10000e-01    8.64900e-01    8.09500e-01    7.51300e-01    7.62900e-01    7.65800e-01    7.59200e-01    7.44400e-01    7.33200e-01    7.27300e-01    7.23500e-01    7.17900e-01    7.08900e-01    6.95100e-01    6.76500e-01    6.59400e-01    6.45600e-01    6.29100e-01    6.17300e-01    6.06100e-01    5.51500e-01    5.22000e-01    5.02900e-01    4.89200e-01    4.75900e-01    4.63300e-01    4.63800e-01    4.91100e-01    
1.03440e+03    8.15400e-01    8.67600e-01    8.20800e-01    7.68400e-01    7.81600e-01    7.83400e-01    7.76900e-01    7.63600e-01    7.54100e-01    7.50600e-01    7.49200e-01    7.45700e-01    7.38600e-01    7.26400e-01    7.09500e-01    6.93700e-01    6.81000e-01    6.66000e-01    6.55200e-01    6.45000e-01    5.96200e-01    5.66600e-01    5.45800e-01    5.29700e-01    5.08000e-01    4.82500e-01    4.77600e-01    5.13200e-01    
1.03460e+03    8.12900e-01    8.59000e-01    8.24900e-01    7.83200e-01    7.97100e-01    7.93800e-01    7.84700e-01    7.76900e-01    7.71800e-01    7.70000e-01    7.69100e-01    7.66400e-01    7.61200e-01    7.52200e-01    7.39400e-01    7.27500e-01    7.17900e-01    7.05700e-01    6.97000e-01    6.88000e-01    6.21600e-01    5.87900e-01    5.68200e-01    5.54200e-01    5.42100e-01    5.32300e-01    5.37600e-01    5.67800e-01    
1.03480e+03    7.89700e-01    8.18100e-01    7.96700e-01    7.72700e-01    7.84700e-01    7.79700e-01    7.77400e-01    7.63400e-01    7.54800e-01    7.55800e-01    7.60800e-01    7.63600e-01    7.63300e-01    7.58700e-01    7.50000e-01    7.41400e-01    7.34800e-01    7.25100e-01    7.18100e-01    7.09900e-01    6.18200e-01    5.69100e-01    5.40300e-01    5.19600e-01    5.02800e-01    4.91400e-01    4.99200e-01    5.36600e-01    
1.03500e+03    7.58400e-01    7.83200e-01    7.45200e-01    7.15500e-01    7.15400e-01    6.90600e-01    7.02000e-01    6.85500e-01    6.76300e-01    6.82100e-01    6.93800e-01    7.02300e-01    7.06200e-01    7.03700e-01    6.95700e-01    6.87700e-01    6.81600e-01    6.72100e-01    6.65200e-01    6.56900e-01    5.56800e-01    4.93400e-01    4.52500e-01    4.25400e-01    4.19400e-01    4.34500e-01    4.68100e-01    5.13200e-01    
1.03520e+03    7.26800e-01    7.38600e-01    7.04500e-01    6.83400e-01    6.81200e-01    6.36900e-01    6.34300e-01    6.12300e-01    5.99200e-01    6.01900e-01    6.10900e-01    6.16200e-01    6.15800e-01    6.07200e-01    5.91500e-01    5.76800e-01    5.65400e-01    5.50400e-01    5.39700e-01    5.28800e-01    4.52000e-01    4.08800e-01    3.82100e-01    3.63800e-01    3.52000e-01    3.46600e-01    3.70400e-01    4.29000e-01    
1.03540e+03    7.05600e-01    7.07500e-01    6.70400e-01    6.56800e-01    6.34800e-01    5.65700e-01    5.57400e-01    5.30000e-01    5.13800e-01    5.16600e-01    5.27800e-01    5.35400e-01    5.37400e-01    5.31500e-01    5.19000e-01    5.07200e-01    4.98500e-01    4.86100e-01    4.77100e-01    4.67700e-01    3.94800e-01    3.54600e-01    3.30600e-01    3.15100e-01    3.08900e-01    3.10800e-01    3.40400e-01    3.99700e-01    
1.03560e+03    6.93300e-01    6.83900e-01    6.48700e-01    6.45300e-01    6.13500e-01    5.30300e-01    5.17200e-01    4.76800e-01    4.50300e-01    4.47600e-01    4.56300e-01    4.61200e-01    4.59900e-01    4.49700e-01    4.31900e-01    4.15300e-01    4.02600e-01    3.85800e-01    3.73700e-01    3.61600e-01    2.84700e-01    2.50300e-01    2.33300e-01    2.24400e-01    2.30200e-01    2.47000e-01    2.89800e-01    3.52000e-01    
1.03580e+03    6.56100e-01    6.38300e-01    5.70700e-01    5.54600e-01    5.29100e-01    4.63400e-01    4.91100e-01    4.45200e-01    4.11000e-01    4.02800e-01    4.08100e-01    4.09600e-01    4.05000e-01    3.91700e-01    3.70700e-01    3.51200e-01    3.36200e-01    3.16600e-01    3.02400e-01    2.88500e-01    2.03000e-01    1.66800e-01    1.49900e-01    1.42000e-01    1.52500e-01    1.76800e-01    2.27700e-01    2.94800e-01    
1.03600e+03    5.29100e-01    4.82400e-01    3.54200e-01    3.18700e-01    3.42500e-01    3.36700e-01    3.71700e-01    3.37800e-01    3.14000e-01    3.13000e-01    3.22300e-01    3.27300e-01    3.25400e-01    3.13700e-01    2.93500e-01    2.74700e-01    2.60700e-01    2.41800e-01    2.28200e-01    2.14800e-01    1.35800e-01    1.05500e-01    9.37000e-02    9.04000e-02    1.09000e-01    1.42900e-01    1.98100e-01    2.59800e-01    
1.03620e+03    4.15000e-01    3.50200e-01    1.97900e-01    1.81500e-01    2.27000e-01    2.22900e-01    2.22200e-01    1.96500e-01    1.83900e-01    1.93300e-01    2.11200e-01    2.24100e-01    2.29500e-01    2.23800e-01    2.09300e-01    1.95800e-01    1.86600e-01    1.72600e-01    1.62500e-01    1.52500e-01    9.28000e-02    6.52000e-02    5.25000e-02    4.88000e-02    6.90000e-02    1.06200e-01    1.67600e-01    2.36000e-01    
1.03640e+03    4.81200e-01    4.49700e-01    3.13400e-01    3.31500e-01    3.82500e-01    3.10200e-01    3.11400e-01    2.59000e-01    2.23700e-01    2.20100e-01    2.33000e-01    2.42000e-01    2.45300e-01    2.40200e-01    2.28100e-01    2.16600e-01    2.09100e-01    1.96500e-01    1.87300e-01    1.77600e-01    9.84000e-02    6.61000e-02    5.38000e-02    5.12000e-02    7.75000e-02    1.24700e-01    1.90900e-01    2.53700e-01    
1.03660e+03    5.92100e-01    5.71400e-01    4.73700e-01    4.89200e-01    5.01200e-01    3.99800e-01    4.21900e-01    3.51700e-01    2.99600e-01    2.85600e-01    2.92900e-01    2.96600e-01    2.94300e-01    2.83600e-01    2.65600e-01    2.48700e-01    2.36400e-01    2.19000e-01    2.06500e-01    1.93900e-01    1.10500e-01    7.91000e-02    6.76000e-02    6.47000e-02    8.44000e-02    1.19700e-01    1.77200e-01    2.41600e-01    
1.03680e+03    5.33500e-01    4.82800e-01    3.44000e-01    3.21200e-01    3.57600e-01    3.38200e-01    3.52700e-01    2.97200e-01    2.59000e-01    2.54900e-01    2.68000e-01    2.76500e-01    2.77500e-01    2.67900e-01    2.49400e-01    2.32200e-01    2.19700e-01    2.02400e-01    1.89800e-01    1.77600e-01    1.08000e-01    8.25000e-02    7.31000e-02    6.97000e-02    7.56000e-02    8.60000e-02    1.28700e-01    2.02800e-01    
1.03700e+03    5.16500e-01    4.96300e-01    3.54500e-01    3.51100e-01    4.07800e-01    3.54300e-01    3.56800e-01    3.00000e-01    2.62400e-01    2.61000e-01    2.77400e-01    2.88800e-01    2.92600e-01    2.85400e-01    2.69100e-01    2.53800e-01    2.42800e-01    2.26800e-01    2.15100e-01    2.03300e-01    1.19100e-01    8.21000e-02    6.53000e-02    5.89000e-02    7.90000e-02    1.18900e-01    1.82300e-01    2.50100e-01    
1.03720e+03    6.91200e-01    6.81800e-01    6.74800e-01    6.88500e-01    6.48800e-01    5.37600e-01    5.47500e-01    4.77000e-01    4.26200e-01    4.14800e-01    4.24400e-01    4.29300e-01    4.26800e-01    4.14000e-01    3.91800e-01    3.70900e-01    3.54700e-01    3.33000e-01    3.17400e-01    3.01100e-01    1.73800e-01    1.21200e-01    9.82000e-02    8.77000e-02    1.09000e-01    1.55500e-01    2.23100e-01    2.88200e-01    
1.03740e+03    7.85700e-01    7.82300e-01    8.31600e-01    8.45100e-01    7.82100e-01    6.70900e-01    6.85100e-01    6.27400e-01    5.84500e-01    5.71900e-01    5.75700e-01    5.75400e-01    5.69000e-01    5.54000e-01    5.30400e-01    5.08100e-01    4.90000e-01    4.66400e-01    4.49400e-01    4.30800e-01    2.64000e-01    1.98900e-01    1.72600e-01    1.58500e-01    1.70600e-01    2.04600e-01    2.64600e-01    3.33100e-01    
1.03760e+03    8.39000e-01    8.39600e-01    9.23000e-01    9.62500e-01    8.77400e-01    7.41700e-01    7.62100e-01    7.11900e-01    6.74600e-01    6.65500e-01    6.70900e-01    6.72300e-01    6.67500e-01    6.54200e-01    6.32500e-01    6.11800e-01    5.94700e-01    5.72300e-01    5.56200e-01    5.37900e-01    3.57200e-01    2.81700e-01    2.47300e-01    2.24700e-01    2.15000e-01    2.18000e-01    2.63400e-01    3.49200e-01    
1.03780e+03    8.46800e-01    8.51000e-01    9.09200e-01    9.43000e-01    8.68500e-01    7.39500e-01    7.57700e-01    6.99400e-01    6.59500e-01    6.57600e-01    6.75500e-01    6.88900e-01    6.96300e-01    6.95400e-01    6.87000e-01    6.78100e-01    6.71200e-01    6.59000e-01    6.50100e-01    6.37800e-01    4.48800e-01    3.49700e-01    2.94700e-01    2.58800e-01    2.51800e-01    2.74400e-01    3.41400e-01    4.35200e-01    
1.03800e+03    7.80300e-01    7.78500e-01    7.43100e-01    7.56600e-01    7.52400e-01    6.54900e-01    6.56800e-01    5.88900e-01    5.47400e-01    5.56400e-01    5.90000e-01    6.17200e-01    6.35800e-01    6.42000e-01    6.38700e-01    6.34500e-01    6.31900e-01    6.24500e-01    6.19100e-01    6.10800e-01    4.60300e-01    3.42600e-01    2.59100e-01    2.03900e-01    1.96500e-01    2.38400e-01    3.22600e-01    4.18800e-01    
1.03820e+03    8.33000e-01    8.73400e-01    8.81900e-01    9.06200e-01    8.62500e-01    7.30400e-01    7.36700e-01    6.66400e-01    6.21100e-01    6.24700e-01    6.52400e-01    6.73900e-01    6.86200e-01    6.85300e-01    6.74100e-01    6.63100e-01    6.54500e-01    6.42000e-01    6.33000e-01    6.22700e-01    5.08800e-01    4.16700e-01    3.48600e-01    3.00800e-01    2.73400e-01    2.71000e-01    3.20100e-01    4.17400e-01    
1.03840e+03    8.98800e-01    9.40800e-01    9.78600e-01    1.00140e+00    9.28600e-01    7.89900e-01    7.93100e-01    7.46100e-01    7.16800e-01    7.22200e-01    7.44300e-01    7.61700e-01    7.72600e-01    7.74200e-01    7.68300e-01    7.62200e-01    7.57400e-01    7.49200e-01    7.43200e-01    7.35200e-01    6.17100e-01    5.59300e-01    5.28000e-01    5.02500e-01    4.61500e-01    4.10800e-01    4.11500e-01    4.91900e-01    
1.03860e+03    9.02500e-01    9.52400e-01    9.58300e-01    9.58100e-01    9.25400e-01    8.10300e-01    7.98400e-01    7.59300e-01    7.38200e-01    7.49000e-01    7.73300e-01    7.91900e-01    8.01800e-01    7.99100e-01    7.86700e-01    7.74800e-01    7.65100e-01    7.52500e-01    7.43500e-01    7.33800e-01    6.45400e-01    5.78200e-01    5.28400e-01    4.90000e-01    4.44400e-01    3.99300e-01    4.15800e-01    5.14800e-01    
1.03880e+03    9.33400e-01    9.60300e-01    1.01800e+00    1.03100e+00    9.99400e-01    9.22200e-01    9.08700e-01    8.89000e-01    8.76200e-01    8.74700e-01    8.79000e-01    8.81400e-01    8.81500e-01    8.78200e-01    8.71600e-01    8.65000e-01    8.59600e-01    8.51700e-01    8.46000e-01    8.38900e-01    7.47000e-01    6.92400e-01    6.57700e-01    6.30800e-01    5.98600e-01    5.66100e-01    5.72700e-01    6.35200e-01    
1.03900e+03    8.26400e-01    8.36600e-01    7.99400e-01    7.68600e-01    7.64200e-01    7.10900e-01    6.88400e-01    6.95100e-01    7.06000e-01    7.20100e-01    7.32900e-01    7.43400e-01    7.50800e-01    7.53900e-01    7.53300e-01    7.52300e-01    7.52100e-01    7.49300e-01    7.47100e-01    7.43200e-01    6.65000e-01    6.29700e-01    6.13500e-01    6.03000e-01    5.98300e-01    5.99300e-01    6.21200e-01    6.63500e-01    
1.03920e+03    8.89300e-01    8.90900e-01    8.83600e-01    8.91500e-01    9.17200e-01    8.52000e-01    8.05100e-01    8.00300e-01    8.00300e-01    8.01500e-01    8.02200e-01    8.01300e-01    7.97900e-01    7.91300e-01    7.81200e-01    7.71600e-01    7.63900e-01    7.53600e-01    7.46200e-01    7.38000e-01    6.61000e-01    6.17400e-01    5.90500e-01    5.70700e-01    5.50200e-01    5.31800e-01    5.54600e-01    6.25800e-01    
1.03940e+03    1.07980e+00    1.11940e+00    1.19140e+00    1.20140e+00    1.18500e+00    1.09660e+00    1.04160e+00    1.03660e+00    1.03230e+00    1.02160e+00    1.00920e+00    9.97500e-01    9.87400e-01    9.79900e-01    9.72900e-01    9.65800e-01    9.59600e-01    9.51100e-01    9.45000e-01    9.36700e-01    8.25100e-01    8.06000e-01    8.13600e-01    8.16700e-01    7.98500e-01    7.61000e-01    7.52900e-01    7.94900e-01    
1.03960e+03    1.05980e+00    1.08780e+00    1.13930e+00    1.15160e+00    1.14680e+00    1.06350e+00    1.02650e+00    1.02380e+00    1.02170e+00    1.01550e+00    1.00760e+00    9.99600e-01    9.91700e-01    9.84200e-01    9.75700e-01    9.67600e-01    9.60400e-01    9.51500e-01    9.45000e-01    9.37100e-01    8.50100e-01    8.52300e-01    8.75500e-01    8.89300e-01    8.73700e-01    8.29800e-01    8.15100e-01    8.53800e-01    
1.03980e+03    1.00580e+00    1.00820e+00    1.03720e+00    1.05620e+00    1.06840e+00    9.96100e-01    9.68200e-01    9.58500e-01    9.51800e-01    9.46300e-01    9.41400e-01    9.35600e-01    9.27800e-01    9.17500e-01    9.04400e-01    8.92400e-01    8.82200e-01    8.70900e-01    8.62800e-01    8.55100e-01    8.21100e-01    8.26800e-01    8.39600e-01    8.46700e-01    8.31500e-01    7.95700e-01    7.93500e-01    8.42700e-01    
1.04000e+03    9.77500e-01    9.42800e-01    9.46800e-01    9.62900e-01    9.81200e-01    9.23800e-01    9.17100e-01    9.02400e-01    8.91100e-01    8.85300e-01    8.82400e-01    8.78700e-01    8.73300e-01    8.65200e-01    8.54800e-01    8.45400e-01    8.37800e-01    8.29600e-01    8.23700e-01    8.19000e-01    8.24400e-01    8.40200e-01    8.54100e-01    8.62700e-01    8.53900e-01    8.28400e-01    8.30000e-01    8.70900e-01    
1.04020e+03    9.61200e-01    9.37700e-01    8.93400e-01    8.78500e-01    8.91800e-01    8.34700e-01    8.41600e-01    8.11800e-01    7.93200e-01    7.96500e-01    8.10300e-01    8.21300e-01    8.27500e-01    8.27000e-01    8.21700e-01    8.16700e-01    8.13000e-01    8.08500e-01    8.05200e-01    8.02500e-01    8.00700e-01    7.87700e-01    7.74200e-01    7.64200e-01    7.52800e-01    7.41700e-01    7.62400e-01    8.16600e-01    
1.04040e+03    1.03970e+00    1.03000e+00    1.02540e+00    1.01300e+00    1.01820e+00    9.54700e-01    9.43400e-01    9.25600e-01    9.09300e-01    8.95600e-01    8.85300e-01    8.75900e-01    8.67500e-01    8.60600e-01    8.54200e-01    8.48500e-01    8.44000e-01    8.38700e-01    8.34900e-01    8.31600e-01    8.24900e-01    8.31500e-01    8.39000e-01    8.41600e-01    8.20700e-01    7.78700e-01    7.70900e-01    8.19000e-01    
1.04060e+03    1.09620e+00    1.08720e+00    1.11730e+00    1.11570e+00    1.11740e+00    1.05070e+00    1.02460e+00    1.01020e+00    9.94200e-01    9.73000e-01    9.52300e-01    9.33600e-01    9.17600e-01    9.05900e-01    8.96000e-01    8.87000e-01    8.79500e-01    8.70900e-01    8.64700e-01    8.58800e-01    8.28800e-01    8.32500e-01    8.42100e-01    8.45200e-01    8.16800e-01    7.60800e-01    7.45700e-01    8.01200e-01    
1.04080e+03    1.06050e+00    1.03940e+00    1.04380e+00    1.03130e+00    1.03530e+00    9.74300e-01    9.57500e-01    9.47100e-01    9.35900e-01    9.21100e-01    9.05500e-01    8.90300e-01    8.74600e-01    8.58400e-01    8.40800e-01    8.24700e-01    8.11400e-01    7.97100e-01    7.86900e-01    7.78100e-01    7.66500e-01    7.76000e-01    7.86000e-01    7.89400e-01    7.60700e-01    7.03500e-01    6.89300e-01    7.49000e-01    
1.04100e+03    1.00350e+00    9.72200e-01    9.13900e-01    8.89000e-01    9.22400e-01    8.83300e-01    8.72300e-01    8.45900e-01    8.29700e-01    8.30900e-01    8.39600e-01    8.44900e-01    8.44700e-01    8.36400e-01    8.21600e-01    8.08000e-01    7.96900e-01    7.84400e-01    7.75400e-01    7.67500e-01    7.44900e-01    7.22600e-01    7.03200e-01    6.88300e-01    6.69000e-01    6.48100e-01    6.67000e-01    7.33100e-01    
1.04120e+03    1.11650e+00    1.11310e+00    1.09350e+00    1.07430e+00    1.08800e+00    1.03320e+00    1.00570e+00    9.97900e-01    9.91000e-01    9.82300e-01    9.73400e-01    9.64600e-01    9.55800e-01    9.47000e-01    9.37200e-01    9.28300e-01    9.20700e-01    9.12100e-01    9.05900e-01    8.99800e-01    8.64900e-01    8.78100e-01    8.99500e-01    9.12700e-01    9.01800e-01    8.67500e-01    8.61800e-01    9.01900e-01    
1.04140e+03    1.19090e+00    1.19070e+00    1.19090e+00    1.18280e+00    1.19910e+00    1.15410e+00    1.11710e+00    1.11950e+00    1.12000e+00    1.11120e+00    1.09820e+00    1.08580e+00    1.07420e+00    1.06410e+00    1.05360e+00    1.04380e+00    1.03520e+00    1.02560e+00    1.01880e+00    1.01140e+00    9.55800e-01    9.70800e-01    9.99500e-01    1.01920e+00    1.02070e+00    1.00290e+00    1.00110e+00    1.02310e+00    
1.04160e+03    1.20450e+00    1.20660e+00    1.20530e+00    1.20040e+00    1.22390e+00    1.17860e+00    1.13930e+00    1.14120e+00    1.14370e+00    1.14090e+00    1.13470e+00    1.12770e+00    1.11930e+00    1.10930e+00    1.09670e+00    1.08490e+00    1.07430e+00    1.06270e+00    1.05450e+00    1.04570e+00    9.77400e-01    9.66800e-01    9.71000e-01    9.71400e-01    9.51100e-01    9.13700e-01    9.11500e-01    9.60500e-01    
1.04180e+03    1.20130e+00    1.20170e+00    1.19970e+00    1.19470e+00    1.21580e+00    1.17170e+00    1.13490e+00    1.14540e+00    1.15690e+00    1.16320e+00    1.16470e+00    1.16460e+00    1.16190e+00    1.15560e+00    1.14570e+00    1.13660e+00    1.12820e+00    1.11950e+00    1.11330e+00    1.10680e+00    1.06300e+00    1.08260e+00    1.11270e+00    1.13160e+00    1.12340e+00    1.08900e+00    1.07370e+00    1.09380e+00    
1.04200e+03    1.19610e+00    1.18970e+00    1.19950e+00    1.19680e+00    1.21100e+00    1.17250e+00    1.13360e+00    1.14840e+00    1.16450e+00    1.17580e+00    1.18150e+00    1.18500e+00    1.18540e+00    1.18130e+00    1.17310e+00    1.16530e+00    1.15800e+00    1.15030e+00    1.14470e+00    1.13830e+00    1.07960e+00    1.10760e+00    1.15050e+00    1.17900e+00    1.17890e+00    1.14930e+00    1.12660e+00    1.12710e+00    
1.04220e+03    1.19280e+00    1.18370e+00    1.17740e+00    1.18400e+00    1.22090e+00    1.19230e+00    1.15790e+00    1.17090e+00    1.18660e+00    1.20050e+00    1.21070e+00    1.21880e+00    1.22420e+00    1.22590e+00    1.22430e+00    1.22240e+00    1.21990e+00    1.21710e+00    1.21510e+00    1.21130e+00    1.14140e+00    1.15860e+00    1.19370e+00    1.21580e+00    1.20650e+00    1.16710e+00    1.14070e+00    1.14790e+00    
1.04240e+03    1.17600e+00    1.15990e+00    1.15160e+00    1.15770e+00    1.18660e+00    1.16240e+00    1.13810e+00    1.14910e+00    1.16370e+00    1.17970e+00    1.19280e+00    1.20270e+00    1.20820e+00    1.20710e+00    1.20070e+00    1.19460e+00    1.18870e+00    1.18250e+00    1.17810e+00    1.17290e+00    1.11930e+00    1.12830e+00    1.15000e+00    1.16290e+00    1.15300e+00    1.12180e+00    1.10210e+00    1.11000e+00    
1.04260e+03    1.15570e+00    1.14100e+00    1.12850e+00    1.11580e+00    1.11970e+00    1.09500e+00    1.08410e+00    1.09870e+00    1.11650e+00    1.13640e+00    1.15230e+00    1.16380e+00    1.16870e+00    1.16380e+00    1.15120e+00    1.13940e+00    1.12860e+00    1.11730e+00    1.10920e+00    1.10080e+00    1.04180e+00    1.04640e+00    1.06390e+00    1.07340e+00    1.05780e+00    1.01930e+00    9.94900e-01    1.00640e+00    
1.04280e+03    1.17020e+00    1.16060e+00    1.16360e+00    1.14800e+00    1.14960e+00    1.12920e+00    1.09930e+00    1.11190e+00    1.12810e+00    1.14510e+00    1.15830e+00    1.16780e+00    1.17200e+00    1.16860e+00    1.15890e+00    1.14950e+00    1.14080e+00    1.13110e+00    1.12420e+00    1.11610e+00    1.03260e+00    1.01640e+00    1.01860e+00    1.01630e+00    9.89200e-01    9.41700e-01    9.15800e-01    9.38100e-01    
1.04300e+03    1.16670e+00    1.15220e+00    1.15370e+00    1.15650e+00    1.18240e+00    1.16290e+00    1.14110e+00    1.15400e+00    1.16830e+00    1.18030e+00    1.18800e+00    1.19320e+00    1.19490e+00    1.19160e+00    1.18380e+00    1.17610e+00    1.16880e+00    1.16050e+00    1.15450e+00    1.14700e+00    1.05640e+00    1.03890e+00    1.04160e+00    1.03850e+00    1.00240e+00    9.39500e-01    9.05400e-01    9.35200e-01    
1.04320e+03    1.11360e+00    1.08140e+00    1.05830e+00    1.06510e+00    1.11090e+00    1.10680e+00    1.09700e+00    1.09840e+00    1.10550e+00    1.12040e+00    1.13560e+00    1.14690e+00    1.15240e+00    1.14960e+00    1.14000e+00    1.13080e+00    1.12240e+00    1.11300e+00    1.10630e+00    1.09880e+00    1.02560e+00    9.92500e-01    9.74500e-01    9.59000e-01    9.31900e-01    8.98600e-01    8.92800e-01    9.29900e-01    
1.04340e+03    1.10610e+00    1.08930e+00    1.04160e+00    1.02260e+00    1.04860e+00    1.03360e+00    1.04270e+00    1.04540e+00    1.05450e+00    1.07530e+00    1.09760e+00    1.11560e+00    1.12700e+00    1.12900e+00    1.12400e+00    1.11900e+00    1.11430e+00    1.10880e+00    1.10500e+00    1.10040e+00    1.04530e+00    1.00420e+00    9.73800e-01    9.49400e-01    9.18100e-01    8.86500e-01    8.89000e-01    9.37800e-01    
1.04360e+03    1.14640e+00    1.12760e+00    1.11080e+00    1.11630e+00    1.15400e+00    1.14250e+00    1.11810e+00    1.13550e+00    1.15600e+00    1.17640e+00    1.19260e+00    1.20560e+00    1.21410e+00    1.21610e+00    1.21310e+00    1.21010e+00    1.20660e+00    1.20300e+00    1.20040e+00    1.19650e+00    1.13860e+00    1.14350e+00    1.16180e+00    1.16940e+00    1.13750e+00    1.07140e+00    1.03040e+00    1.05060e+00    
1.04380e+03    1.15710e+00    1.14320e+00    1.11990e+00    1.12930e+00    1.17070e+00    1.16130e+00    1.13680e+00    1.15540e+00    1.17750e+00    1.20040e+00    1.21910e+00    1.23430e+00    1.24480e+00    1.24820e+00    1.24640e+00    1.24450e+00    1.24200e+00    1.23990e+00    1.23830e+00    1.23580e+00    1.19540e+00    1.22710e+00    1.26890e+00    1.29210e+00    1.26130e+00    1.18100e+00    1.11520e+00    1.11180e+00    
1.04400e+03    1.15430e+00    1.13870e+00    1.12030e+00    1.13310e+00    1.16800e+00    1.16200e+00    1.14250e+00    1.15320e+00    1.16860e+00    1.18790e+00    1.20510e+00    1.21870e+00    1.22710e+00    1.22800e+00    1.22310e+00    1.21830e+00    1.21340e+00    1.20850e+00    1.20500e+00    1.20060e+00    1.15030e+00    1.16170e+00    1.18440e+00    1.19490e+00    1.16250e+00    1.09260e+00    1.04330e+00    1.05450e+00    
1.04420e+03    1.13860e+00    1.12140e+00    1.10780e+00    1.11480e+00    1.14150e+00    1.14010e+00    1.14060e+00    1.14660e+00    1.15470e+00    1.16550e+00    1.17490e+00    1.18170e+00    1.18450e+00    1.18160e+00    1.17390e+00    1.16660e+00    1.15970e+00    1.15240e+00    1.14710e+00    1.14110e+00    1.08270e+00    1.08490e+00    1.10010e+00    1.10700e+00    1.08420e+00    1.03530e+00    9.99500e-01    1.00580e+00    
1.04440e+03    1.14010e+00    1.13480e+00    1.12780e+00    1.11440e+00    1.11280e+00    1.10610e+00    1.10850e+00    1.09810e+00    1.09590e+00    1.10870e+00    1.12600e+00    1.13930e+00    1.14650e+00    1.14510e+00    1.13680e+00    1.12870e+00    1.12110e+00    1.11240e+00    1.10620e+00    1.09880e+00    1.01480e+00    9.84400e-01    9.72400e-01    9.61200e-01    9.37500e-01    9.05500e-01    9.01000e-01    9.38300e-01    
1.04460e+03    1.16020e+00    1.16100e+00    1.18570e+00    1.16840e+00    1.14830e+00    1.13750e+00    1.13220e+00    1.12560e+00    1.12280e+00    1.12590e+00    1.13040e+00    1.13230e+00    1.13020e+00    1.12240e+00    1.10950e+00    1.09740e+00    1.08650e+00    1.07470e+00    1.06630e+00    1.05730e+00    9.90700e-01    9.97800e-01    1.01960e+00    1.03030e+00    1.00100e+00    9.36000e-01    9.00300e-01    9.30600e-01    
1.04480e+03    1.15080e+00    1.15350e+00    1.18200e+00    1.16470e+00    1.14570e+00    1.13100e+00    1.12060e+00    1.11120e+00    1.10550e+00    1.10470e+00    1.10520e+00    1.10360e+00    1.09820e+00    1.08760e+00    1.07200e+00    1.05770e+00    1.04510e+00    1.03200e+00    1.02260e+00    1.01370e+00    9.75500e-01    1.00450e+00    1.04240e+00    1.06740e+00    1.06480e+00    1.03390e+00    1.01420e+00    1.02360e+00    
1.04500e+03    1.11930e+00    1.12520e+00    1.13610e+00    1.11490e+00    1.11130e+00    1.09150e+00    1.07680e+00    1.05720e+00    1.04400e+00    1.04070e+00    1.04090e+00    1.03830e+00    1.03020e+00    1.01410e+00    9.91200e-01    9.70600e-01    9.52800e-01    9.34900e-01    9.22200e-01    9.11400e-01    9.10500e-01    9.54200e-01    9.96700e-01    1.02390e+00    1.01400e+00    9.67100e-01    9.42000e-01    9.65200e-01    
1.04520e+03    1.11640e+00    1.11780e+00    1.13210e+00    1.11800e+00    1.12130e+00    1.11440e+00    1.10080e+00    1.08990e+00    1.08320e+00    1.08190e+00    1.08290e+00    1.08240e+00    1.07950e+00    1.07330e+00    1.06370e+00    1.05500e+00    1.04720e+00    1.03910e+00    1.03320e+00    1.02730e+00    9.95100e-01    1.03580e+00    1.08540e+00    1.11920e+00    1.12430e+00    1.09840e+00    1.07580e+00    1.07260e+00    
1.04540e+03    1.11400e+00    1.10850e+00    1.13050e+00    1.12720e+00    1.13420e+00    1.13240e+00    1.11300e+00    1.10680e+00    1.10500e+00    1.10800e+00    1.11280e+00    1.11630e+00    1.11820e+00    1.11790e+00    1.11530e+00    1.11270e+00    1.10990e+00    1.10670e+00    1.10440e+00    1.10060e+00    1.04610e+00    1.08240e+00    1.13440e+00    1.17080e+00    1.18360e+00    1.16940e+00    1.15040e+00    1.13600e+00    
1.04560e+03    1.10190e+00    1.09750e+00    1.12120e+00    1.11470e+00    1.11490e+00    1.10610e+00    1.10120e+00    1.09680e+00    1.09450e+00    1.09510e+00    1.09630e+00    1.09620e+00    1.09400e+00    1.08930e+00    1.08160e+00    1.07430e+00    1.06750e+00    1.06000e+00    1.05450e+00    1.04790e+00    9.82100e-01    1.00890e+00    1.05260e+00    1.08100e+00    1.07390e+00    1.03120e+00    1.00470e+00    1.01870e+00    
1.04580e+03    1.07560e+00    1.07130e+00    1.10000e+00    1.08910e+00    1.08390e+00    1.07430e+00    1.07190e+00    1.06460e+00    1.06090e+00    1.06290e+00    1.06580e+00    1.06600e+00    1.06150e+00    1.05020e+00    1.03300e+00    1.01730e+00    1.00370e+00    9.89500e-01    9.79400e-01    9.70200e-01    9.41800e-01    9.58100e-01    9.79400e-01    9.90700e-01    9.67700e-01    9.13300e-01    8.90300e-01    9.27900e-01    
1.04600e+03    1.05450e+00    1.04670e+00    1.07900e+00    1.07410e+00    1.07490e+00    1.06740e+00    1.06540e+00    1.06230e+00    1.06270e+00    1.06810e+00    1.07330e+00    1.07530e+00    1.07190e+00    1.06060e+00    1.04260e+00    1.02600e+00    1.01150e+00    9.96200e-01    9.85400e-01    9.75100e-01    9.32600e-01    9.41700e-01    9.59600e-01    9.71500e-01    9.69200e-01    9.52400e-01    9.47700e-01    9.64100e-01    
1.04620e+03    1.05350e+00    1.04280e+00    1.07500e+00    1.08230e+00    1.09240e+00    1.09240e+00    1.09650e+00    1.10550e+00    1.11510e+00    1.12480e+00    1.13230e+00    1.13770e+00    1.14040e+00    1.13930e+00    1.13460e+00    1.12990e+00    1.12520e+00    1.11950e+00    1.11530e+00    1.10950e+00    1.02590e+00    1.03120e+00    1.05710e+00    1.07280e+00    1.06010e+00    1.02050e+00    1.00030e+00    1.02070e+00    
1.04640e+03    1.06280e+00    1.05600e+00    1.08990e+00    1.09450e+00    1.09840e+00    1.10610e+00    1.11310e+00    1.12580e+00    1.13790e+00    1.14870e+00    1.15650e+00    1.16280e+00    1.16690e+00    1.16800e+00    1.16650e+00    1.16490e+00    1.16280e+00    1.16050e+00    1.15880e+00    1.15570e+00    1.10110e+00    1.12600e+00    1.16480e+00    1.18740e+00    1.16360e+00    1.09660e+00    1.05460e+00    1.07450e+00    
1.04660e+03    1.07160e+00    1.06880e+00    1.10700e+00    1.10980e+00    1.10470e+00    1.11390e+00    1.11980e+00    1.12630e+00    1.13460e+00    1.14590e+00    1.15640e+00    1.16490e+00    1.17060e+00    1.17210e+00    1.17040e+00    1.16870e+00    1.16670e+00    1.16470e+00    1.16330e+00    1.16100e+00    1.12740e+00    1.16120e+00    1.20440e+00    1.23180e+00    1.22260e+00    1.17760e+00    1.14560e+00    1.15110e+00    
1.04680e+03    1.07600e+00    1.07340e+00    1.11360e+00    1.11810e+00    1.10570e+00    1.11250e+00    1.12160e+00    1.12720e+00    1.13550e+00    1.14880e+00    1.16220e+00    1.17310e+00    1.18060e+00    1.18330e+00    1.18210e+00    1.18080e+00    1.17890e+00    1.17690e+00    1.17540e+00    1.17240e+00    1.11850e+00    1.15170e+00    1.19990e+00    1.23260e+00    1.23760e+00    1.21320e+00    1.18920e+00    1.17920e+00    
1.04700e+03    1.06760e+00    1.06340e+00    1.09410e+00    1.09590e+00    1.08120e+00    1.08990e+00    1.10780e+00    1.11620e+00    1.12670e+00    1.14210e+00    1.15720e+00    1.16960e+00    1.17840e+00    1.18180e+00    1.18120e+00    1.18040e+00    1.17900e+00    1.17760e+00    1.17660e+00    1.17430e+00    1.12900e+00    1.16120e+00    1.20620e+00    1.23650e+00    1.24020e+00    1.21610e+00    1.18950e+00    1.17480e+00    
1.04720e+03    1.03860e+00    1.02440e+00    1.04240e+00    1.05070e+00    1.03960e+00    1.04900e+00    1.06160e+00    1.06800e+00    1.07950e+00    1.10080e+00    1.12310e+00    1.14190e+00    1.15550e+00    1.16170e+00    1.16260e+00    1.16330e+00    1.16320e+00    1.16330e+00    1.16330e+00    1.16220e+00    1.12900e+00    1.16000e+00    1.20030e+00    1.22550e+00    1.21390e+00    1.16690e+00    1.13080e+00    1.13190e+00    
1.04740e+03    1.00320e+00    9.86800e-01    9.75100e-01    9.82800e-01    9.81700e-01    9.88800e-01    1.01190e+00    1.01410e+00    1.02430e+00    1.05070e+00    1.08090e+00    1.10630e+00    1.12510e+00    1.13410e+00    1.13630e+00    1.13800e+00    1.13900e+00    1.13990e+00    1.14050e+00    1.13980e+00    1.10130e+00    1.10500e+00    1.11830e+00    1.12410e+00    1.10270e+00    1.05760e+00    1.03640e+00    1.06140e+00    
1.04760e+03    9.94500e-01    9.72400e-01    9.70100e-01    9.83900e-01    9.78500e-01    9.87500e-01    1.00360e+00    1.00560e+00    1.01460e+00    1.03730e+00    1.06300e+00    1.08450e+00    1.10020e+00    1.10710e+00    1.10810e+00    1.10890e+00    1.10920e+00    1.10970e+00    1.11000e+00    1.10970e+00    1.09290e+00    1.10360e+00    1.11910e+00    1.12980e+00    1.13290e+00    1.12810e+00    1.12690e+00    1.12950e+00    
1.04780e+03    9.77500e-01    9.50300e-01    9.56300e-01    9.73700e-01    9.50300e-01    9.49300e-01    9.78400e-01    9.74500e-01    9.75500e-01    9.89200e-01    1.00690e+00    1.02170e+00    1.03210e+00    1.03600e+00    1.03550e+00    1.03510e+00    1.03460e+00    1.03430e+00    1.03410e+00    1.03390e+00    1.03550e+00    1.05250e+00    1.06970e+00    1.08090e+00    1.07930e+00    1.06490e+00    1.05700e+00    1.06240e+00    
1.04800e+03    8.57600e-01    8.03700e-01    7.40800e-01    7.49200e-01    7.70000e-01    8.12800e-01    8.44100e-01    8.34600e-01    8.35800e-01    8.60000e-01    8.92300e-01    9.20000e-01    9.41600e-01    9.54000e-01    9.60600e-01    9.66200e-01    9.71200e-01    9.75500e-01    9.78500e-01    9.80400e-01    9.55400e-01    9.29500e-01    9.09600e-01    8.94500e-01    8.79200e-01    8.66700e-01    8.77100e-01    9.13600e-01    
1.04820e+03    8.81300e-01    8.44200e-01    8.19000e-01    8.50700e-01    8.40700e-01    8.43700e-01    8.76700e-01    8.72700e-01    8.76600e-01    8.98400e-01    9.25900e-01    9.49600e-01    9.68100e-01    9.79000e-01    9.84800e-01    9.89600e-01    9.93700e-01    9.96700e-01    9.98800e-01    9.99100e-01    9.45200e-01    9.03100e-01    8.73500e-01    8.51000e-01    8.28300e-01    8.10000e-01    8.28800e-01    8.87900e-01    
1.04840e+03    9.18100e-01    8.77800e-01    9.01500e-01    9.53100e-01    9.25400e-01    9.10800e-01    9.56400e-01    9.42400e-01    9.38800e-01    9.59900e-01    9.89600e-01    1.01370e+00    1.02980e+00    1.03380e+00    1.02930e+00    1.02490e+00    1.02090e+00    1.01640e+00    1.01310e+00    1.00950e+00    9.74500e-01    9.56700e-01    9.46200e-01    9.37200e-01    9.21200e-01    9.01100e-01    9.07900e-01    9.48000e-01    
1.04860e+03    8.95700e-01    8.51500e-01    8.61500e-01    9.07200e-01    8.87500e-01    8.79000e-01    9.41200e-01    9.13100e-01    9.02800e-01    9.33500e-01    9.79700e-01    1.01820e+00    1.04520e+00    1.05520e+00    1.05360e+00    1.05180e+00    1.05010e+00    1.04800e+00    1.04650e+00    1.04460e+00    1.01560e+00    9.76700e-01    9.42900e-01    9.18900e-01    9.06600e-01    9.09500e-01    9.32500e-01    9.68100e-01    
1.04880e+03    8.74100e-01    8.28600e-01    8.30900e-01    8.79300e-01    8.62300e-01    8.49900e-01    9.30400e-01    8.88000e-01    8.66500e-01    8.95400e-01    9.45100e-01    9.86600e-01    1.01610e+00    1.02780e+00    1.02740e+00    1.02680e+00    1.02610e+00    1.02510e+00    1.02440e+00    1.02350e+00    1.00420e+00    9.47300e-01    8.93500e-01    8.60000e-01    8.75800e-01    9.40300e-01    1.00680e+00    1.03040e+00    
1.04900e+03    8.26900e-01    7.84300e-01    7.37100e-01    7.77100e-01    7.90400e-01    7.77100e-01    8.59900e-01    7.92000e-01    7.52300e-01    7.78100e-01    8.34000e-01    8.81500e-01    9.17100e-01    9.34800e-01    9.41000e-01    9.46100e-01    9.50700e-01    9.54200e-01    9.56700e-01    9.58100e-01    9.22200e-01    8.34900e-01    7.53500e-01    6.95800e-01    6.66400e-01    6.72900e-01    7.32000e-01    8.26600e-01    
1.04920e+03    7.40500e-01    6.97900e-01    5.58800e-01    5.94600e-01    6.76700e-01    6.60800e-01    7.18900e-01    6.37900e-01    5.92800e-01    6.23700e-01    6.91000e-01    7.49800e-01    7.97900e-01    8.29900e-01    8.52300e-01    8.71500e-01    8.88500e-01    9.02800e-01    9.13000e-01    9.19500e-01    8.25900e-01    6.57800e-01    5.10400e-01    4.12400e-01    4.06700e-01    4.98900e-01    6.39600e-01    7.56000e-01    
1.04940e+03    7.41900e-01    6.89700e-01    5.75200e-01    6.26600e-01    6.95800e-01    6.74300e-01    7.45400e-01    6.54600e-01    6.00200e-01    6.25000e-01    6.88000e-01    7.42400e-01    7.84800e-01    8.09700e-01    8.23300e-01    8.34700e-01    8.44900e-01    8.52300e-01    8.57600e-01    8.59800e-01    7.63700e-01    6.13900e-01    4.85700e-01    4.03000e-01    4.16100e-01    5.26500e-01    6.70700e-01    7.68200e-01    
1.04960e+03    7.78800e-01    7.31700e-01    6.62200e-01    6.83700e-01    7.16000e-01    7.20900e-01    8.26000e-01    7.75600e-01    7.36200e-01    7.34100e-01    7.52600e-01    7.68500e-01    7.81100e-01    7.88700e-01    7.93400e-01    7.97000e-01    8.00800e-01    8.02700e-01    8.04000e-01    8.04400e-01    7.62400e-01    6.49100e-01    5.43300e-01    4.74400e-01    4.80300e-01    5.62700e-01    6.69700e-01    7.42600e-01    
1.04980e+03    7.10700e-01    6.61000e-01    5.45000e-01    5.57000e-01    5.92000e-01    5.80300e-01    6.32400e-01    5.46100e-01    4.95700e-01    5.20500e-01    5.81000e-01    6.32700e-01    6.72000e-01    6.93100e-01    7.02300e-01    7.09600e-01    7.16800e-01    7.20500e-01    7.23200e-01    7.23200e-01    6.27200e-01    4.80400e-01    3.54200e-01    2.70800e-01    2.66500e-01    3.44800e-01    4.67400e-01    5.75600e-01    
1.05000e+03    7.52500e-01    7.01600e-01    6.35900e-01    6.71700e-01    6.93100e-01    6.75200e-01    7.45200e-01    6.56300e-01    6.00700e-01    6.18700e-01    6.72100e-01    7.16700e-01    7.48800e-01    7.62900e-01    7.64100e-01    7.64200e-01    7.64800e-01    7.61800e-01    7.59600e-01    7.54700e-01    6.31100e-01    5.02600e-01    4.00900e-01    3.31600e-01    3.11300e-01    3.45300e-01    4.31300e-01    5.39000e-01    
1.05020e+03    8.53600e-01    8.23600e-01    8.34500e-01    8.59800e-01    8.25200e-01    8.02700e-01    8.78100e-01    8.16400e-01    7.76400e-01    7.88900e-01    8.25800e-01    8.55400e-01    8.74300e-01    8.77500e-01    8.69200e-01    8.60900e-01    8.54100e-01    8.44700e-01    8.38000e-01    8.30300e-01    7.40600e-01    6.64200e-01    6.06200e-01    5.64900e-01    5.40300e-01    5.37100e-01    5.69100e-01    6.34300e-01    
1.05040e+03    8.82300e-01    8.50000e-01    8.85400e-01    9.16900e-01    8.72200e-01    8.49300e-01    9.16600e-01    8.68800e-01    8.37900e-01    8.48700e-01    8.78400e-01    9.01800e-01    9.15600e-01    9.15400e-01    9.04800e-01    8.94700e-01    8.86200e-01    8.76100e-01    8.68800e-01    8.61400e-01    8.04200e-01    7.52400e-01    7.11200e-01    6.80700e-01    6.54300e-01    6.36800e-01    6.50500e-01    7.03000e-01    
1.05060e+03    8.64800e-01    8.34500e-01    8.49100e-01    8.63700e-01    8.08000e-01    7.80900e-01    8.51100e-01    7.99200e-01    7.66800e-01    7.81500e-01    8.17400e-01    8.46300e-01    8.64500e-01    8.66900e-01    8.58200e-01    8.49900e-01    8.43300e-01    8.35400e-01    8.29700e-01    8.24600e-01    7.99500e-01    7.57500e-01    7.18400e-01    6.88800e-01    6.59500e-01    6.35500e-01    6.49100e-01    7.10200e-01    
1.05080e+03    7.72600e-01    7.35400e-01    6.63000e-01    6.62400e-01    6.59300e-01    6.42800e-01    7.05700e-01    6.31600e-01    5.87300e-01    6.08200e-01    6.59300e-01    7.02000e-01    7.32200e-01    7.43700e-01    7.42900e-01    7.41600e-01    7.41300e-01    7.39000e-01    7.37500e-01    7.35700e-01    7.03500e-01    5.97400e-01    4.95400e-01    4.26700e-01    4.14600e-01    4.63300e-01    5.55600e-01    6.51800e-01    
1.05100e+03    7.73100e-01    7.34900e-01    6.59400e-01    6.69900e-01    6.66600e-01    6.44200e-01    7.01800e-01    6.29000e-01    5.87500e-01    6.13400e-01    6.70700e-01    7.19900e-01    7.57900e-01    7.79100e-01    7.89700e-01    7.98700e-01    8.07000e-01    8.13100e-01    8.17500e-01    8.20000e-01    7.63900e-01    6.46000e-01    5.39500e-01    4.67700e-01    4.54200e-01    5.04100e-01    6.06900e-01    7.18100e-01    
1.05120e+03    8.48500e-01    8.22800e-01    8.01300e-01    7.99800e-01    7.55600e-01    7.50900e-01    8.15400e-01    7.64300e-01    7.34800e-01    7.55500e-01    7.99500e-01    8.37700e-01    8.67400e-01    8.84600e-01    8.94100e-01    9.02500e-01    9.10100e-01    9.17100e-01    9.22100e-01    9.26200e-01    9.21700e-01    8.94300e-01    8.68500e-01    8.51500e-01    8.50000e-01    8.65300e-01    8.99000e-01    9.36700e-01    
1.05140e+03    8.67500e-01    8.52000e-01    8.10700e-01    8.12500e-01    8.02600e-01    7.95400e-01    8.45600e-01    8.00900e-01    7.76800e-01    7.98900e-01    8.42000e-01    8.79300e-01    9.08400e-01    9.25300e-01    9.34800e-01    9.43200e-01    9.50700e-01    9.57800e-01    9.63000e-01    9.67400e-01    9.67800e-01    9.14700e-01    8.60700e-01    8.24200e-01    8.18800e-01    8.47200e-01    8.91400e-01    9.28400e-01    
1.05160e+03    9.35800e-01    9.27600e-01    9.38800e-01    9.36100e-01    9.02700e-01    8.95000e-01    9.23200e-01    9.13200e-01    9.09400e-01    9.20800e-01    9.38300e-01    9.53300e-01    9.64800e-01    9.70800e-01    9.73500e-01    9.76000e-01    9.78400e-01    9.81100e-01    9.83100e-01    9.85400e-01    1.00990e+00    1.02670e+00    1.03870e+00    1.04850e+00    1.06250e+00    1.07790e+00    1.08060e+00    1.06310e+00    
1.05180e+03    9.60800e-01    9.58700e-01    9.78200e-01    9.67500e-01    9.37200e-01    9.32000e-01    9.41500e-01    9.36900e-01    9.37000e-01    9.46700e-01    9.59300e-01    9.69500e-01    9.76000e-01    9.76900e-01    9.74000e-01    9.71300e-01    9.69200e-01    9.67100e-01    9.65600e-01    9.64500e-01    9.73700e-01    9.83700e-01    9.91800e-01    9.99300e-01    1.01490e+00    1.03560e+00    1.04000e+00    1.01860e+00    
1.05200e+03    9.60000e-01    9.55000e-01    9.68200e-01    9.58300e-01    9.42400e-01    9.40600e-01    9.43200e-01    9.42400e-01    9.44600e-01    9.52100e-01    9.60500e-01    9.67100e-01    9.70800e-01    9.70000e-01    9.66200e-01    9.62800e-01    9.59900e-01    9.57200e-01    9.55300e-01    9.53900e-01    9.66000e-01    9.87300e-01    1.00610e+00    1.01910e+00    1.02310e+00    1.01650e+00    1.00230e+00    9.87600e-01    
1.05220e+03    9.58700e-01    9.51200e-01    9.67700e-01    9.48700e-01    9.18800e-01    9.17700e-01    9.24500e-01    9.15400e-01    9.11200e-01    9.16900e-01    9.26400e-01    9.33800e-01    9.38000e-01    9.37200e-01    9.32900e-01    9.29100e-01    9.26000e-01    9.22900e-01    9.20700e-01    9.19200e-01    9.31400e-01    9.53200e-01    9.72000e-01    9.83800e-01    9.78700e-01    9.56400e-01    9.33700e-01    9.27100e-01    
1.05240e+03    9.56100e-01    9.51900e-01    9.66400e-01    9.41200e-01    9.08900e-01    9.00700e-01    9.11500e-01    8.96900e-01    8.85800e-01    8.83100e-01    8.84400e-01    8.84400e-01    8.81900e-01    8.75600e-01    8.66400e-01    8.58300e-01    8.51800e-01    8.45300e-01    8.40700e-01    8.37600e-01    8.69200e-01    8.92300e-01    9.07700e-01    9.20800e-01    9.40500e-01    9.62200e-01    9.64700e-01    9.40400e-01    
1.05260e+03    9.67700e-01    9.66600e-01    9.95200e-01    9.68600e-01    9.33100e-01    9.24700e-01    9.29900e-01    9.16400e-01    9.03100e-01    8.91800e-01    8.82300e-01    8.72600e-01    8.61700e-01    8.49000e-01    8.34400e-01    8.21500e-01    8.11000e-01    8.00500e-01    7.93000e-01    7.87900e-01    8.28000e-01    8.61400e-01    8.84300e-01    9.00600e-01    9.06800e-01    9.00200e-01    8.87000e-01    8.76300e-01    
1.05280e+03    9.57400e-01    9.46400e-01    9.79300e-01    9.65900e-01    9.30300e-01    9.21000e-01    9.27000e-01    9.16500e-01    9.06500e-01    8.99000e-01    8.92900e-01    8.86100e-01    8.77600e-01    8.66600e-01    8.53200e-01    8.41000e-01    8.31100e-01    8.20400e-01    8.12800e-01    8.06500e-01    8.07900e-01    8.30900e-01    8.52800e-01    8.67800e-01    8.68900e-01    8.54200e-01    8.34000e-01    8.23300e-01    
1.05300e+03    9.30800e-01    9.14100e-01    9.19700e-01    9.08900e-01    8.71600e-01    8.56200e-01    8.79600e-01    8.61900e-01    8.47000e-01    8.41100e-01    8.39900e-01    8.37300e-01    8.31900e-01    8.22400e-01    8.09500e-01    7.98000e-01    7.88700e-01    7.78900e-01    7.72000e-01    7.67000e-01    7.90800e-01    7.88100e-01    7.77700e-01    7.70900e-01    7.68600e-01    7.70700e-01    7.79100e-01    7.94400e-01    
1.05320e+03    9.27500e-01    9.28100e-01    8.91300e-01    8.58800e-01    8.22800e-01    8.03200e-01    8.40000e-01    8.08600e-01    7.84500e-01    7.80400e-01    7.86700e-01    7.90700e-01    7.90700e-01    7.84700e-01    7.74300e-01    7.65000e-01    7.57800e-01    7.49900e-01    7.44400e-01    7.40600e-01    7.66300e-01    7.63500e-01    7.52100e-01    7.41800e-01    7.17400e-01    6.82400e-01    6.78300e-01    7.24800e-01    
1.05340e+03    9.98000e-01    1.00040e+00    1.00670e+00    9.92100e-01    9.65200e-01    9.61500e-01    9.67300e-01    9.65900e-01    9.60700e-01    9.49900e-01    9.37500e-01    9.26000e-01    9.15400e-01    9.06000e-01    8.97100e-01    8.89300e-01    8.83000e-01    8.76800e-01    8.72500e-01    8.69800e-01    9.04600e-01    9.28800e-01    9.43800e-01    9.53300e-01    9.49500e-01    9.31900e-01    9.14600e-01    9.11100e-01    
1.05360e+03    1.00290e+00    9.90400e-01    1.00810e+00    1.01190e+00    9.89100e-01    9.97200e-01    1.00140e+00    1.00770e+00    1.00880e+00    1.00170e+00    9.92100e-01    9.84700e-01    9.80800e-01    9.81900e-01    9.86700e-01    9.91300e-01    9.95200e-01    9.99500e-01    1.00240e+00    1.00530e+00    1.01900e+00    1.03610e+00    1.05070e+00    1.05920e+00    1.05180e+00    1.02910e+00    1.00330e+00    9.90800e-01    
1.05380e+03    9.38100e-01    9.19500e-01    8.79300e-01    8.73900e-01    8.73600e-01    8.82100e-01    9.12000e-01    9.07500e-01    9.02500e-01    9.01500e-01    9.03400e-01    9.06100e-01    9.10200e-01    9.16300e-01    9.24300e-01    9.31500e-01    9.38000e-01    9.44200e-01    9.48600e-01    9.52400e-01    9.55000e-01    9.35300e-01    9.15000e-01    9.00200e-01    8.89700e-01    8.85900e-01    8.92800e-01    9.11400e-01    
1.05400e+03    9.26400e-01    9.17300e-01    8.75300e-01    8.53800e-01    8.52000e-01    8.52200e-01    8.62400e-01    8.62700e-01    8.61200e-01    8.57700e-01    8.53400e-01    8.49100e-01    8.44600e-01    8.39500e-01    8.34100e-01    8.29500e-01    8.26100e-01    8.22800e-01    8.20500e-01    8.19800e-01    8.63500e-01    8.71100e-01    8.67000e-01    8.62500e-01    8.47700e-01    8.24700e-01    8.19300e-01    8.44500e-01    
1.05420e+03    9.33200e-01    9.28600e-01    8.98500e-01    8.72800e-01    8.66100e-01    8.66700e-01    8.72900e-01    8.77600e-01    8.79800e-01    8.77700e-01    8.72600e-01    8.67000e-01    8.59600e-01    8.49600e-01    8.37400e-01    8.26700e-01    8.18100e-01    8.09900e-01    8.04000e-01    8.00700e-01    8.55600e-01    8.82300e-01    8.94500e-01    9.02700e-01    9.02200e-01    8.91900e-01    8.83100e-01    8.84600e-01    
1.05440e+03    9.33800e-01    9.29000e-01    9.00100e-01    8.76600e-01    8.79100e-01    8.84500e-01    8.82300e-01    8.89900e-01    8.93600e-01    8.89300e-01    8.80600e-01    8.72200e-01    8.63500e-01    8.54100e-01    8.44100e-01    8.35400e-01    8.28500e-01    8.21800e-01    8.17100e-01    8.14600e-01    8.65100e-01    8.93800e-01    9.09600e-01    9.20800e-01    9.24200e-01    9.18000e-01    9.12600e-01    9.13900e-01    
1.05460e+03    9.51600e-01    9.52100e-01    9.26600e-01    9.02000e-01    8.93700e-01    8.94400e-01    8.99500e-01    9.08800e-01    9.10300e-01    8.98000e-01    8.79500e-01    8.62600e-01    8.47100e-01    8.33400e-01    8.20700e-01    8.09700e-01    8.00800e-01    7.92500e-01    7.86700e-01    7.83700e-01    8.52600e-01    8.85000e-01    8.99700e-01    9.10000e-01    9.11700e-01    9.03500e-01    8.95800e-01    8.96200e-01    
1.05480e+03    9.67800e-01    9.71400e-01    9.42700e-01    9.22500e-01    9.08700e-01    9.06100e-01    9.12400e-01    9.18400e-01    9.16800e-01    9.02500e-01    8.83600e-01    8.67100e-01    8.53400e-01    8.43700e-01    8.36700e-01    8.30900e-01    8.26500e-01    8.22500e-01    8.19800e-01    8.19200e-01    8.81600e-01    9.04900e-01    9.12500e-01    9.18400e-01    9.23000e-01    9.24800e-01    9.26000e-01    9.27200e-01    
1.05500e+03    9.57900e-01    9.66900e-01    9.27300e-01    8.96700e-01    8.77800e-01    8.64500e-01    8.56000e-01    8.45000e-01    8.35900e-01    8.29600e-01    8.24900e-01    8.19800e-01    8.13000e-01    8.03500e-01    7.92300e-01    7.82600e-01    7.75100e-01    7.68200e-01    7.63300e-01    7.61500e-01    8.42100e-01    8.66000e-01    8.68600e-01    8.69400e-01    8.59900e-01    8.41200e-01    8.33500e-01    8.49000e-01    
1.05520e+03    9.66500e-01    9.74400e-01    9.51000e-01    9.26700e-01    9.19600e-01    9.04200e-01    9.03800e-01    8.97300e-01    8.86000e-01    8.66800e-01    8.46200e-01    8.27700e-01    8.11500e-01    7.98500e-01    7.87600e-01    7.78200e-01    7.70900e-01    7.64100e-01    7.59200e-01    7.57200e-01    8.29000e-01    8.67400e-01    8.87700e-01    9.00600e-01    8.94700e-01    8.69500e-01    8.56800e-01    8.72700e-01    
1.05540e+03    9.89000e-01    1.00080e+00    1.00390e+00    9.76000e-01    9.54500e-01    9.35800e-01    9.32400e-01    9.25800e-01    9.13400e-01    8.91000e-01    8.66800e-01    8.45500e-01    8.27800e-01    8.15200e-01    8.05800e-01    7.97800e-01    7.91600e-01    7.85600e-01    7.81400e-01    7.79300e-01    8.34300e-01    8.66600e-01    8.85200e-01    8.98300e-01    9.01500e-01    8.92900e-01    8.88600e-01    8.95500e-01    
1.05560e+03    9.87800e-01    9.94200e-01    9.90500e-01    9.64300e-01    9.48700e-01    9.32600e-01    9.23700e-01    9.19800e-01    9.10600e-01    8.91300e-01    8.69400e-01    8.49600e-01    8.32200e-01    8.18200e-01    8.06200e-01    7.95900e-01    7.87700e-01    7.80200e-01    7.74900e-01    7.72600e-01    8.48800e-01    8.87700e-01    9.07100e-01    9.19400e-01    9.13100e-01    8.88100e-01    8.76200e-01    8.92900e-01    
1.05580e+03    9.59600e-01    9.59300e-01    9.37700e-01    9.11700e-01    8.99200e-01    8.72200e-01    8.47200e-01    8.40000e-01    8.32700e-01    8.21900e-01    8.09200e-01    7.96000e-01    7.80600e-01    7.61800e-01    7.40100e-01    7.21000e-01    7.05600e-01    6.90500e-01    6.79800e-01    6.73400e-01    7.57600e-01    7.93000e-01    8.05200e-01    8.11200e-01    7.92500e-01    7.50700e-01    7.35900e-01    7.72700e-01    
1.05600e+03    9.55000e-01    9.48200e-01    9.29200e-01    9.09400e-01    8.83200e-01    8.49600e-01    8.22800e-01    8.18100e-01    8.14000e-01    8.07000e-01    7.97800e-01    7.87700e-01    7.74600e-01    7.57300e-01    7.36300e-01    7.17800e-01    7.02900e-01    6.88300e-01    6.77900e-01    6.71600e-01    7.52100e-01    7.92800e-01    8.11400e-01    8.21800e-01    8.03100e-01    7.56700e-01    7.36600e-01    7.70800e-01    
1.05620e+03    9.40800e-01    9.22700e-01    8.96200e-01    8.87600e-01    8.60500e-01    8.43600e-01    8.56200e-01    8.30800e-01    8.10200e-01    8.01100e-01    7.99100e-01    7.96400e-01    7.91900e-01    7.85100e-01    7.76100e-01    7.68100e-01    7.61900e-01    7.55000e-01    7.50100e-01    7.46300e-01    7.61000e-01    7.82200e-01    7.99500e-01    8.10700e-01    8.03800e-01    7.78300e-01    7.72100e-01    8.00700e-01    
1.05640e+03    9.55100e-01    9.53700e-01    8.94700e-01    8.76400e-01    8.66200e-01    8.50900e-01    8.55100e-01    8.31800e-01    8.15300e-01    8.12500e-01    8.17900e-01    8.22800e-01    8.27400e-01    8.31700e-01    8.35600e-01    8.38800e-01    8.41900e-01    8.43200e-01    8.44000e-01    8.42900e-01    7.83100e-01    7.69200e-01    7.71000e-01    7.72000e-01    7.66500e-01    7.54500e-01    7.61800e-01    7.94900e-01    
1.05660e+03    9.96300e-01    1.00200e+00    9.86500e-01    9.70100e-01    9.60700e-01    9.47900e-01    9.38000e-01    9.28000e-01    9.15500e-01    8.97700e-01    8.79000e-01    8.61200e-01    8.44100e-01    8.28500e-01    8.12400e-01    7.97700e-01    7.85600e-01    7.72000e-01    7.62200e-01    7.53200e-01    7.21400e-01    7.24500e-01    7.34100e-01    7.40700e-01    7.37600e-01    7.23800e-01    7.24200e-01    7.49000e-01    
1.05680e+03    9.99900e-01    1.00990e+00    1.00140e+00    9.80500e-01    9.67900e-01    9.53400e-01    9.46900e-01    9.38900e-01    9.27900e-01    9.10800e-01    8.91600e-01    8.72600e-01    8.53100e-01    8.33400e-01    8.11500e-01    7.91200e-01    7.74200e-01    7.54500e-01    7.40400e-01    7.26300e-01    6.41000e-01    6.27400e-01    6.32000e-01    6.32400e-01    6.06900e-01    5.57900e-01    5.43600e-01    5.94600e-01    
1.05700e+03    9.69800e-01    9.64000e-01    9.64100e-01    9.58000e-01    9.43300e-01    9.27400e-01    9.16500e-01    9.16200e-01    9.11700e-01    8.97600e-01    8.79000e-01    8.60500e-01    8.41300e-01    8.21600e-01    7.99600e-01    7.79400e-01    7.62400e-01    7.43100e-01    7.29300e-01    7.16100e-01    6.49100e-01    6.34100e-01    6.32200e-01    6.27300e-01    5.94600e-01    5.37900e-01    5.20100e-01    5.75700e-01    
1.05720e+03    9.59500e-01    9.65500e-01    9.44100e-01    9.25300e-01    9.13900e-01    8.97900e-01    8.91900e-01    8.73100e-01    8.59500e-01    8.54600e-01    8.53400e-01    8.49800e-01    8.42200e-01    8.28900e-01    8.10000e-01    7.92600e-01    7.78100e-01    7.61400e-01    7.49400e-01    7.37800e-01    6.74700e-01    6.56300e-01    6.50900e-01    6.46700e-01    6.35900e-01    6.19100e-01    6.25800e-01    6.66800e-01    
1.05740e+03    9.86300e-01    1.00380e+00    1.00210e+00    9.72400e-01    9.53800e-01    9.46400e-01    9.54600e-01    9.42400e-01    9.29400e-01    9.16300e-01    9.03500e-01    8.89700e-01    8.73700e-01    8.54600e-01    8.31700e-01    8.10700e-01    7.93000e-01    7.73600e-01    7.59700e-01    7.46900e-01    6.99700e-01    7.00000e-01    7.09500e-01    7.15400e-01    7.07400e-01    6.85000e-01    6.85200e-01    7.21900e-01    
1.05760e+03    1.00880e+00    1.02680e+00    1.03270e+00    1.01230e+00    9.97100e-01    9.92000e-01    1.00100e+00    9.96800e-01    9.88600e-01    9.74300e-01    9.57800e-01    9.41400e-01    9.24400e-01    9.06800e-01    8.87200e-01    8.69300e-01    8.54100e-01    8.37600e-01    8.25800e-01    8.14900e-01    7.76400e-01    7.89400e-01    8.09900e-01    8.21300e-01    8.00500e-01    7.49200e-01    7.27800e-01    7.66700e-01    
1.05780e+03    1.00810e+00    1.02560e+00    1.01760e+00    1.00490e+00    9.94500e-01    9.81000e-01    9.81300e-01    9.70300e-01    9.60800e-01    9.54300e-01    9.48500e-01    9.41100e-01    9.30000e-01    9.13800e-01    8.92700e-01    8.73800e-01    8.57800e-01    8.41500e-01    8.29800e-01    8.20300e-01    8.28600e-01    8.55500e-01    8.78400e-01    8.93100e-01    8.86800e-01    8.58900e-01    8.39000e-01    8.46600e-01    
1.05800e+03    1.00810e+00    1.02310e+00    1.00780e+00    9.96800e-01    9.79500e-01    9.67400e-01    9.59700e-01    9.54100e-01    9.52300e-01    9.55500e-01    9.59500e-01    9.61300e-01    9.59000e-01    9.51000e-01    9.38100e-01    9.26500e-01    9.16700e-01    9.06400e-01    8.99100e-01    8.92800e-01    8.87900e-01    9.11700e-01    9.36500e-01    9.55100e-01    9.69300e-01    9.75300e-01    9.69600e-01    9.53000e-01    
1.05820e+03    1.01630e+00    1.03040e+00    1.01410e+00    1.00700e+00    9.94800e-01    9.85700e-01    9.85300e-01    1.00310e+00    1.01360e+00    1.00990e+00    9.98900e-01    9.88800e-01    9.79900e-01    9.73000e-01    9.66800e-01    9.61200e-01    9.56500e-01    9.51600e-01    9.48100e-01    9.44800e-01    9.39700e-01    9.76100e-01    1.01450e+00    1.04000e+00    1.03900e+00    1.01010e+00    9.77600e-01    9.63200e-01    
1.05840e+03    1.01360e+00    1.03320e+00    1.00430e+00    9.87200e-01    9.74300e-01    9.67700e-01    9.58400e-01    9.66800e-01    9.72800e-01    9.72400e-01    9.67900e-01    9.63200e-01    9.57900e-01    9.51500e-01    9.43900e-01    9.37300e-01    9.31700e-01    9.26200e-01    9.22300e-01    9.19300e-01    9.34000e-01    9.61600e-01    9.85300e-01    9.99900e-01    9.91000e-01    9.58800e-01    9.29400e-01    9.25200e-01    
1.05860e+03    1.01050e+00    1.02860e+00    9.97500e-01    9.85000e-01    9.74900e-01    9.67500e-01    9.58900e-01    9.72100e-01    9.82200e-01    9.84400e-01    9.81900e-01    9.79500e-01    9.77200e-01    9.75000e-01    9.72800e-01    9.70800e-01    9.69200e-01    9.67600e-01    9.66500e-01    9.65600e-01    9.71200e-01    9.89600e-01    1.00650e+00    1.01600e+00    1.00300e+00    9.68800e-01    9.35800e-01    9.27900e-01    
1.05880e+03    1.01510e+00    1.03570e+00    1.01200e+00    9.98600e-01    9.83900e-01    9.73800e-01    9.64700e-01    9.78700e-01    9.89700e-01    9.93200e-01    9.91900e-01    9.90700e-01    9.89700e-01    9.88900e-01    9.88100e-01    9.87500e-01    9.87100e-01    9.86700e-01    9.86500e-01    9.86300e-01    9.93500e-01    1.01570e+00    1.03680e+00    1.05080e+00    1.05150e+00    1.03770e+00    1.01210e+00    9.87800e-01    
1.05900e+03    1.00980e+00    1.03420e+00    1.01290e+00    9.89900e-01    9.70200e-01    9.59000e-01    9.51500e-01    9.55900e-01    9.59900e-01    9.61900e-01    9.61600e-01    9.60600e-01    9.57900e-01    9.52800e-01    9.45800e-01    9.39700e-01    9.34700e-01    9.30200e-01    9.27000e-01    9.25400e-01    9.63800e-01    9.97400e-01    1.02110e+00    1.03520e+00    1.02350e+00    9.86700e-01    9.49300e-01    9.37500e-01    
1.05920e+03    1.01680e+00    1.03290e+00    1.02580e+00    1.01250e+00    9.95200e-01    9.87100e-01    9.97600e-01    1.00120e+00    9.99200e-01    9.89400e-01    9.77400e-01    9.67700e-01    9.61200e-01    9.59400e-01    9.61000e-01    9.62700e-01    9.64300e-01    9.66300e-01    9.67700e-01    9.69600e-01    9.96000e-01    1.01910e+00    1.03630e+00    1.04630e+00    1.03770e+00    1.01090e+00    9.76500e-01    9.55400e-01    
1.05940e+03    1.01620e+00    1.03190e+00    1.02930e+00    1.00760e+00    9.87600e-01    9.79100e-01    9.91700e-01    9.95700e-01    9.92400e-01    9.78000e-01    9.60200e-01    9.44800e-01    9.32700e-01    9.25300e-01    9.21100e-01    9.17600e-01    9.14900e-01    9.12600e-01    9.11000e-01    9.10800e-01    9.51300e-01    9.79200e-01    9.97400e-01    1.01060e+00    1.01930e+00    1.02100e+00    1.00300e+00    9.70500e-01    
1.05960e+03    1.03190e+00    1.05110e+00    1.04370e+00    1.02110e+00    1.00490e+00    9.96200e-01    9.97900e-01    1.00150e+00    9.99000e-01    9.86700e-01    9.71900e-01    9.60000e-01    9.52400e-01    9.50900e-01    9.54000e-01    9.57000e-01    9.59800e-01    9.62900e-01    9.65200e-01    9.67800e-01    9.95500e-01    9.97400e-01    9.92900e-01    9.91000e-01    1.00050e+00    1.01970e+00    1.01320e+00    9.75700e-01    
1.05980e+03    1.03630e+00    1.05080e+00    1.03170e+00    1.02030e+00    1.00940e+00    9.99100e-01    9.99300e-01    1.00040e+00    9.99300e-01    9.95200e-01    9.90200e-01    9.86100e-01    9.83100e-01    9.81400e-01    9.81200e-01    9.81300e-01    9.81500e-01    9.82700e-01    9.83700e-01    9.86200e-01    1.04260e+00    1.03020e+00    1.00230e+00    9.82700e-01    9.78000e-01    9.89700e-01    9.82800e-01    9.54800e-01    
1.06000e+03    1.02470e+00    1.03600e+00    1.00380e+00    9.91400e-01    9.88900e-01    9.78200e-01    9.77300e-01    9.72300e-01    9.68400e-01    9.66100e-01    9.63600e-01    9.59500e-01    9.52700e-01    9.42100e-01    9.27500e-01    9.14200e-01    9.02900e-01    8.90600e-01    8.81800e-01    8.73500e-01    8.41100e-01    8.55900e-01    8.78000e-01    8.94000e-01    9.01500e-01    8.97700e-01    8.84600e-01    8.70200e-01    
