                                             LOG (LUMINOSITY)
               |-------------------------------------------------------------------------------------------------------------------------------------------------------------------------------------------------------------------------------------------------------------------------------------------------------------------------------------------------------------------------------------------------------------------------------|
WAVELENGTH [A]    1 Myr          2 Myr          3 Myr          4 Myr          5 Myr          6 Myr          7 Myr          8 Myr          9 Myr          10 Myr         11 Myr         12 Myr         13 Myr        14 Myr         15 Myr         16 Myr          17 Myr        18 Myr         19 Myr         20 Myr          30Myr          40Myr          50Myr           60Myr         70Myr           80Myr         90Myr           100Myr
1.01600e+03    3.97612e+01    4.00776e+01    4.02803e+01    4.03861e+01    4.04445e+01    4.04853e+01    4.05127e+01    4.05329e+01    4.05488e+01    4.05618e+01    4.05725e+01    4.05814e+01    4.05892e+01    4.05958e+01    4.06017e+01    4.06068e+01    4.06114e+01    4.06155e+01    4.06192e+01    4.06227e+01    4.06442e+01    4.06548e+01    4.06609e+01    4.06648e+01    4.06673e+01    4.06689e+01    4.06698e+01    4.06704e+01    
1.01620e+03    3.97658e+01    4.00827e+01    4.02840e+01    4.03890e+01    4.04470e+01    4.04876e+01    4.05148e+01    4.05349e+01    4.05507e+01    4.05637e+01    4.05743e+01    4.05832e+01    4.05909e+01    4.05975e+01    4.06033e+01    4.06084e+01    4.06130e+01    4.06170e+01    4.06207e+01    4.06241e+01    4.06455e+01    4.06558e+01    4.06616e+01    4.06651e+01    4.06674e+01    4.06689e+01    4.06698e+01    4.06704e+01    
1.01640e+03    3.97688e+01    4.00849e+01    4.02853e+01    4.03899e+01    4.04478e+01    4.04883e+01    4.05155e+01    4.05355e+01    4.05513e+01    4.05642e+01    4.05749e+01    4.05837e+01    4.05913e+01    4.05979e+01    4.06037e+01    4.06088e+01    4.06134e+01    4.06174e+01    4.06211e+01    4.06245e+01    4.06456e+01    4.06557e+01    4.06613e+01    4.06647e+01    4.06669e+01    4.06683e+01    4.06692e+01    4.06698e+01    
1.01660e+03    3.97733e+01    4.00892e+01    4.02897e+01    4.03935e+01    4.04509e+01    4.04911e+01    4.05182e+01    4.05381e+01    4.05538e+01    4.05666e+01    4.05772e+01    4.05860e+01    4.05936e+01    4.06002e+01    4.06060e+01    4.06110e+01    4.06155e+01    4.06196e+01    4.06232e+01    4.06266e+01    4.06475e+01    4.06576e+01    4.06635e+01    4.06672e+01    4.06697e+01    4.06712e+01    4.06722e+01    4.06727e+01    
1.01680e+03    3.97750e+01    4.00917e+01    4.02919e+01    4.03952e+01    4.04523e+01    4.04923e+01    4.05192e+01    4.05391e+01    4.05547e+01    4.05675e+01    4.05780e+01    4.05867e+01    4.05943e+01    4.06008e+01    4.06066e+01    4.06116e+01    4.06161e+01    4.06201e+01    4.06237e+01    4.06270e+01    4.06473e+01    4.06568e+01    4.06623e+01    4.06658e+01    4.06681e+01    4.06696e+01    4.06705e+01    4.06710e+01    
1.01700e+03    3.97725e+01    4.00914e+01    4.02910e+01    4.03943e+01    4.04514e+01    4.04914e+01    4.05183e+01    4.05381e+01    4.05537e+01    4.05665e+01    4.05770e+01    4.05857e+01    4.05933e+01    4.05998e+01    4.06055e+01    4.06105e+01    4.06150e+01    4.06189e+01    4.06225e+01    4.06258e+01    4.06454e+01    4.06543e+01    4.06592e+01    4.06622e+01    4.06642e+01    4.06656e+01    4.06665e+01    4.06670e+01    
1.01720e+03    3.97701e+01    4.00913e+01    4.02901e+01    4.03935e+01    4.04506e+01    4.04907e+01    4.05176e+01    4.05374e+01    4.05530e+01    4.05658e+01    4.05763e+01    4.05850e+01    4.05926e+01    4.05991e+01    4.06048e+01    4.06097e+01    4.06142e+01    4.06181e+01    4.06217e+01    4.06250e+01    4.06443e+01    4.06528e+01    4.06574e+01    4.06602e+01    4.06620e+01    4.06633e+01    4.06642e+01    4.06648e+01    
1.01740e+03    3.97706e+01    4.00909e+01    4.02888e+01    4.03924e+01    4.04496e+01    4.04898e+01    4.05167e+01    4.05366e+01    4.05523e+01    4.05650e+01    4.05756e+01    4.05843e+01    4.05919e+01    4.05984e+01    4.06041e+01    4.06090e+01    4.06135e+01    4.06175e+01    4.06210e+01    4.06243e+01    4.06437e+01    4.06522e+01    4.06568e+01    4.06596e+01    4.06615e+01    4.06628e+01    4.06637e+01    4.06643e+01    
1.01760e+03    3.97713e+01    4.00899e+01    4.02869e+01    4.03900e+01    4.04473e+01    4.04873e+01    4.05141e+01    4.05338e+01    4.05492e+01    4.05617e+01    4.05719e+01    4.05802e+01    4.05875e+01    4.05936e+01    4.05992e+01    4.06040e+01    4.06084e+01    4.06124e+01    4.06160e+01    4.06193e+01    4.06395e+01    4.06486e+01    4.06538e+01    4.06569e+01    4.06590e+01    4.06604e+01    4.06613e+01    4.06619e+01    
1.01780e+03    3.97716e+01    4.00888e+01    4.02856e+01    4.03900e+01    4.04479e+01    4.04884e+01    4.05156e+01    4.05357e+01    4.05515e+01    4.05645e+01    4.05752e+01    4.05841e+01    4.05919e+01    4.05985e+01    4.06044e+01    4.06094e+01    4.06140e+01    4.06180e+01    4.06217e+01    4.06251e+01    4.06453e+01    4.06548e+01    4.06601e+01    4.06633e+01    4.06655e+01    4.06669e+01    4.06678e+01    4.06683e+01    
1.01800e+03    3.97544e+01    4.00720e+01    4.02697e+01    4.03728e+01    4.04291e+01    4.04670e+01    4.04918e+01    4.05099e+01    4.05241e+01    4.05361e+01    4.05464e+01    4.05552e+01    4.05632e+01    4.05701e+01    4.05762e+01    4.05816e+01    4.05864e+01    4.05908e+01    4.05947e+01    4.05983e+01    4.06205e+01    4.06308e+01    4.06364e+01    4.06397e+01    4.06419e+01    4.06433e+01    4.06442e+01    4.06448e+01    
1.01820e+03    3.97446e+01    4.00614e+01    4.02588e+01    4.03591e+01    4.04152e+01    4.04537e+01    4.04797e+01    4.04988e+01    4.05137e+01    4.05262e+01    4.05368e+01    4.05459e+01    4.05539e+01    4.05608e+01    4.05667e+01    4.05717e+01    4.05762e+01    4.05801e+01    4.05835e+01    4.05866e+01    4.06072e+01    4.06179e+01    4.06237e+01    4.06271e+01    4.06292e+01    4.06306e+01    4.06314e+01    4.06320e+01    
1.01840e+03    3.97581e+01    4.00760e+01    4.02773e+01    4.03828e+01    4.04409e+01    4.04817e+01    4.05089e+01    4.05288e+01    4.05446e+01    4.05577e+01    4.05686e+01    4.05778e+01    4.05859e+01    4.05928e+01    4.05989e+01    4.06041e+01    4.06088e+01    4.06130e+01    4.06167e+01    4.06201e+01    4.06413e+01    4.06515e+01    4.06569e+01    4.06602e+01    4.06622e+01    4.06636e+01    4.06645e+01    4.06650e+01    
1.01860e+03    3.97737e+01    4.00937e+01    4.02965e+01    4.04040e+01    4.04631e+01    4.05047e+01    4.05324e+01    4.05528e+01    4.05688e+01    4.05819e+01    4.05926e+01    4.06015e+01    4.06092e+01    4.06159e+01    4.06218e+01    4.06270e+01    4.06317e+01    4.06360e+01    4.06398e+01    4.06434e+01    4.06653e+01    4.06754e+01    4.06809e+01    4.06841e+01    4.06861e+01    4.06875e+01    4.06883e+01    4.06889e+01    
1.01880e+03    3.97848e+01    4.01076e+01    4.03103e+01    4.04159e+01    4.04742e+01    4.05151e+01    4.05425e+01    4.05626e+01    4.05786e+01    4.05917e+01    4.06024e+01    4.06112e+01    4.06189e+01    4.06255e+01    4.06314e+01    4.06366e+01    4.06413e+01    4.06455e+01    4.06493e+01    4.06529e+01    4.06745e+01    4.06844e+01    4.06897e+01    4.06928e+01    4.06949e+01    4.06962e+01    4.06970e+01    4.06975e+01    
1.01900e+03    3.97825e+01    4.01066e+01    4.03073e+01    4.04121e+01    4.04697e+01    4.05097e+01    4.05366e+01    4.05563e+01    4.05717e+01    4.05844e+01    4.05950e+01    4.06039e+01    4.06118e+01    4.06186e+01    4.06246e+01    4.06298e+01    4.06345e+01    4.06387e+01    4.06425e+01    4.06461e+01    4.06672e+01    4.06767e+01    4.06817e+01    4.06846e+01    4.06865e+01    4.06878e+01    4.06887e+01    4.06892e+01    
1.01920e+03    3.97690e+01    4.00941e+01    4.02880e+01    4.03860e+01    4.04399e+01    4.04779e+01    4.05034e+01    4.05216e+01    4.05353e+01    4.05466e+01    4.05563e+01    4.05647e+01    4.05722e+01    4.05787e+01    4.05845e+01    4.05896e+01    4.05942e+01    4.05983e+01    4.06020e+01    4.06054e+01    4.06261e+01    4.06354e+01    4.06403e+01    4.06431e+01    4.06448e+01    4.06461e+01    4.06469e+01    4.06474e+01    
1.01940e+03    3.97659e+01    4.00924e+01    4.02871e+01    4.03832e+01    4.04361e+01    4.04725e+01    4.04969e+01    4.05146e+01    4.05281e+01    4.05392e+01    4.05486e+01    4.05566e+01    4.05637e+01    4.05698e+01    4.05752e+01    4.05797e+01    4.05839e+01    4.05875e+01    4.05908e+01    4.05938e+01    4.06121e+01    4.06203e+01    4.06244e+01    4.06266e+01    4.06280e+01    4.06290e+01    4.06298e+01    4.06302e+01    
1.01960e+03    3.97688e+01    4.00953e+01    4.02946e+01    4.03934e+01    4.04472e+01    4.04838e+01    4.05080e+01    4.05257e+01    4.05396e+01    4.05511e+01    4.05608e+01    4.05689e+01    4.05761e+01    4.05821e+01    4.05874e+01    4.05917e+01    4.05956e+01    4.05989e+01    4.06018e+01    4.06045e+01    4.06208e+01    4.06287e+01    4.06327e+01    4.06350e+01    4.06364e+01    4.06374e+01    4.06381e+01    4.06386e+01    
1.01980e+03    3.97657e+01    4.00917e+01    4.02924e+01    4.03913e+01    4.04450e+01    4.04814e+01    4.05053e+01    4.05226e+01    4.05361e+01    4.05473e+01    4.05569e+01    4.05649e+01    4.05721e+01    4.05781e+01    4.05833e+01    4.05876e+01    4.05915e+01    4.05947e+01    4.05976e+01    4.06003e+01    4.06166e+01    4.06245e+01    4.06285e+01    4.06307e+01    4.06321e+01    4.06332e+01    4.06339e+01    4.06344e+01    
1.02000e+03    3.97608e+01    4.00866e+01    4.02889e+01    4.03914e+01    4.04468e+01    4.04848e+01    4.05102e+01    4.05290e+01    4.05439e+01    4.05561e+01    4.05660e+01    4.05742e+01    4.05813e+01    4.05873e+01    4.05924e+01    4.05968e+01    4.06007e+01    4.06041e+01    4.06071e+01    4.06099e+01    4.06267e+01    4.06347e+01    4.06386e+01    4.06409e+01    4.06422e+01    4.06433e+01    4.06440e+01    4.06444e+01    
1.02020e+03    3.97448e+01    4.00688e+01    4.02670e+01    4.03706e+01    4.04278e+01    4.04672e+01    4.04937e+01    4.05135e+01    4.05290e+01    4.05417e+01    4.05520e+01    4.05605e+01    4.05677e+01    4.05739e+01    4.05792e+01    4.05838e+01    4.05879e+01    4.05915e+01    4.05948e+01    4.05977e+01    4.06157e+01    4.06240e+01    4.06280e+01    4.06302e+01    4.06315e+01    4.06326e+01    4.06333e+01    4.06338e+01    
1.02040e+03    3.97125e+01    4.00348e+01    4.02210e+01    4.03146e+01    4.03648e+01    4.04014e+01    4.04272e+01    4.04468e+01    4.04624e+01    4.04751e+01    4.04853e+01    4.04937e+01    4.05008e+01    4.05069e+01    4.05123e+01    4.05170e+01    4.05213e+01    4.05251e+01    4.05286e+01    4.05317e+01    4.05515e+01    4.05605e+01    4.05647e+01    4.05669e+01    4.05683e+01    4.05694e+01    4.05702e+01    4.05707e+01    
1.02060e+03    3.96825e+01    4.00036e+01    4.01791e+01    4.02652e+01    4.03152e+01    4.03516e+01    4.03769e+01    4.03956e+01    4.04100e+01    4.04218e+01    4.04315e+01    4.04397e+01    4.04468e+01    4.04530e+01    4.04585e+01    4.04634e+01    4.04679e+01    4.04719e+01    4.04755e+01    4.04789e+01    4.05001e+01    4.05095e+01    4.05137e+01    4.05158e+01    4.05170e+01    4.05180e+01    4.05187e+01    4.05193e+01    
1.02080e+03    3.96861e+01    4.00103e+01    4.01997e+01    4.02959e+01    4.03481e+01    4.03840e+01    4.04082e+01    4.04263e+01    4.04404e+01    4.04520e+01    4.04615e+01    4.04693e+01    4.04760e+01    4.04818e+01    4.04868e+01    4.04912e+01    4.04951e+01    4.04986e+01    4.05018e+01    4.05047e+01    4.05230e+01    4.05315e+01    4.05354e+01    4.05373e+01    4.05384e+01    4.05392e+01    4.05399e+01    4.05404e+01    
1.02100e+03    3.96859e+01    4.00127e+01    4.02026e+01    4.02949e+01    4.03452e+01    4.03800e+01    4.04034e+01    4.04208e+01    4.04345e+01    4.04456e+01    4.04546e+01    4.04619e+01    4.04682e+01    4.04735e+01    4.04781e+01    4.04821e+01    4.04857e+01    4.04888e+01    4.04916e+01    4.04942e+01    4.05108e+01    4.05189e+01    4.05227e+01    4.05246e+01    4.05258e+01    4.05268e+01    4.05275e+01    4.05281e+01    
1.02120e+03    3.96777e+01    4.00097e+01    4.02005e+01    4.02906e+01    4.03399e+01    4.03736e+01    4.03967e+01    4.04140e+01    4.04277e+01    4.04387e+01    4.04475e+01    4.04547e+01    4.04608e+01    4.04659e+01    4.04704e+01    4.04742e+01    4.04777e+01    4.04808e+01    4.04836e+01    4.04861e+01    4.05025e+01    4.05102e+01    4.05137e+01    4.05154e+01    4.05164e+01    4.05171e+01    4.05178e+01    4.05183e+01    
1.02140e+03    3.96726e+01    4.00068e+01    4.01992e+01    4.02941e+01    4.03456e+01    4.03809e+01    4.04049e+01    4.04224e+01    4.04359e+01    4.04469e+01    4.04560e+01    4.04637e+01    4.04703e+01    4.04760e+01    4.04809e+01    4.04850e+01    4.04887e+01    4.04919e+01    4.04948e+01    4.04974e+01    4.05138e+01    4.05217e+01    4.05253e+01    4.05272e+01    4.05283e+01    4.05292e+01    4.05299e+01    4.05303e+01    
1.02160e+03    3.96775e+01    4.00124e+01    4.02101e+01    4.03118e+01    4.03676e+01    4.04064e+01    4.04328e+01    4.04522e+01    4.04671e+01    4.04794e+01    4.04898e+01    4.04985e+01    4.05062e+01    4.05127e+01    4.05183e+01    4.05230e+01    4.05271e+01    4.05306e+01    4.05336e+01    4.05364e+01    4.05530e+01    4.05606e+01    4.05641e+01    4.05660e+01    4.05672e+01    4.05680e+01    4.05687e+01    4.05691e+01    
1.02180e+03    3.96818e+01    4.00177e+01    4.02218e+01    4.03294e+01    4.03881e+01    4.04291e+01    4.04573e+01    4.04779e+01    4.04939e+01    4.05069e+01    4.05177e+01    4.05267e+01    4.05345e+01    4.05411e+01    4.05467e+01    4.05514e+01    4.05555e+01    4.05591e+01    4.05622e+01    4.05650e+01    4.05815e+01    4.05887e+01    4.05921e+01    4.05938e+01    4.05949e+01    4.05957e+01    4.05963e+01    4.05967e+01    
1.02200e+03    3.96740e+01    4.00106e+01    4.02178e+01    4.03259e+01    4.03850e+01    4.04263e+01    4.04547e+01    4.04755e+01    4.04914e+01    4.05043e+01    4.05150e+01    4.05239e+01    4.05317e+01    4.05382e+01    4.05439e+01    4.05486e+01    4.05527e+01    4.05563e+01    4.05594e+01    4.05622e+01    4.05786e+01    4.05854e+01    4.05885e+01    4.05900e+01    4.05908e+01    4.05915e+01    4.05920e+01    4.05924e+01    
1.02220e+03    3.96598e+01    3.99961e+01    4.02039e+01    4.03121e+01    4.03717e+01    4.04137e+01    4.04431e+01    4.04650e+01    4.04820e+01    4.04957e+01    4.05069e+01    4.05162e+01    4.05241e+01    4.05308e+01    4.05365e+01    4.05413e+01    4.05455e+01    4.05491e+01    4.05523e+01    4.05552e+01    4.05714e+01    4.05779e+01    4.05806e+01    4.05819e+01    4.05826e+01    4.05832e+01    4.05838e+01    4.05842e+01    
1.02240e+03    3.96397e+01    3.99755e+01    4.01816e+01    4.02867e+01    4.03450e+01    4.03868e+01    4.04160e+01    4.04378e+01    4.04546e+01    4.04683e+01    4.04795e+01    4.04887e+01    4.04966e+01    4.05033e+01    4.05089e+01    4.05136e+01    4.05178e+01    4.05213e+01    4.05244e+01    4.05272e+01    4.05434e+01    4.05501e+01    4.05530e+01    4.05544e+01    4.05552e+01    4.05558e+01    4.05564e+01    4.05568e+01    
1.02260e+03    3.96175e+01    3.99537e+01    4.01577e+01    4.02611e+01    4.03186e+01    4.03601e+01    4.03892e+01    4.04107e+01    4.04273e+01    4.04407e+01    4.04518e+01    4.04610e+01    4.04690e+01    4.04757e+01    4.04813e+01    4.04860e+01    4.04901e+01    4.04935e+01    4.04965e+01    4.04993e+01    4.05152e+01    4.05222e+01    4.05253e+01    4.05267e+01    4.05275e+01    4.05280e+01    4.05283e+01    4.05286e+01    
1.02280e+03    3.95960e+01    3.99325e+01    4.01358e+01    4.02413e+01    4.02999e+01    4.03419e+01    4.03718e+01    4.03939e+01    4.04109e+01    4.04247e+01    4.04361e+01    4.04455e+01    4.04537e+01    4.04606e+01    4.04664e+01    4.04711e+01    4.04752e+01    4.04787e+01    4.04817e+01    4.04844e+01    4.05003e+01    4.05074e+01    4.05107e+01    4.05123e+01    4.05133e+01    4.05139e+01    4.05142e+01    4.05147e+01    
1.02300e+03    3.95827e+01    3.99204e+01    4.01229e+01    4.02316e+01    4.02923e+01    4.03361e+01    4.03675e+01    4.03909e+01    4.04088e+01    4.04232e+01    4.04350e+01    4.04448e+01    4.04531e+01    4.04601e+01    4.04660e+01    4.04708e+01    4.04751e+01    4.04787e+01    4.04818e+01    4.04846e+01    4.05007e+01    4.05078e+01    4.05112e+01    4.05129e+01    4.05140e+01    4.05147e+01    4.05152e+01    4.05156e+01    
1.02320e+03    3.95732e+01    3.99145e+01    4.01142e+01    4.02196e+01    4.02795e+01    4.03230e+01    4.03545e+01    4.03779e+01    4.03956e+01    4.04097e+01    4.04213e+01    4.04309e+01    4.04391e+01    4.04459e+01    4.04516e+01    4.04563e+01    4.04604e+01    4.04639e+01    4.04669e+01    4.04695e+01    4.04851e+01    4.04919e+01    4.04948e+01    4.04963e+01    4.04971e+01    4.04976e+01    4.04981e+01    4.04985e+01    
1.02340e+03    3.95625e+01    3.99073e+01    4.01043e+01    4.02076e+01    4.02680e+01    4.03118e+01    4.03436e+01    4.03674e+01    4.03851e+01    4.03991e+01    4.04106e+01    4.04200e+01    4.04281e+01    4.04347e+01    4.04403e+01    4.04449e+01    4.04488e+01    4.04521e+01    4.04549e+01    4.04574e+01    4.04723e+01    4.04790e+01    4.04819e+01    4.04832e+01    4.04839e+01    4.04844e+01    4.04847e+01    4.04851e+01    
1.02360e+03    3.95476e+01    3.98955e+01    4.00910e+01    4.01904e+01    4.02495e+01    4.02925e+01    4.03242e+01    4.03477e+01    4.03650e+01    4.03787e+01    4.03900e+01    4.03993e+01    4.04073e+01    4.04139e+01    4.04194e+01    4.04238e+01    4.04276e+01    4.04308e+01    4.04335e+01    4.04359e+01    4.04508e+01    4.04580e+01    4.04611e+01    4.04625e+01    4.04633e+01    4.04639e+01    4.04645e+01    4.04648e+01    
1.02380e+03    3.95203e+01    3.98688e+01    4.00548e+01    4.01460e+01    4.02023e+01    4.02441e+01    4.02754e+01    4.02983e+01    4.03149e+01    4.03279e+01    4.03388e+01    4.03478e+01    4.03557e+01    4.03622e+01    4.03677e+01    4.03721e+01    4.03759e+01    4.03790e+01    4.03817e+01    4.03841e+01    4.03996e+01    4.04077e+01    4.04111e+01    4.04127e+01    4.04136e+01    4.04144e+01    4.04149e+01    4.04153e+01    
1.02400e+03    3.94885e+01    3.98361e+01    4.00114e+01    4.00918e+01    4.01429e+01    4.01830e+01    4.02135e+01    4.02358e+01    4.02516e+01    4.02638e+01    4.02741e+01    4.02828e+01    4.02904e+01    4.02967e+01    4.03021e+01    4.03064e+01    4.03102e+01    4.03134e+01    4.03162e+01    4.03187e+01    4.03355e+01    4.03445e+01    4.03483e+01    4.03500e+01    4.03510e+01    4.03517e+01    4.03522e+01    4.03527e+01    
1.02420e+03    3.94490e+01    3.97907e+01    3.99559e+01    4.00279e+01    4.00739e+01    4.01131e+01    4.01436e+01    4.01655e+01    4.01806e+01    4.01923e+01    4.02022e+01    4.02107e+01    4.02183e+01    4.02247e+01    4.02302e+01    4.02347e+01    4.02387e+01    4.02421e+01    4.02451e+01    4.02478e+01    4.02667e+01    4.02767e+01    4.02805e+01    4.02820e+01    4.02826e+01    4.02831e+01    4.02834e+01    4.02836e+01    
1.02440e+03    3.94172e+01    3.97500e+01    3.99084e+01    3.99816e+01    4.00279e+01    4.00684e+01    4.01008e+01    4.01244e+01    4.01409e+01    4.01536e+01    4.01642e+01    4.01730e+01    4.01808e+01    4.01873e+01    4.01928e+01    4.01975e+01    4.02016e+01    4.02051e+01    4.02082e+01    4.02111e+01    4.02315e+01    4.02429e+01    4.02478e+01    4.02501e+01    4.02514e+01    4.02524e+01    4.02533e+01    4.02538e+01    
1.02460e+03    3.93914e+01    3.97246e+01    3.98772e+01    3.99458e+01    3.99890e+01    4.00275e+01    4.00588e+01    4.00818e+01    4.00980e+01    4.01106e+01    4.01211e+01    4.01300e+01    4.01378e+01    4.01443e+01    4.01500e+01    4.01547e+01    4.01589e+01    4.01625e+01    4.01657e+01    4.01686e+01    4.01904e+01    4.02031e+01    4.02086e+01    4.02112e+01    4.02126e+01    4.02136e+01    4.02144e+01    4.02150e+01    
1.02480e+03    3.93529e+01    3.96858e+01    3.98208e+01    3.98825e+01    3.99207e+01    3.99560e+01    3.99848e+01    4.00061e+01    4.00215e+01    4.00337e+01    4.00442e+01    4.00530e+01    4.00609e+01    4.00676e+01    4.00733e+01    4.00782e+01    4.00825e+01    4.00862e+01    4.00896e+01    4.00927e+01    4.01172e+01    4.01321e+01    4.01384e+01    4.01412e+01    4.01428e+01    4.01440e+01    4.01449e+01    4.01456e+01    
1.02500e+03    3.93188e+01    3.96525e+01    3.97748e+01    3.98291e+01    3.98629e+01    3.98928e+01    3.99176e+01    3.99365e+01    3.99507e+01    3.99622e+01    3.99723e+01    3.99809e+01    3.99888e+01    3.99954e+01    4.00013e+01    4.00062e+01    4.00106e+01    4.00144e+01    4.00179e+01    4.00212e+01    4.00483e+01    4.00657e+01    4.00737e+01    4.00776e+01    4.00798e+01    4.00812e+01    4.00821e+01    4.00827e+01    
1.02520e+03    3.92844e+01    3.96116e+01    3.97240e+01    3.97727e+01    3.98035e+01    3.98301e+01    3.98518e+01    3.98689e+01    3.98825e+01    3.98938e+01    3.99037e+01    3.99122e+01    3.99197e+01    3.99262e+01    3.99318e+01    3.99366e+01    3.99409e+01    3.99447e+01    3.99481e+01    3.99514e+01    3.99804e+01    3.99996e+01    4.00075e+01    4.00110e+01    4.00128e+01    4.00143e+01    4.00155e+01    4.00164e+01    
1.02540e+03    3.92567e+01    3.95801e+01    3.96930e+01    3.97405e+01    3.97706e+01    3.97968e+01    3.98168e+01    3.98322e+01    3.98449e+01    3.98557e+01    3.98649e+01    3.98728e+01    3.98797e+01    3.98857e+01    3.98909e+01    3.98953e+01    3.98994e+01    3.99031e+01    3.99064e+01    3.99096e+01    3.99402e+01    3.99612e+01    3.99698e+01    3.99734e+01    3.99753e+01    3.99765e+01    3.99776e+01    3.99784e+01    
1.02560e+03    3.92301e+01    3.95548e+01    3.96695e+01    3.97160e+01    3.97458e+01    3.97721e+01    3.97917e+01    3.98066e+01    3.98189e+01    3.98295e+01    3.98388e+01    3.98469e+01    3.98541e+01    3.98603e+01    3.98658e+01    3.98704e+01    3.98747e+01    3.98786e+01    3.98821e+01    3.98854e+01    3.99177e+01    3.99398e+01    3.99490e+01    3.99530e+01    3.99550e+01    3.99563e+01    3.99573e+01    3.99582e+01    
1.02580e+03    3.91997e+01    3.95255e+01    3.96366e+01    3.96889e+01    3.97227e+01    3.97519e+01    3.97735e+01    3.97901e+01    3.98038e+01    3.98157e+01    3.98261e+01    3.98351e+01    3.98432e+01    3.98503e+01    3.98564e+01    3.98616e+01    3.98663e+01    3.98705e+01    3.98743e+01    3.98780e+01    3.99116e+01    3.99339e+01    3.99427e+01    3.99463e+01    3.99481e+01    3.99496e+01    3.99509e+01    3.99519e+01    
1.02600e+03    3.91889e+01    3.95205e+01    3.96447e+01    3.97056e+01    3.97464e+01    3.97816e+01    3.98066e+01    3.98246e+01    3.98387e+01    3.98509e+01    3.98618e+01    3.98715e+01    3.98804e+01    3.98880e+01    3.98945e+01    3.98999e+01    3.99048e+01    3.99090e+01    3.99128e+01    3.99163e+01    3.99476e+01    3.99681e+01    3.99762e+01    3.99795e+01    3.99812e+01    3.99825e+01    3.99835e+01    3.99844e+01    
1.02620e+03    3.92067e+01    3.95389e+01    3.96840e+01    3.97560e+01    3.98038e+01    3.98430e+01    3.98713e+01    3.98916e+01    3.99070e+01    3.99199e+01    3.99312e+01    3.99411e+01    3.99500e+01    3.99576e+01    3.99641e+01    3.99695e+01    3.99743e+01    3.99785e+01    3.99822e+01    3.99856e+01    4.00137e+01    4.00311e+01    4.00382e+01    4.00412e+01    4.00427e+01    4.00436e+01    4.00443e+01    4.00450e+01    
1.02640e+03    3.92236e+01    3.95560e+01    3.97203e+01    3.98016e+01    3.98535e+01    3.98926e+01    3.99213e+01    3.99419e+01    3.99570e+01    3.99693e+01    3.99803e+01    3.99900e+01    3.99988e+01    4.00064e+01    4.00128e+01    4.00181e+01    4.00227e+01    4.00267e+01    4.00301e+01    4.00333e+01    4.00587e+01    4.00744e+01    4.00811e+01    4.00841e+01    4.00857e+01    4.00868e+01    4.00877e+01    4.00883e+01    
1.02660e+03    3.92489e+01    3.95843e+01    3.97731e+01    3.98657e+01    3.99218e+01    3.99615e+01    3.99899e+01    4.00103e+01    4.00252e+01    4.00374e+01    4.00482e+01    4.00578e+01    4.00664e+01    4.00737e+01    4.00799e+01    4.00849e+01    4.00893e+01    4.00930e+01    4.00962e+01    4.00991e+01    4.01219e+01    4.01359e+01    4.01418e+01    4.01443e+01    4.01456e+01    4.01466e+01    4.01474e+01    4.01480e+01    
1.02680e+03    3.92704e+01    3.96088e+01    3.98158e+01    3.99143e+01    3.99723e+01    4.00112e+01    4.00400e+01    4.00613e+01    4.00769e+01    4.00896e+01    4.01009e+01    4.01109e+01    4.01198e+01    4.01273e+01    4.01337e+01    4.01388e+01    4.01431e+01    4.01468e+01    4.01500e+01    4.01529e+01    4.01741e+01    4.01866e+01    4.01916e+01    4.01937e+01    4.01947e+01    4.01955e+01    4.01961e+01    4.01967e+01    
1.02700e+03    3.92837e+01    3.96218e+01    3.98396e+01    3.99451e+01    4.00070e+01    4.00491e+01    4.00800e+01    4.01030e+01    4.01200e+01    4.01339e+01    4.01461e+01    4.01565e+01    4.01658e+01    4.01737e+01    4.01803e+01    4.01855e+01    4.01901e+01    4.01940e+01    4.01972e+01    4.02002e+01    4.02205e+01    4.02315e+01    4.02360e+01    4.02380e+01    4.02389e+01    4.02395e+01    4.02398e+01    4.02401e+01    
1.02720e+03    3.93011e+01    3.96422e+01    3.98681e+01    3.99777e+01    4.00400e+01    4.00821e+01    4.01137e+01    4.01375e+01    4.01554e+01    4.01699e+01    4.01823e+01    4.01929e+01    4.02022e+01    4.02100e+01    4.02164e+01    4.02216e+01    4.02259e+01    4.02296e+01    4.02326e+01    4.02354e+01    4.02539e+01    4.02642e+01    4.02684e+01    4.02702e+01    4.02712e+01    4.02717e+01    4.02721e+01    4.02725e+01    
1.02740e+03    3.93152e+01    3.96587e+01    3.98894e+01    4.00023e+01    4.00649e+01    4.01077e+01    4.01401e+01    4.01651e+01    4.01842e+01    4.01998e+01    4.02129e+01    4.02239e+01    4.02334e+01    4.02412e+01    4.02477e+01    4.02529e+01    4.02573e+01    4.02609e+01    4.02640e+01    4.02667e+01    4.02848e+01    4.02946e+01    4.02987e+01    4.03006e+01    4.03016e+01    4.03024e+01    4.03030e+01    4.03035e+01    
1.02760e+03    3.93183e+01    3.96616e+01    3.98897e+01    4.00057e+01    4.00695e+01    4.01146e+01    4.01485e+01    4.01746e+01    4.01947e+01    4.02112e+01    4.02252e+01    4.02369e+01    4.02471e+01    4.02556e+01    4.02627e+01    4.02684e+01    4.02733e+01    4.02775e+01    4.02810e+01    4.02841e+01    4.03038e+01    4.03132e+01    4.03171e+01    4.03187e+01    4.03196e+01    4.03203e+01    4.03209e+01    4.03214e+01    
1.02780e+03    3.93147e+01    3.96612e+01    3.98832e+01    3.99928e+01    4.00525e+01    4.00968e+01    4.01309e+01    4.01571e+01    4.01774e+01    4.01941e+01    4.02084e+01    4.02204e+01    4.02309e+01    4.02397e+01    4.02470e+01    4.02529e+01    4.02580e+01    4.02623e+01    4.02660e+01    4.02692e+01    4.02895e+01    4.02995e+01    4.03035e+01    4.03052e+01    4.03061e+01    4.03066e+01    4.03070e+01    4.03074e+01    
1.02800e+03    3.93079e+01    3.96575e+01    3.98735e+01    3.99764e+01    4.00325e+01    4.00745e+01    4.01075e+01    4.01331e+01    4.01526e+01    4.01688e+01    4.01828e+01    4.01947e+01    4.02052e+01    4.02140e+01    4.02213e+01    4.02271e+01    4.02321e+01    4.02362e+01    4.02397e+01    4.02428e+01    4.02630e+01    4.02734e+01    4.02776e+01    4.02794e+01    4.02803e+01    4.02808e+01    4.02814e+01    4.02818e+01    
1.02820e+03    3.93344e+01    3.96869e+01    3.99070e+01    4.00134e+01    4.00702e+01    4.01136e+01    4.01471e+01    4.01729e+01    4.01929e+01    4.02094e+01    4.02234e+01    4.02350e+01    4.02452e+01    4.02536e+01    4.02606e+01    4.02663e+01    4.02711e+01    4.02751e+01    4.02785e+01    4.02815e+01    4.03008e+01    4.03104e+01    4.03141e+01    4.03155e+01    4.03162e+01    4.03166e+01    4.03169e+01    4.03172e+01    
1.02840e+03    3.93606e+01    3.97139e+01    3.99366e+01    4.00474e+01    4.01059e+01    4.01508e+01    4.01841e+01    4.02094e+01    4.02290e+01    4.02453e+01    4.02590e+01    4.02705e+01    4.02804e+01    4.02887e+01    4.02957e+01    4.03012e+01    4.03060e+01    4.03100e+01    4.03134e+01    4.03165e+01    4.03354e+01    4.03445e+01    4.03481e+01    4.03495e+01    4.03501e+01    4.03506e+01    4.03509e+01    4.03513e+01    
1.02860e+03    3.93778e+01    3.97329e+01    3.99534e+01    4.00627e+01    4.01212e+01    4.01668e+01    4.02008e+01    4.02269e+01    4.02476e+01    4.02646e+01    4.02787e+01    4.02903e+01    4.03003e+01    4.03086e+01    4.03156e+01    4.03212e+01    4.03262e+01    4.03304e+01    4.03339e+01    4.03372e+01    4.03566e+01    4.03654e+01    4.03689e+01    4.03703e+01    4.03710e+01    4.03716e+01    4.03721e+01    4.03725e+01    
1.02880e+03    3.93888e+01    3.97466e+01    3.99615e+01    4.00641e+01    4.01213e+01    4.01674e+01    4.02021e+01    4.02285e+01    4.02490e+01    4.02659e+01    4.02801e+01    4.02921e+01    4.03025e+01    4.03113e+01    4.03188e+01    4.03251e+01    4.03306e+01    4.03353e+01    4.03394e+01    4.03431e+01    4.03648e+01    4.03740e+01    4.03778e+01    4.03794e+01    4.03802e+01    4.03807e+01    4.03812e+01    4.03816e+01    
1.02900e+03    3.94168e+01    3.97752e+01    3.99947e+01    4.01049e+01    4.01655e+01    4.02132e+01    4.02485e+01    4.02754e+01    4.02965e+01    4.03138e+01    4.03280e+01    4.03398e+01    4.03500e+01    4.03585e+01    4.03659e+01    4.03719e+01    4.03773e+01    4.03819e+01    4.03859e+01    4.03896e+01    4.04106e+01    4.04192e+01    4.04229e+01    4.04245e+01    4.04254e+01    4.04259e+01    4.04263e+01    4.04267e+01    
1.02920e+03    3.94347e+01    3.97953e+01    4.00172e+01    4.01260e+01    4.01871e+01    4.02349e+01    4.02695e+01    4.02954e+01    4.03158e+01    4.03325e+01    4.03463e+01    4.03576e+01    4.03674e+01    4.03755e+01    4.03824e+01    4.03882e+01    4.03932e+01    4.03975e+01    4.04012e+01    4.04046e+01    4.04241e+01    4.04325e+01    4.04359e+01    4.04376e+01    4.04384e+01    4.04390e+01    4.04395e+01    4.04399e+01    
1.02940e+03    3.94354e+01    3.97963e+01    4.00149e+01    4.01213e+01    4.01831e+01    4.02305e+01    4.02639e+01    4.02888e+01    4.03083e+01    4.03242e+01    4.03374e+01    4.03482e+01    4.03575e+01    4.03653e+01    4.03719e+01    4.03773e+01    4.03820e+01    4.03861e+01    4.03896e+01    4.03927e+01    4.04117e+01    4.04202e+01    4.04239e+01    4.04256e+01    4.04265e+01    4.04270e+01    4.04274e+01    4.04278e+01    
1.02960e+03    3.94370e+01    3.97970e+01    4.00109e+01    4.01161e+01    4.01801e+01    4.02280e+01    4.02615e+01    4.02866e+01    4.03063e+01    4.03223e+01    4.03354e+01    4.03459e+01    4.03550e+01    4.03625e+01    4.03688e+01    4.03741e+01    4.03787e+01    4.03826e+01    4.03860e+01    4.03891e+01    4.04080e+01    4.04168e+01    4.04208e+01    4.04228e+01    4.04238e+01    4.04245e+01    4.04249e+01    4.04253e+01    
1.02980e+03    3.94297e+01    3.97872e+01    3.99998e+01    4.01039e+01    4.01681e+01    4.02162e+01    4.02495e+01    4.02741e+01    4.02936e+01    4.03094e+01    4.03222e+01    4.03327e+01    4.03416e+01    4.03491e+01    4.03555e+01    4.03608e+01    4.03655e+01    4.03696e+01    4.03731e+01    4.03764e+01    4.03964e+01    4.04058e+01    4.04100e+01    4.04121e+01    4.04133e+01    4.04141e+01    4.04146e+01    4.04150e+01    
1.03000e+03    3.94281e+01    3.97827e+01    3.99946e+01    4.00977e+01    4.01624e+01    4.02112e+01    4.02448e+01    4.02697e+01    4.02894e+01    4.03054e+01    4.03185e+01    4.03291e+01    4.03383e+01    4.03460e+01    4.03527e+01    4.03584e+01    4.03634e+01    4.03678e+01    4.03717e+01    4.03753e+01    4.03970e+01    4.04068e+01    4.04112e+01    4.04134e+01    4.04147e+01    4.04154e+01    4.04159e+01    4.04163e+01    
1.03020e+03    3.94280e+01    3.97792e+01    3.99887e+01    4.00891e+01    4.01530e+01    4.02023e+01    4.02366e+01    4.02618e+01    4.02816e+01    4.02976e+01    4.03106e+01    4.03212e+01    4.03304e+01    4.03381e+01    4.03448e+01    4.03505e+01    4.03555e+01    4.03599e+01    4.03638e+01    4.03674e+01    4.03892e+01    4.03990e+01    4.04034e+01    4.04057e+01    4.04069e+01    4.04078e+01    4.04084e+01    4.04088e+01    
1.03040e+03    3.94258e+01    3.97719e+01    3.99731e+01    4.00682e+01    4.01306e+01    4.01793e+01    4.02130e+01    4.02377e+01    4.02572e+01    4.02730e+01    4.02859e+01    4.02965e+01    4.03056e+01    4.03133e+01    4.03199e+01    4.03255e+01    4.03306e+01    4.03349e+01    4.03388e+01    4.03423e+01    4.03641e+01    4.03743e+01    4.03789e+01    4.03812e+01    4.03825e+01    4.03834e+01    4.03839e+01    4.03844e+01    
1.03060e+03    3.94288e+01    3.97689e+01    3.99648e+01    4.00600e+01    4.01242e+01    4.01731e+01    4.02064e+01    4.02306e+01    4.02493e+01    4.02645e+01    4.02769e+01    4.02871e+01    4.02959e+01    4.03033e+01    4.03096e+01    4.03150e+01    4.03197e+01    4.03238e+01    4.03275e+01    4.03308e+01    4.03515e+01    4.03612e+01    4.03655e+01    4.03676e+01    4.03688e+01    4.03696e+01    4.03702e+01    4.03706e+01    
1.03080e+03    3.94358e+01    3.97747e+01    3.99637e+01    4.00578e+01    4.01212e+01    4.01696e+01    4.02030e+01    4.02272e+01    4.02457e+01    4.02605e+01    4.02726e+01    4.02825e+01    4.02910e+01    4.02980e+01    4.03040e+01    4.03090e+01    4.03133e+01    4.03171e+01    4.03203e+01    4.03233e+01    4.03419e+01    4.03510e+01    4.03550e+01    4.03569e+01    4.03580e+01    4.03589e+01    4.03595e+01    4.03600e+01    
1.03100e+03    3.94566e+01    3.98005e+01    3.99919e+01    4.00826e+01    4.01403e+01    4.01837e+01    4.02150e+01    4.02383e+01    4.02561e+01    4.02704e+01    4.02821e+01    4.02917e+01    4.02999e+01    4.03067e+01    4.03126e+01    4.03175e+01    4.03218e+01    4.03255e+01    4.03288e+01    4.03317e+01    4.03499e+01    4.03585e+01    4.03624e+01    4.03644e+01    4.03655e+01    4.03663e+01    4.03669e+01    4.03673e+01    
1.03120e+03    3.94839e+01    3.98288e+01    4.00247e+01    4.01254e+01    4.01871e+01    4.02326e+01    4.02642e+01    4.02876e+01    4.03059e+01    4.03207e+01    4.03326e+01    4.03422e+01    4.03503e+01    4.03571e+01    4.03629e+01    4.03678e+01    4.03720e+01    4.03757e+01    4.03789e+01    4.03818e+01    4.03985e+01    4.04056e+01    4.04090e+01    4.04109e+01    4.04120e+01    4.04128e+01    4.04133e+01    4.04137e+01    
1.03140e+03    3.95139e+01    3.98639e+01    4.00681e+01    4.01726e+01    4.02341e+01    4.02782e+01    4.03086e+01    4.03315e+01    4.03497e+01    4.03646e+01    4.03767e+01    4.03865e+01    4.03949e+01    4.04019e+01    4.04079e+01    4.04130e+01    4.04176e+01    4.04215e+01    4.04250e+01    4.04281e+01    4.04461e+01    4.04535e+01    4.04571e+01    4.04591e+01    4.04603e+01    4.04611e+01    4.04616e+01    4.04620e+01    
1.03160e+03    3.95287e+01    3.98817e+01    4.00859e+01    4.01901e+01    4.02501e+01    4.02924e+01    4.03216e+01    4.03437e+01    4.03614e+01    4.03760e+01    4.03881e+01    4.03981e+01    4.04068e+01    4.04141e+01    4.04205e+01    4.04258e+01    4.04307e+01    4.04350e+01    4.04387e+01    4.04422e+01    4.04620e+01    4.04702e+01    4.04742e+01    4.04764e+01    4.04777e+01    4.04785e+01    4.04792e+01    4.04797e+01    
1.03180e+03    3.95408e+01    3.98926e+01    4.01020e+01    4.02081e+01    4.02672e+01    4.03079e+01    4.03355e+01    4.03562e+01    4.03727e+01    4.03864e+01    4.03980e+01    4.04077e+01    4.04162e+01    4.04234e+01    4.04297e+01    4.04350e+01    4.04398e+01    4.04440e+01    4.04476e+01    4.04510e+01    4.04705e+01    4.04789e+01    4.04830e+01    4.04854e+01    4.04868e+01    4.04878e+01    4.04886e+01    4.04891e+01    
1.03200e+03    3.95551e+01    3.99034e+01    4.01206e+01    4.02298e+01    4.02891e+01    4.03287e+01    4.03551e+01    4.03747e+01    4.03902e+01    4.04032e+01    4.04142e+01    4.04234e+01    4.04315e+01    4.04383e+01    4.04442e+01    4.04491e+01    4.04533e+01    4.04570e+01    4.04602e+01    4.04631e+01    4.04806e+01    4.04888e+01    4.04930e+01    4.04953e+01    4.04968e+01    4.04977e+01    4.04983e+01    4.04988e+01    
1.03220e+03    3.95782e+01    3.99262e+01    4.01512e+01    4.02595e+01    4.03186e+01    4.03565e+01    4.03819e+01    4.04010e+01    4.04163e+01    4.04292e+01    4.04402e+01    4.04495e+01    4.04577e+01    4.04647e+01    4.04708e+01    4.04759e+01    4.04805e+01    4.04845e+01    4.04880e+01    4.04912e+01    4.05100e+01    4.05183e+01    4.05226e+01    4.05250e+01    4.05264e+01    4.05274e+01    4.05281e+01    4.05286e+01    
1.03240e+03    3.96070e+01    3.99569e+01    4.01853e+01    4.02991e+01    4.03605e+01    4.03999e+01    4.04262e+01    4.04462e+01    4.04624e+01    4.04761e+01    4.04876e+01    4.04973e+01    4.05058e+01    4.05131e+01    4.05194e+01    4.05249e+01    4.05297e+01    4.05340e+01    4.05378e+01    4.05413e+01    4.05614e+01    4.05697e+01    4.05740e+01    4.05763e+01    4.05779e+01    4.05789e+01    4.05796e+01    4.05801e+01    
1.03260e+03    3.96184e+01    3.99703e+01    4.01963e+01    4.03080e+01    4.03679e+01    4.04068e+01    4.04329e+01    4.04526e+01    4.04686e+01    4.04821e+01    4.04935e+01    4.05031e+01    4.05117e+01    4.05189e+01    4.05253e+01    4.05307e+01    4.05356e+01    4.05399e+01    4.05437e+01    4.05472e+01    4.05673e+01    4.05759e+01    4.05804e+01    4.05829e+01    4.05845e+01    4.05856e+01    4.05863e+01    4.05868e+01    
1.03280e+03    3.96127e+01    3.99636e+01    4.01828e+01    4.02871e+01    4.03436e+01    4.03802e+01    4.04049e+01    4.04237e+01    4.04388e+01    4.04514e+01    4.04622e+01    4.04714e+01    4.04794e+01    4.04863e+01    4.04923e+01    4.04974e+01    4.05019e+01    4.05058e+01    4.05093e+01    4.05125e+01    4.05314e+01    4.05401e+01    4.05447e+01    4.05474e+01    4.05492e+01    4.05504e+01    4.05511e+01    4.05516e+01    
1.03300e+03    3.96066e+01    3.99546e+01    4.01689e+01    4.02660e+01    4.03201e+01    4.03552e+01    4.03785e+01    4.03958e+01    4.04095e+01    4.04210e+01    4.04308e+01    4.04392e+01    4.04466e+01    4.04529e+01    4.04584e+01    4.04629e+01    4.04670e+01    4.04705e+01    4.04736e+01    4.04763e+01    4.04934e+01    4.05015e+01    4.05058e+01    4.05083e+01    4.05098e+01    4.05108e+01    4.05115e+01    4.05120e+01    
1.03320e+03    3.96157e+01    3.99602e+01    4.01761e+01    4.02747e+01    4.03297e+01    4.03651e+01    4.03883e+01    4.04054e+01    4.04187e+01    4.04297e+01    4.04390e+01    4.04468e+01    4.04536e+01    4.04594e+01    4.04644e+01    4.04685e+01    4.04722e+01    4.04753e+01    4.04781e+01    4.04806e+01    4.04958e+01    4.05029e+01    4.05063e+01    4.05082e+01    4.05093e+01    4.05100e+01    4.05104e+01    4.05108e+01    
1.03340e+03    3.96339e+01    3.99774e+01    4.01926e+01    4.02932e+01    4.03497e+01    4.03867e+01    4.04111e+01    4.04291e+01    4.04431e+01    4.04544e+01    4.04637e+01    4.04713e+01    4.04779e+01    4.04834e+01    4.04882e+01    4.04921e+01    4.04956e+01    4.04986e+01    4.05013e+01    4.05037e+01    4.05182e+01    4.05250e+01    4.05282e+01    4.05300e+01    4.05310e+01    4.05317e+01    4.05322e+01    4.05327e+01    
1.03360e+03    3.96467e+01    3.99904e+01    4.02035e+01    4.03017e+01    4.03558e+01    4.03920e+01    4.04164e+01    4.04342e+01    4.04479e+01    4.04589e+01    4.04680e+01    4.04754e+01    4.04818e+01    4.04872e+01    4.04918e+01    4.04956e+01    4.04990e+01    4.05019e+01    4.05044e+01    4.05067e+01    4.05205e+01    4.05270e+01    4.05303e+01    4.05323e+01    4.05334e+01    4.05341e+01    4.05345e+01    4.05348e+01    
1.03380e+03    3.96564e+01    4.00006e+01    4.02109e+01    4.03046e+01    4.03562e+01    4.03916e+01    4.04155e+01    4.04330e+01    4.04465e+01    4.04575e+01    4.04666e+01    4.04740e+01    4.04805e+01    4.04859e+01    4.04906e+01    4.04945e+01    4.04980e+01    4.05010e+01    4.05036e+01    4.05060e+01    4.05204e+01    4.05272e+01    4.05308e+01    4.05329e+01    4.05343e+01    4.05350e+01    4.05355e+01    4.05359e+01    
1.03400e+03    3.96675e+01    4.00109e+01    4.02203e+01    4.03137e+01    4.03656e+01    4.04022e+01    4.04270e+01    4.04451e+01    4.04592e+01    4.04706e+01    4.04800e+01    4.04877e+01    4.04944e+01    4.05000e+01    4.05049e+01    4.05090e+01    4.05126e+01    4.05158e+01    4.05186e+01    4.05212e+01    4.05365e+01    4.05435e+01    4.05472e+01    4.05493e+01    4.05507e+01    4.05515e+01    4.05520e+01    4.05524e+01    
1.03420e+03    3.96757e+01    4.00174e+01    4.02251e+01    4.03194e+01    4.03718e+01    4.04095e+01    4.04349e+01    4.04535e+01    4.04679e+01    4.04796e+01    4.04892e+01    4.04971e+01    4.05040e+01    4.05098e+01    4.05148e+01    4.05190e+01    4.05228e+01    4.05260e+01    4.05289e+01    4.05315e+01    4.05470e+01    4.05539e+01    4.05576e+01    4.05598e+01    4.05611e+01    4.05619e+01    4.05624e+01    4.05629e+01    
1.03440e+03    3.96774e+01    4.00161e+01    4.02249e+01    4.03206e+01    4.03741e+01    4.04123e+01    4.04381e+01    4.04569e+01    4.04715e+01    4.04834e+01    4.04933e+01    4.05014e+01    4.05085e+01    4.05144e+01    4.05196e+01    4.05239e+01    4.05279e+01    4.05312e+01    4.05343e+01    4.05370e+01    4.05533e+01    4.05608e+01    4.05647e+01    4.05671e+01    4.05685e+01    4.05693e+01    4.05699e+01    4.05703e+01    
1.03460e+03    3.96756e+01    4.00102e+01    4.02197e+01    4.03175e+01    4.03723e+01    4.04112e+01    4.04373e+01    4.04563e+01    4.04712e+01    4.04833e+01    4.04934e+01    4.05017e+01    4.05090e+01    4.05151e+01    4.05205e+01    4.05250e+01    4.05291e+01    4.05327e+01    4.05359e+01    4.05388e+01    4.05560e+01    4.05637e+01    4.05678e+01    4.05702e+01    4.05717e+01    4.05727e+01    4.05734e+01    4.05738e+01    
1.03480e+03    3.96669e+01    3.99956e+01    4.02017e+01    4.03014e+01    4.03574e+01    4.03969e+01    4.04234e+01    4.04427e+01    4.04577e+01    4.04700e+01    4.04802e+01    4.04887e+01    4.04961e+01    4.05025e+01    4.05081e+01    4.05128e+01    4.05171e+01    4.05209e+01    4.05243e+01    4.05274e+01    4.05455e+01    4.05532e+01    4.05572e+01    4.05595e+01    4.05609e+01    4.05618e+01    4.05625e+01    4.05629e+01    
1.03500e+03    3.96605e+01    3.99863e+01    4.01899e+01    4.02855e+01    4.03396e+01    4.03764e+01    4.04013e+01    4.04196e+01    4.04338e+01    4.04454e+01    4.04552e+01    4.04634e+01    4.04707e+01    4.04770e+01    4.04825e+01    4.04872e+01    4.04914e+01    4.04952e+01    4.04985e+01    4.05016e+01    4.05192e+01    4.05265e+01    4.05301e+01    4.05321e+01    4.05333e+01    4.05341e+01    4.05347e+01    4.05352e+01    
1.03520e+03    3.96529e+01    3.99738e+01    4.01740e+01    4.02684e+01    4.03229e+01    4.03591e+01    4.03829e+01    4.04002e+01    4.04135e+01    4.04243e+01    4.04335e+01    4.04412e+01    4.04479e+01    4.04537e+01    4.04587e+01    4.04629e+01    4.04667e+01    4.04700e+01    4.04729e+01    4.04755e+01    4.04905e+01    4.04969e+01    4.05001e+01    4.05020e+01    4.05031e+01    4.05037e+01    4.05040e+01    4.05042e+01    
1.03540e+03    3.96482e+01    3.99687e+01    4.01651e+01    4.02580e+01    4.03116e+01    4.03455e+01    4.03673e+01    4.03830e+01    4.03949e+01    4.04046e+01    4.04128e+01    4.04198e+01    4.04260e+01    4.04313e+01    4.04359e+01    4.04398e+01    4.04433e+01    4.04464e+01    4.04490e+01    4.04515e+01    4.04655e+01    4.04714e+01    4.04744e+01    4.04761e+01    4.04771e+01    4.04777e+01    4.04780e+01    4.04782e+01    
1.03560e+03    3.96459e+01    3.99679e+01    4.01598e+01    4.02523e+01    4.03060e+01    4.03390e+01    4.03600e+01    4.03748e+01    4.03857e+01    4.03944e+01    4.04017e+01    4.04080e+01    4.04135e+01    4.04182e+01    4.04223e+01    4.04256e+01    4.04286e+01    4.04311e+01    4.04334e+01    4.04353e+01    4.04463e+01    4.04507e+01    4.04529e+01    4.04541e+01    4.04549e+01    4.04555e+01    4.04559e+01    4.04563e+01    
1.03580e+03    3.96345e+01    3.99585e+01    4.01402e+01    4.02248e+01    4.02744e+01    4.03052e+01    4.03261e+01    4.03414e+01    4.03524e+01    4.03610e+01    4.03682e+01    4.03743e+01    4.03797e+01    4.03842e+01    4.03880e+01    4.03911e+01    4.03939e+01    4.03961e+01    4.03981e+01    4.03999e+01    4.04090e+01    4.04123e+01    4.04138e+01    4.04147e+01    4.04152e+01    4.04155e+01    4.04158e+01    4.04159e+01    
1.03600e+03    3.95838e+01    3.98997e+01    4.00507e+01    4.01125e+01    4.01512e+01    4.01795e+01    4.02003e+01    4.02158e+01    4.02270e+01    4.02358e+01    4.02434e+01    4.02499e+01    4.02557e+01    4.02605e+01    4.02646e+01    4.02679e+01    4.02707e+01    4.02731e+01    4.02751e+01    4.02769e+01    4.02855e+01    4.02883e+01    4.02895e+01    4.02902e+01    4.02906e+01    4.02910e+01    4.02912e+01    4.02914e+01    
1.03620e+03    3.95201e+01    3.98305e+01    3.99511e+01    3.99941e+01    4.00261e+01    4.00517e+01    4.00692e+01    4.00813e+01    4.00900e+01    4.00972e+01    4.01038e+01    4.01098e+01    4.01154e+01    4.01201e+01    4.01242e+01    4.01274e+01    4.01302e+01    4.01326e+01    4.01345e+01    4.01363e+01    4.01446e+01    4.01472e+01    4.01482e+01    4.01486e+01    4.01489e+01    4.01493e+01    4.01497e+01    4.01501e+01    
1.03640e+03    3.95434e+01    3.98643e+01    4.00147e+01    4.00750e+01    4.01238e+01    4.01546e+01    4.01741e+01    4.01874e+01    4.01962e+01    4.02028e+01    4.02086e+01    4.02137e+01    4.02184e+01    4.02224e+01    4.02258e+01    4.02286e+01    4.02311e+01    4.02332e+01    4.02350e+01    4.02366e+01    4.02442e+01    4.02463e+01    4.02471e+01    4.02474e+01    4.02477e+01    4.02479e+01    4.02482e+01    4.02484e+01    
1.03660e+03    3.96015e+01    3.99260e+01    4.00997e+01    4.01763e+01    4.02292e+01    4.02603e+01    4.02807e+01    4.02950e+01    4.03043e+01    4.03112e+01    4.03171e+01    4.03221e+01    4.03265e+01    4.03302e+01    4.03334e+01    4.03359e+01    4.03382e+01    4.03400e+01    4.03416e+01    4.03430e+01    4.03495e+01    4.03513e+01    4.03521e+01    4.03525e+01    4.03527e+01    4.03530e+01    4.03531e+01    4.03533e+01    
1.03680e+03    3.95841e+01    3.99046e+01    4.00539e+01    4.01136e+01    4.01541e+01    4.01832e+01    4.02036e+01    4.02178e+01    4.02273e+01    4.02345e+01    4.02408e+01    4.02463e+01    4.02512e+01    4.02554e+01    4.02589e+01    4.02618e+01    4.02642e+01    4.02662e+01    4.02680e+01    4.02694e+01    4.02766e+01    4.02788e+01    4.02798e+01    4.02804e+01    4.02807e+01    4.02809e+01    4.02810e+01    4.02811e+01    
1.03700e+03    3.95596e+01    3.98852e+01    4.00448e+01    4.01066e+01    4.01538e+01    4.01855e+01    4.02062e+01    4.02204e+01    4.02298e+01    4.02371e+01    4.02435e+01    4.02491e+01    4.02543e+01    4.02587e+01    4.02624e+01    4.02655e+01    4.02681e+01    4.02704e+01    4.02723e+01    4.02739e+01    4.02821e+01    4.02844e+01    4.02853e+01    4.02858e+01    4.02860e+01    4.02862e+01    4.02865e+01    4.02866e+01    
1.03720e+03    3.96376e+01    3.99563e+01    4.01561e+01    4.02537e+01    4.03114e+01    4.03453e+01    4.03671e+01    4.03824e+01    4.03930e+01    4.04010e+01    4.04079e+01    4.04138e+01    4.04189e+01    4.04233e+01    4.04270e+01    4.04301e+01    4.04327e+01    4.04350e+01    4.04369e+01    4.04386e+01    4.04468e+01    4.04492e+01    4.04502e+01    4.04507e+01    4.04509e+01    4.04512e+01    4.04514e+01    4.04515e+01    
1.03740e+03    3.96738e+01    3.99892e+01    4.02022e+01    4.03102e+01    4.03706e+01    4.04064e+01    4.04299e+01    4.04467e+01    4.04589e+01    4.04684e+01    4.04764e+01    4.04831e+01    4.04890e+01    4.04939e+01    4.04981e+01    4.05016e+01    4.05047e+01    4.05073e+01    4.05096e+01    4.05116e+01    4.05218e+01    4.05249e+01    4.05263e+01    4.05270e+01    4.05274e+01    4.05277e+01    4.05278e+01    4.05279e+01    
1.03760e+03    3.96886e+01    4.00059e+01    4.02243e+01    4.03394e+01    4.04029e+01    4.04397e+01    4.04635e+01    4.04809e+01    4.04937e+01    4.05038e+01    4.05124e+01    4.05195e+01    4.05257e+01    4.05310e+01    4.05356e+01    4.05394e+01    4.05428e+01    4.05458e+01    4.05483e+01    4.05506e+01    4.05625e+01    4.05665e+01    4.05683e+01    4.05693e+01    4.05698e+01    4.05701e+01    4.05703e+01    4.05703e+01    
1.03780e+03    3.96944e+01    4.00128e+01    4.02291e+01    4.03406e+01    4.04029e+01    4.04393e+01    4.04629e+01    4.04798e+01    4.04922e+01    4.05020e+01    4.05104e+01    4.05176e+01    4.05240e+01    4.05296e+01    4.05344e+01    4.05386e+01    4.05424e+01    4.05457e+01    4.05487e+01    4.05514e+01    4.05658e+01    4.05708e+01    4.05731e+01    4.05742e+01    4.05748e+01    4.05752e+01    4.05754e+01    4.05755e+01    
1.03800e+03    3.96825e+01    3.99997e+01    4.02004e+01    4.02955e+01    4.03534e+01    4.03893e+01    4.04123e+01    4.04285e+01    4.04399e+01    4.04491e+01    4.04571e+01    4.04643e+01    4.04708e+01    4.04765e+01    4.04816e+01    4.04860e+01    4.04899e+01    4.04935e+01    4.04966e+01    4.04995e+01    4.05156e+01    4.05213e+01    4.05237e+01    4.05247e+01    4.05252e+01    4.05255e+01    4.05257e+01    4.05258e+01    
1.03820e+03    3.96889e+01    4.00163e+01    4.02334e+01    4.03387e+01    4.04002e+01    4.04365e+01    4.04597e+01    4.04761e+01    4.04879e+01    4.04972e+01    4.05052e+01    4.05123e+01    4.05186e+01    4.05241e+01    4.05290e+01    4.05331e+01    4.05368e+01    4.05400e+01    4.05429e+01    4.05455e+01    4.05606e+01    4.05665e+01    4.05692e+01    4.05706e+01    4.05713e+01    4.05717e+01    4.05719e+01    4.05720e+01    
1.03840e+03    3.97159e+01    4.00419e+01    4.02628e+01    4.03723e+01    4.04338e+01    4.04699e+01    4.04928e+01    4.05093e+01    4.05217e+01    4.05316e+01    4.05401e+01    4.05474e+01    4.05540e+01    4.05596e+01    4.05647e+01    4.05690e+01    4.05729e+01    4.05763e+01    4.05794e+01    4.05823e+01    4.05986e+01    4.06054e+01    4.06089e+01    4.06109e+01    4.06121e+01    4.06127e+01    4.06131e+01    4.06134e+01    
1.03860e+03    3.97234e+01    4.00475e+01    4.02670e+01    4.03711e+01    4.04311e+01    4.04679e+01    4.04913e+01    4.05080e+01    4.05206e+01    4.05310e+01    4.05399e+01    4.05475e+01    4.05543e+01    4.05602e+01    4.05653e+01    4.05697e+01    4.05737e+01    4.05771e+01    4.05802e+01    4.05830e+01    4.05996e+01    4.06067e+01    4.06103e+01    4.06122e+01    4.06134e+01    4.06140e+01    4.06144e+01    4.06147e+01    
1.03880e+03    3.97326e+01    4.00497e+01    4.02686e+01    4.03797e+01    4.04418e+01    4.04815e+01    4.05071e+01    4.05257e+01    4.05401e+01    4.05518e+01    4.05615e+01    4.05697e+01    4.05768e+01    4.05829e+01    4.05882e+01    4.05928e+01    4.05970e+01    4.06007e+01    4.06040e+01    4.06070e+01    4.06250e+01    4.06328e+01    4.06369e+01    4.06392e+01    4.06407e+01    4.06416e+01    4.06422e+01    4.06427e+01    
1.03900e+03    3.97138e+01    4.00263e+01    4.02276e+01    4.03214e+01    4.03751e+01    4.04107e+01    4.04335e+01    4.04502e+01    4.04636e+01    4.04749e+01    4.04844e+01    4.04925e+01    4.04997e+01    4.05058e+01    4.05113e+01    4.05161e+01    4.05204e+01    4.05243e+01    4.05277e+01    4.05309e+01    4.05498e+01    4.05581e+01    4.05626e+01    4.05652e+01    4.05669e+01    4.05680e+01    4.05688e+01    4.05693e+01    
1.03920e+03    3.97383e+01    4.00491e+01    4.02512e+01    4.03507e+01    4.04101e+01    4.04498e+01    4.04748e+01    4.04926e+01    4.05068e+01    4.05184e+01    4.05280e+01    4.05360e+01    4.05430e+01    4.05490e+01    4.05542e+01    4.05587e+01    4.05627e+01    4.05662e+01    4.05694e+01    4.05723e+01    4.05894e+01    4.05969e+01    4.06009e+01    4.06032e+01    4.06046e+01    4.06056e+01    4.06062e+01    4.06066e+01    
1.03940e+03    3.97942e+01    4.01111e+01    4.03328e+01    4.04441e+01    4.05069e+01    4.05478e+01    4.05735e+01    4.05919e+01    4.06065e+01    4.06184e+01    4.06281e+01    4.06360e+01    4.06429e+01    4.06487e+01    4.06539e+01    4.06583e+01    4.06623e+01    4.06658e+01    4.06690e+01    4.06719e+01    4.06890e+01    4.06966e+01    4.07008e+01    4.07034e+01    4.07050e+01    4.07061e+01    4.07067e+01    4.07071e+01    
1.03960e+03    3.97937e+01    4.01074e+01    4.03238e+01    4.04323e+01    4.04945e+01    4.05350e+01    4.05608e+01    4.05796e+01    4.05943e+01    4.06064e+01    4.06163e+01    4.06245e+01    4.06315e+01    4.06375e+01    4.06428e+01    4.06474e+01    4.06514e+01    4.06551e+01    4.06583e+01    4.06613e+01    4.06789e+01    4.06870e+01    4.06916e+01    4.06945e+01    4.06963e+01    4.06975e+01    4.06982e+01    4.06986e+01    
1.03980e+03    3.97852e+01    4.00934e+01    4.03001e+01    4.04047e+01    4.04661e+01    4.05065e+01    4.05325e+01    4.05513e+01    4.05660e+01    4.05780e+01    4.05879e+01    4.05960e+01    4.06031e+01    4.06091e+01    4.06143e+01    4.06188e+01    4.06228e+01    4.06263e+01    4.06294e+01    4.06323e+01    4.06499e+01    4.06583e+01    4.06630e+01    4.06659e+01    4.06678e+01    4.06690e+01    4.06697e+01    4.06702e+01    
1.04000e+03    3.97904e+01    4.00910e+01    4.02856e+01    4.03845e+01    4.04434e+01    4.04826e+01    4.05083e+01    4.05270e+01    4.05416e+01    4.05534e+01    4.05631e+01    4.05712e+01    4.05782e+01    4.05841e+01    4.05893e+01    4.05938e+01    4.05978e+01    4.06013e+01    4.06045e+01    4.06074e+01    4.06255e+01    4.06345e+01    4.06395e+01    4.06427e+01    4.06447e+01    4.06460e+01    4.06468e+01    4.06473e+01    
1.04020e+03    3.97933e+01    4.00962e+01    4.02883e+01    4.03797e+01    4.04343e+01    4.04706e+01    4.04946e+01    4.05121e+01    4.05255e+01    4.05363e+01    4.05455e+01    4.05532e+01    4.05601e+01    4.05660e+01    4.05712e+01    4.05756e+01    4.05797e+01    4.05833e+01    4.05865e+01    4.05894e+01    4.06080e+01    4.06170e+01    4.06219e+01    4.06248e+01    4.06266e+01    4.06278e+01    4.06286e+01    4.06291e+01    
1.04040e+03    3.98144e+01    4.01206e+01    4.03209e+01    4.04185e+01    4.04756e+01    4.05134e+01    4.05382e+01    4.05562e+01    4.05702e+01    4.05815e+01    4.05907e+01    4.05983e+01    4.06048e+01    4.06103e+01    4.06152e+01    4.06194e+01    4.06232e+01    4.06266e+01    4.06296e+01    4.06324e+01    4.06497e+01    4.06582e+01    4.06630e+01    4.06659e+01    4.06677e+01    4.06689e+01    4.06696e+01    4.06701e+01    
1.04060e+03    3.98303e+01    4.01364e+01    4.03407e+01    4.04430e+01    4.05021e+01    4.05414e+01    4.05669e+01    4.05853e+01    4.05997e+01    4.06113e+01    4.06206e+01    4.06282e+01    4.06347e+01    4.06402e+01    4.06450e+01    4.06491e+01    4.06529e+01    4.06561e+01    4.06591e+01    4.06618e+01    4.06783e+01    4.06863e+01    4.06907e+01    4.06935e+01    4.06952e+01    4.06964e+01    4.06970e+01    4.06974e+01    
1.04080e+03    3.98274e+01    4.01311e+01    4.03292e+01    4.04272e+01    4.04841e+01    4.05221e+01    4.05469e+01    4.05650e+01    4.05792e+01    4.05907e+01    4.06000e+01    4.06076e+01    4.06141e+01    4.06196e+01    4.06244e+01    4.06284e+01    4.06321e+01    4.06352e+01    4.06380e+01    4.06406e+01    4.06564e+01    4.06642e+01    4.06686e+01    4.06713e+01    4.06730e+01    4.06741e+01    4.06747e+01    4.06751e+01    
1.04100e+03    3.98193e+01    4.01215e+01    4.03092e+01    4.03982e+01    4.04515e+01    4.04883e+01    4.05126e+01    4.05302e+01    4.05437e+01    4.05547e+01    4.05639e+01    4.05717e+01    4.05784e+01    4.05842e+01    4.05893e+01    4.05936e+01    4.05974e+01    4.06008e+01    4.06038e+01    4.06066e+01    4.06234e+01    4.06315e+01    4.06358e+01    4.06383e+01    4.06399e+01    4.06410e+01    4.06416e+01    4.06421e+01    
1.04120e+03    3.98465e+01    4.01556e+01    4.03540e+01    4.04505e+01    4.05067e+01    4.05447e+01    4.05694e+01    4.05874e+01    4.06015e+01    4.06130e+01    4.06224e+01    4.06302e+01    4.06369e+01    4.06425e+01    4.06476e+01    4.06518e+01    4.06557e+01    4.06591e+01    4.06622e+01    4.06650e+01    4.06822e+01    4.06904e+01    4.06951e+01    4.06980e+01    4.06999e+01    4.07011e+01    4.07018e+01    4.07022e+01    
1.04140e+03    3.98660e+01    4.01775e+01    4.03777e+01    4.04779e+01    4.05355e+01    4.05749e+01    4.06005e+01    4.06192e+01    4.06339e+01    4.06460e+01    4.06559e+01    4.06640e+01    4.06710e+01    4.06769e+01    4.06821e+01    4.06865e+01    4.06905e+01    4.06941e+01    4.06972e+01    4.07002e+01    4.07178e+01    4.07262e+01    4.07310e+01    4.07340e+01    4.07359e+01    4.07372e+01    4.07379e+01    4.07384e+01    
1.04160e+03    3.98707e+01    4.01816e+01    4.03821e+01    4.04826e+01    4.05405e+01    4.05803e+01    4.06061e+01    4.06248e+01    4.06397e+01    4.06519e+01    4.06619e+01    4.06702e+01    4.06773e+01    4.06834e+01    4.06888e+01    4.06934e+01    4.06975e+01    4.07011e+01    4.07043e+01    4.07073e+01    4.07253e+01    4.07336e+01    4.07382e+01    4.07411e+01    4.07429e+01    4.07441e+01    4.07447e+01    4.07452e+01    
1.04180e+03    3.98705e+01    4.01792e+01    4.03796e+01    4.04800e+01    4.05378e+01    4.05774e+01    4.06030e+01    4.06217e+01    4.06367e+01    4.06491e+01    4.06594e+01    4.06679e+01    4.06754e+01    4.06817e+01    4.06873e+01    4.06920e+01    4.06964e+01    4.07002e+01    4.07036e+01    4.07067e+01    4.07259e+01    4.07350e+01    4.07402e+01    4.07435e+01    4.07456e+01    4.07470e+01    4.07478e+01    4.07483e+01    
1.04200e+03    3.98695e+01    4.01757e+01    4.03759e+01    4.04775e+01    4.05353e+01    4.05751e+01    4.06007e+01    4.06195e+01    4.06346e+01    4.06471e+01    4.06576e+01    4.06663e+01    4.06739e+01    4.06804e+01    4.06861e+01    4.06910e+01    4.06954e+01    4.06993e+01    4.07028e+01    4.07061e+01    4.07257e+01    4.07350e+01    4.07403e+01    4.07437e+01    4.07460e+01    4.07474e+01    4.07482e+01    4.07489e+01    
1.04220e+03    3.98666e+01    4.01737e+01    4.03716e+01    4.04721e+01    4.05304e+01    4.05709e+01    4.05973e+01    4.06165e+01    4.06320e+01    4.06447e+01    4.06555e+01    4.06644e+01    4.06722e+01    4.06789e+01    4.06849e+01    4.06900e+01    4.06947e+01    4.06989e+01    4.07026e+01    4.07060e+01    4.07269e+01    4.07366e+01    4.07422e+01    4.07457e+01    4.07480e+01    4.07494e+01    4.07503e+01    4.07510e+01    
1.04240e+03    3.98619e+01    4.01693e+01    4.03651e+01    4.04653e+01    4.05230e+01    4.05631e+01    4.05894e+01    4.06087e+01    4.06241e+01    4.06369e+01    4.06476e+01    4.06566e+01    4.06645e+01    4.06712e+01    4.06772e+01    4.06823e+01    4.06870e+01    4.06911e+01    4.06948e+01    4.06982e+01    4.07188e+01    4.07285e+01    4.07341e+01    4.07375e+01    4.07397e+01    4.07411e+01    4.07420e+01    4.07426e+01    
1.04260e+03    3.98580e+01    4.01659e+01    4.03616e+01    4.04607e+01    4.05163e+01    4.05548e+01    4.05802e+01    4.05990e+01    4.06141e+01    4.06267e+01    4.06374e+01    4.06463e+01    4.06542e+01    4.06609e+01    4.06668e+01    4.06718e+01    4.06763e+01    4.06803e+01    4.06839e+01    4.06872e+01    4.07070e+01    4.07163e+01    4.07216e+01    4.07248e+01    4.07269e+01    4.07282e+01    4.07290e+01    4.07295e+01    
1.04280e+03    3.98599e+01    4.01684e+01    4.03670e+01    4.04680e+01    4.05241e+01    4.05631e+01    4.05887e+01    4.06074e+01    4.06224e+01    4.06349e+01    4.06454e+01    4.06542e+01    4.06620e+01    4.06686e+01    4.06744e+01    4.06794e+01    4.06839e+01    4.06879e+01    4.06915e+01    4.06948e+01    4.07144e+01    4.07234e+01    4.07284e+01    4.07314e+01    4.07334e+01    4.07346e+01    4.07353e+01    4.07358e+01    
1.04300e+03    3.98569e+01    4.01645e+01    4.03616e+01    4.04629e+01    4.05208e+01    4.05611e+01    4.05876e+01    4.06071e+01    4.06227e+01    4.06357e+01    4.06465e+01    4.06555e+01    4.06633e+01    4.06701e+01    4.06760e+01    4.06811e+01    4.06857e+01    4.06897e+01    4.06934e+01    4.06967e+01    4.07168e+01    4.07259e+01    4.07310e+01    4.07341e+01    4.07361e+01    4.07373e+01    4.07380e+01    4.07385e+01    
1.04320e+03    3.98468e+01    4.01510e+01    4.03405e+01    4.04381e+01    4.04950e+01    4.05355e+01    4.05624e+01    4.05822e+01    4.05978e+01    4.06108e+01    4.06216e+01    4.06307e+01    4.06388e+01    4.06456e+01    4.06517e+01    4.06569e+01    4.06615e+01    4.06657e+01    4.06694e+01    4.06728e+01    4.06932e+01    4.07025e+01    4.07076e+01    4.07106e+01    4.07126e+01    4.07138e+01    4.07145e+01    4.07149e+01    
1.04340e+03    3.98481e+01    4.01536e+01    4.03446e+01    4.04388e+01    4.04931e+01    4.05311e+01    4.05566e+01    4.05756e+01    4.05907e+01    4.06032e+01    4.06138e+01    4.06228e+01    4.06307e+01    4.06375e+01    4.06436e+01    4.06488e+01    4.06535e+01    4.06577e+01    4.06614e+01    4.06649e+01    4.06859e+01    4.06956e+01    4.07008e+01    4.07038e+01    4.07058e+01    4.07070e+01    4.07077e+01    4.07082e+01    
1.04360e+03    3.98539e+01    4.01599e+01    4.03533e+01    4.04525e+01    4.05098e+01    4.05502e+01    4.05767e+01    4.05962e+01    4.06118e+01    4.06249e+01    4.06359e+01    4.06451e+01    4.06532e+01    4.06602e+01    4.06664e+01    4.06717e+01    4.06765e+01    4.06808e+01    4.06846e+01    4.06882e+01    4.07097e+01    4.07198e+01    4.07255e+01    4.07290e+01    4.07313e+01    4.07327e+01    4.07335e+01    4.07340e+01    
1.04380e+03    3.98539e+01    4.01629e+01    4.03564e+01    4.04557e+01    4.05132e+01    4.05538e+01    4.05804e+01    4.06000e+01    4.06158e+01    4.06289e+01    4.06400e+01    4.06494e+01    4.06576e+01    4.06646e+01    4.06709e+01    4.06763e+01    4.06812e+01    4.06855e+01    4.06894e+01    4.06930e+01    4.07151e+01    4.07257e+01    4.07318e+01    4.07356e+01    4.07380e+01    4.07396e+01    4.07405e+01    4.07411e+01    
1.04400e+03    3.98515e+01    4.01626e+01    4.03554e+01    4.04556e+01    4.05131e+01    4.05537e+01    4.05806e+01    4.06003e+01    4.06160e+01    4.06291e+01    4.06401e+01    4.06493e+01    4.06574e+01    4.06644e+01    4.06706e+01    4.06759e+01    4.06807e+01    4.06849e+01    4.06887e+01    4.06923e+01    4.07137e+01    4.07239e+01    4.07296e+01    4.07332e+01    4.07355e+01    4.07369e+01    4.07377e+01    4.07382e+01    
1.04420e+03    3.98471e+01    4.01579e+01    4.03505e+01    4.04507e+01    4.05078e+01    4.05481e+01    4.05752e+01    4.05951e+01    4.06110e+01    4.06241e+01    4.06350e+01    4.06441e+01    4.06521e+01    4.06589e+01    4.06649e+01    4.06701e+01    4.06748e+01    4.06789e+01    4.06826e+01    4.06860e+01    4.07066e+01    4.07163e+01    4.07217e+01    4.07251e+01    4.07273e+01    4.07286e+01    4.07294e+01    4.07299e+01    
1.04440e+03    3.98480e+01    4.01599e+01    4.03567e+01    4.04573e+01    4.05129e+01    4.05518e+01    4.05779e+01    4.05971e+01    4.06122e+01    4.06246e+01    4.06350e+01    4.06438e+01    4.06515e+01    4.06582e+01    4.06640e+01    4.06691e+01    4.06736e+01    4.06776e+01    4.06812e+01    4.06845e+01    4.07043e+01    4.07133e+01    4.07182e+01    4.07212e+01    4.07231e+01    4.07243e+01    4.07250e+01    4.07254e+01    
1.04460e+03    3.98503e+01    4.01629e+01    4.03645e+01    4.04685e+01    4.05249e+01    4.05640e+01    4.05901e+01    4.06093e+01    4.06244e+01    4.06368e+01    4.06471e+01    4.06556e+01    4.06631e+01    4.06694e+01    4.06750e+01    4.06798e+01    4.06841e+01    4.06879e+01    4.06912e+01    4.06943e+01    4.07130e+01    4.07217e+01    4.07267e+01    4.07298e+01    4.07318e+01    4.07330e+01    4.07337e+01    4.07341e+01    
1.04480e+03    3.98448e+01    4.01580e+01    4.03610e+01    4.04653e+01    4.05221e+01    4.05613e+01    4.05874e+01    4.06066e+01    4.06216e+01    4.06338e+01    4.06440e+01    4.06524e+01    4.06597e+01    4.06659e+01    4.06713e+01    4.06760e+01    4.06801e+01    4.06838e+01    4.06870e+01    4.06900e+01    4.07082e+01    4.07170e+01    4.07221e+01    4.07253e+01    4.07274e+01    4.07287e+01    4.07295e+01    4.07300e+01    
1.04500e+03    3.98351e+01    4.01491e+01    4.03516e+01    4.04533e+01    4.05099e+01    4.05490e+01    4.05751e+01    4.05940e+01    4.06086e+01    4.06206e+01    4.06305e+01    4.06387e+01    4.06458e+01    4.06518e+01    4.06570e+01    4.06614e+01    4.06654e+01    4.06688e+01    4.06718e+01    4.06746e+01    4.06917e+01    4.07003e+01    4.07053e+01    4.07085e+01    4.07106e+01    4.07119e+01    4.07127e+01    4.07131e+01    
1.04520e+03    3.98306e+01    4.01439e+01    4.03458e+01    4.04486e+01    4.05057e+01    4.05456e+01    4.05722e+01    4.05916e+01    4.06067e+01    4.06191e+01    4.06294e+01    4.06379e+01    4.06452e+01    4.06515e+01    4.06571e+01    4.06618e+01    4.06661e+01    4.06699e+01    4.06733e+01    4.06764e+01    4.06955e+01    4.07047e+01    4.07101e+01    4.07135e+01    4.07158e+01    4.07172e+01    4.07181e+01    4.07187e+01    
1.04540e+03    3.98276e+01    4.01395e+01    4.03407e+01    4.04451e+01    4.05029e+01    4.05435e+01    4.05705e+01    4.05901e+01    4.06056e+01    4.06182e+01    4.06287e+01    4.06374e+01    4.06450e+01    4.06515e+01    4.06573e+01    4.06623e+01    4.06668e+01    4.06708e+01    4.06744e+01    4.06778e+01    4.06980e+01    4.07076e+01    4.07132e+01    4.07168e+01    4.07191e+01    4.07206e+01    4.07216e+01    4.07223e+01    
1.04560e+03    3.98240e+01    4.01356e+01    4.03374e+01    4.04416e+01    4.04993e+01    4.05395e+01    4.05663e+01    4.05860e+01    4.06015e+01    4.06142e+01    4.06247e+01    4.06334e+01    4.06409e+01    4.06474e+01    4.06531e+01    4.06580e+01    4.06624e+01    4.06663e+01    4.06698e+01    4.06730e+01    4.06924e+01    4.07015e+01    4.07068e+01    4.07101e+01    4.07124e+01    4.07137e+01    4.07146e+01    4.07151e+01    
1.04580e+03    3.98155e+01    4.01257e+01    4.03282e+01    4.04326e+01    4.04902e+01    4.05301e+01    4.05568e+01    4.05765e+01    4.05919e+01    4.06045e+01    4.06149e+01    4.06236e+01    4.06312e+01    4.06376e+01    4.06432e+01    4.06480e+01    4.06522e+01    4.06560e+01    4.06593e+01    4.06623e+01    4.06810e+01    4.06900e+01    4.06951e+01    4.06983e+01    4.07003e+01    4.07016e+01    4.07024e+01    4.07028e+01    
1.04600e+03    3.98070e+01    4.01152e+01    4.03174e+01    4.04226e+01    4.04807e+01    4.05211e+01    4.05482e+01    4.05682e+01    4.05838e+01    4.05967e+01    4.06074e+01    4.06163e+01    4.06241e+01    4.06307e+01    4.06365e+01    4.06413e+01    4.06457e+01    4.06495e+01    4.06529e+01    4.06561e+01    4.06750e+01    4.06839e+01    4.06890e+01    4.06922e+01    4.06942e+01    4.06956e+01    4.06964e+01    4.06969e+01    
1.04620e+03    3.98025e+01    4.01103e+01    4.03116e+01    4.04179e+01    4.04770e+01    4.05183e+01    4.05461e+01    4.05666e+01    4.05829e+01    4.05964e+01    4.06076e+01    4.06170e+01    4.06252e+01    4.06322e+01    4.06383e+01    4.06436e+01    4.06484e+01    4.06527e+01    4.06565e+01    4.06600e+01    4.06811e+01    4.06908e+01    4.06963e+01    4.06998e+01    4.07020e+01    4.07034e+01    4.07042e+01    4.07047e+01    
1.04640e+03    3.98028e+01    4.01126e+01    4.03147e+01    4.04216e+01    4.04804e+01    4.05216e+01    4.05495e+01    4.05701e+01    4.05866e+01    4.06002e+01    4.06115e+01    4.06209e+01    4.06292e+01    4.06362e+01    4.06425e+01    4.06479e+01    4.06528e+01    4.06571e+01    4.06611e+01    4.06647e+01    4.06866e+01    4.06969e+01    4.07029e+01    4.07066e+01    4.07091e+01    4.07106e+01    4.07114e+01    4.07120e+01    
1.04660e+03    3.98039e+01    4.01156e+01    4.03189e+01    4.04266e+01    4.04853e+01    4.05263e+01    4.05540e+01    4.05745e+01    4.05908e+01    4.06042e+01    4.06154e+01    4.06247e+01    4.06329e+01    4.06399e+01    4.06461e+01    4.06515e+01    4.06563e+01    4.06606e+01    4.06645e+01    4.06681e+01    4.06901e+01    4.07006e+01    4.07067e+01    4.07106e+01    4.07131e+01    4.07147e+01    4.07156e+01    4.07163e+01    
1.04680e+03    3.98033e+01    4.01165e+01    4.03203e+01    4.04286e+01    4.04872e+01    4.05280e+01    4.05556e+01    4.05761e+01    4.05923e+01    4.06056e+01    4.06168e+01    4.06262e+01    4.06344e+01    4.06415e+01    4.06477e+01    4.06531e+01    4.06580e+01    4.06624e+01    4.06663e+01    4.06699e+01    4.06919e+01    4.07022e+01    4.07083e+01    4.07121e+01    4.07146e+01    4.07162e+01    4.07172e+01    4.07180e+01    
1.04700e+03    3.97999e+01    4.01144e+01    4.03168e+01    4.04240e+01    4.04819e+01    4.05223e+01    4.05498e+01    4.05702e+01    4.05865e+01    4.05999e+01    4.06112e+01    4.06206e+01    4.06289e+01    4.06361e+01    4.06424e+01    4.06478e+01    4.06528e+01    4.06572e+01    4.06612e+01    4.06648e+01    4.06872e+01    4.06977e+01    4.07039e+01    4.07078e+01    4.07103e+01    4.07119e+01    4.07129e+01    4.07137e+01    
1.04720e+03    3.97912e+01    4.01056e+01    4.03037e+01    4.04095e+01    4.04669e+01    4.05071e+01    4.05343e+01    4.05546e+01    4.05706e+01    4.05839e+01    4.05952e+01    4.06047e+01    4.06131e+01    4.06204e+01    4.06268e+01    4.06324e+01    4.06375e+01    4.06419e+01    4.06460e+01    4.06497e+01    4.06727e+01    4.06837e+01    4.06900e+01    4.06940e+01    4.06966e+01    4.06982e+01    4.06992e+01    4.06999e+01    
1.04740e+03    3.97820e+01    4.00969e+01    4.02904e+01    4.03923e+01    4.04486e+01    4.04881e+01    4.05150e+01    4.05351e+01    4.05509e+01    4.05642e+01    4.05754e+01    4.05851e+01    4.05936e+01    4.06010e+01    4.06076e+01    4.06133e+01    4.06185e+01    4.06231e+01    4.06272e+01    4.06311e+01    4.06546e+01    4.06657e+01    4.06719e+01    4.06757e+01    4.06782e+01    4.06797e+01    4.06806e+01    4.06812e+01    
1.04760e+03    3.97779e+01    4.00930e+01    4.02854e+01    4.03886e+01    4.04452e+01    4.04849e+01    4.05120e+01    4.05320e+01    4.05479e+01    4.05611e+01    4.05723e+01    4.05818e+01    4.05902e+01    4.05975e+01    4.06040e+01    4.06095e+01    4.06146e+01    4.06191e+01    4.06232e+01    4.06270e+01    4.06503e+01    4.06614e+01    4.06677e+01    4.06715e+01    4.06740e+01    4.06757e+01    4.06767e+01    4.06774e+01    
1.04780e+03    3.97731e+01    4.00884e+01    4.02795e+01    4.03833e+01    4.04398e+01    4.04787e+01    4.05054e+01    4.05253e+01    4.05409e+01    4.05538e+01    4.05646e+01    4.05738e+01    4.05819e+01    4.05888e+01    4.05950e+01    4.06003e+01    4.06051e+01    4.06094e+01    4.06133e+01    4.06169e+01    4.06392e+01    4.06501e+01    4.06562e+01    4.06600e+01    4.06625e+01    4.06641e+01    4.06650e+01    4.06656e+01    
1.04800e+03    3.97403e+01    4.00522e+01    4.02225e+01    4.03143e+01    4.03658e+01    4.04042e+01    4.04312e+01    4.04513e+01    4.04670e+01    4.04800e+01    4.04912e+01    4.05009e+01    4.05095e+01    4.05170e+01    4.05237e+01    4.05296e+01    4.05349e+01    4.05397e+01    4.05440e+01    4.05480e+01    4.05727e+01    4.05842e+01    4.05904e+01    4.05941e+01    4.05964e+01    4.05979e+01    4.05989e+01    4.05994e+01    
1.04820e+03    3.97384e+01    4.00545e+01    4.02344e+01    4.03347e+01    4.03901e+01    4.04287e+01    4.04553e+01    4.04752e+01    4.04908e+01    4.05038e+01    4.05149e+01    4.05244e+01    4.05328e+01    4.05402e+01    4.05467e+01    4.05524e+01    4.05576e+01    4.05623e+01    4.05665e+01    4.05704e+01    4.05940e+01    4.06048e+01    4.06106e+01    4.06139e+01    4.06160e+01    4.06174e+01    4.06182e+01    4.06187e+01    
1.04840e+03    3.97444e+01    4.00571e+01    4.02453e+01    4.03534e+01    4.04127e+01    4.04524e+01    4.04800e+01    4.05005e+01    4.05164e+01    4.05296e+01    4.05408e+01    4.05504e+01    4.05589e+01    4.05662e+01    4.05728e+01    4.05784e+01    4.05834e+01    4.05879e+01    4.05919e+01    4.05956e+01    4.06182e+01    4.06288e+01    4.06347e+01    4.06381e+01    4.06403e+01    4.06418e+01    4.06426e+01    4.06432e+01    
1.04860e+03    3.97359e+01    4.00451e+01    4.02325e+01    4.03382e+01    4.03968e+01    4.04362e+01    4.04639e+01    4.04847e+01    4.05004e+01    4.05134e+01    4.05248e+01    4.05347e+01    4.05436e+01    4.05513e+01    4.05582e+01    4.05641e+01    4.05695e+01    4.05743e+01    4.05785e+01    4.05825e+01    4.06067e+01    4.06180e+01    4.06240e+01    4.06276e+01    4.06298e+01    4.06312e+01    4.06321e+01    4.06327e+01    
1.04880e+03    3.97274e+01    4.00357e+01    4.02218e+01    4.03262e+01    4.03850e+01    4.04240e+01    4.04520e+01    4.04729e+01    4.04885e+01    4.05013e+01    4.05126e+01    4.05224e+01    4.05312e+01    4.05390e+01    4.05459e+01    4.05518e+01    4.05572e+01    4.05620e+01    4.05663e+01    4.05703e+01    4.05948e+01    4.06063e+01    4.06122e+01    4.06155e+01    4.06177e+01    4.06192e+01    4.06201e+01    4.06208e+01    
1.04900e+03    3.97157e+01    4.00247e+01    4.02043e+01    4.02997e+01    4.03565e+01    4.03947e+01    4.04224e+01    4.04428e+01    4.04574e+01    4.04692e+01    4.04797e+01    4.04891e+01    4.04977e+01    4.05053e+01    4.05121e+01    4.05180e+01    4.05234e+01    4.05282e+01    4.05325e+01    4.05366e+01    4.05614e+01    4.05726e+01    4.05781e+01    4.05812e+01    4.05830e+01    4.05842e+01    4.05849e+01    4.05855e+01    
1.04920e+03    3.96917e+01    4.00009e+01    4.01645e+01    4.02412e+01    4.02948e+01    4.03326e+01    4.03594e+01    4.03785e+01    4.03917e+01    4.04023e+01    4.04122e+01    4.04213e+01    4.04299e+01    4.04377e+01    4.04448e+01    4.04511e+01    4.04570e+01    4.04623e+01    4.04672e+01    4.04717e+01    4.04990e+01    4.05102e+01    4.05148e+01    4.05170e+01    4.05182e+01    4.05191e+01    4.05198e+01    4.05204e+01    
1.04940e+03    3.96895e+01    3.99981e+01    4.01615e+01    4.02429e+01    4.02987e+01    4.03370e+01    4.03646e+01    4.03843e+01    4.03978e+01    4.04085e+01    4.04183e+01    4.04272e+01    4.04357e+01    4.04432e+01    4.04501e+01    4.04561e+01    4.04616e+01    4.04666e+01    4.04712e+01    4.04754e+01    4.05005e+01    4.05108e+01    4.05152e+01    4.05173e+01    4.05185e+01    4.05194e+01    4.05202e+01    4.05208e+01    
1.04960e+03    3.96991e+01    4.00100e+01    4.01820e+01    4.02708e+01    4.03252e+01    4.03630e+01    4.03916e+01    4.04131e+01    4.04288e+01    4.04413e+01    4.04518e+01    4.04607e+01    4.04686e+01    4.04755e+01    4.04817e+01    4.04871e+01    4.04920e+01    4.04963e+01    4.05003e+01    4.05040e+01    4.05264e+01    4.05363e+01    4.05408e+01    4.05431e+01    4.05444e+01    4.05454e+01    4.05462e+01    4.05468e+01    
1.04980e+03    3.96811e+01    3.99915e+01    4.01552e+01    4.02333e+01    4.02827e+01    4.03173e+01    4.03421e+01    4.03596e+01    4.03714e+01    4.03808e+01    4.03896e+01    4.03978e+01    4.04055e+01    4.04125e+01    4.04188e+01    4.04243e+01    4.04295e+01    4.04340e+01    4.04382e+01    4.04421e+01    4.04648e+01    4.04740e+01    4.04776e+01    4.04792e+01    4.04800e+01    4.04806e+01    4.04811e+01    4.04817e+01    
1.05000e+03    3.96891e+01    3.99986e+01    4.01705e+01    4.02604e+01    4.03154e+01    4.03526e+01    4.03796e+01    4.03990e+01    4.04122e+01    4.04228e+01    4.04323e+01    4.04408e+01    4.04488e+01    4.04558e+01    4.04621e+01    4.04676e+01    4.04725e+01    4.04769e+01    4.04809e+01    4.04846e+01    4.05057e+01    4.05141e+01    4.05177e+01    4.05194e+01    4.05203e+01    4.05209e+01    4.05213e+01    4.05217e+01    
1.05020e+03    3.97167e+01    4.00296e+01    4.02223e+01    4.03268e+01    4.03843e+01    4.04220e+01    4.04491e+01    4.04691e+01    4.04837e+01    4.04954e+01    4.05055e+01    4.05143e+01    4.05222e+01    4.05291e+01    4.05352e+01    4.05404e+01    4.05451e+01    4.05492e+01    4.05529e+01    4.05563e+01    4.05762e+01    4.05849e+01    4.05892e+01    4.05915e+01    4.05930e+01    4.05940e+01    4.05946e+01    4.05951e+01    
1.05040e+03    3.97251e+01    4.00375e+01    4.02330e+01    4.03414e+01    4.04001e+01    4.04386e+01    4.04659e+01    4.04862e+01    4.05012e+01    4.05134e+01    4.05238e+01    4.05327e+01    4.05407e+01    4.05475e+01    4.05536e+01    4.05587e+01    4.05634e+01    4.05675e+01    4.05711e+01    4.05744e+01    4.05946e+01    4.06037e+01    4.06084e+01    4.06112e+01    4.06129e+01    4.06140e+01    4.06146e+01    4.06151e+01    
1.05060e+03    3.97242e+01    4.00367e+01    4.02303e+01    4.03346e+01    4.03905e+01    4.04268e+01    4.04527e+01    4.04719e+01    4.04861e+01    4.04976e+01    4.05075e+01    4.05161e+01    4.05239e+01    4.05306e+01    4.05366e+01    4.05416e+01    4.05462e+01    4.05502e+01    4.05538e+01    4.05572e+01    4.05775e+01    4.05870e+01    4.05919e+01    4.05948e+01    4.05966e+01    4.05977e+01    4.05984e+01    4.05989e+01    
1.05080e+03    3.97020e+01    4.00131e+01    4.01909e+01    4.02784e+01    4.03293e+01    4.03637e+01    4.03885e+01    4.04065e+01    4.04191e+01    4.04292e+01    4.04383e+01    4.04466e+01    4.04542e+01    4.04609e+01    4.04669e+01    4.04721e+01    4.04768e+01    4.04810e+01    4.04848e+01    4.04883e+01    4.05097e+01    4.05192e+01    4.05234e+01    4.05256e+01    4.05268e+01    4.05277e+01    4.05284e+01    4.05290e+01    
1.05100e+03    3.97003e+01    4.00121e+01    4.01887e+01    4.02768e+01    4.03284e+01    4.03629e+01    4.03875e+01    4.04052e+01    4.04177e+01    4.04277e+01    4.04369e+01    4.04453e+01    4.04531e+01    4.04601e+01    4.04664e+01    4.04719e+01    4.04770e+01    4.04816e+01    4.04858e+01    4.04896e+01    4.05132e+01    4.05234e+01    4.05280e+01    4.05303e+01    4.05316e+01    4.05326e+01    4.05333e+01    4.05339e+01    
1.05120e+03    3.97197e+01    4.00348e+01    4.02241e+01    4.03229e+01    4.03757e+01    4.04111e+01    4.04365e+01    4.04553e+01    4.04691e+01    4.04803e+01    4.04902e+01    4.04989e+01    4.05068e+01    4.05138e+01    4.05200e+01    4.05255e+01    4.05305e+01    4.05350e+01    4.05391e+01    4.05429e+01    4.05668e+01    4.05780e+01    4.05841e+01    4.05876e+01    4.05899e+01    4.05914e+01    4.05923e+01    4.05929e+01    
1.05140e+03    3.97275e+01    4.00438e+01    4.02339e+01    4.03302e+01    4.03843e+01    4.04212e+01    4.04472e+01    4.04663e+01    4.04804e+01    4.04920e+01    4.05022e+01    4.05111e+01    4.05192e+01    4.05262e+01    4.05326e+01    4.05382e+01    4.05433e+01    4.05479e+01    4.05520e+01    4.05559e+01    4.05802e+01    4.05916e+01    4.05975e+01    4.06009e+01    4.06030e+01    4.06044e+01    4.06053e+01    4.06059e+01    
1.05160e+03    3.97487e+01    4.00650e+01    4.02644e+01    4.03685e+01    4.04246e+01    4.04626e+01    4.04887e+01    4.05082e+01    4.05233e+01    4.05358e+01    4.05463e+01    4.05551e+01    4.05630e+01    4.05697e+01    4.05758e+01    4.05810e+01    4.05857e+01    4.05900e+01    4.05938e+01    4.05974e+01    4.06198e+01    4.06309e+01    4.06372e+01    4.06410e+01    4.06435e+01    4.06452e+01    4.06462e+01    4.06469e+01    
1.05180e+03    3.97593e+01    4.00756e+01    4.02777e+01    4.03826e+01    4.04388e+01    4.04774e+01    4.05035e+01    4.05228e+01    4.05380e+01    4.05504e+01    4.05609e+01    4.05697e+01    4.05774e+01    4.05841e+01    4.05900e+01    4.05950e+01    4.05996e+01    4.06037e+01    4.06073e+01    4.06107e+01    4.06319e+01    4.06423e+01    4.06482e+01    4.06517e+01    4.06540e+01    4.06556e+01    4.06566e+01    4.06572e+01    
1.05200e+03    3.97616e+01    4.00766e+01    4.02771e+01    4.03807e+01    4.04370e+01    4.04761e+01    4.05025e+01    4.05219e+01    4.05372e+01    4.05498e+01    4.05604e+01    4.05692e+01    4.05769e+01    4.05835e+01    4.05893e+01    4.05943e+01    4.05989e+01    4.06029e+01    4.06066e+01    4.06099e+01    4.06309e+01    4.06413e+01    4.06472e+01    4.06508e+01    4.06532e+01    4.06548e+01    4.06557e+01    4.06563e+01    
1.05220e+03    3.97651e+01    4.00787e+01    4.02791e+01    4.03824e+01    4.04376e+01    4.04757e+01    4.05016e+01    4.05206e+01    4.05355e+01    4.05477e+01    4.05579e+01    4.05664e+01    4.05740e+01    4.05804e+01    4.05861e+01    4.05909e+01    4.05954e+01    4.05993e+01    4.06028e+01    4.06061e+01    4.06266e+01    4.06367e+01    4.06424e+01    4.06460e+01    4.06483e+01    4.06498e+01    4.06507e+01    4.06512e+01    
1.05240e+03    3.97659e+01    4.00803e+01    4.02814e+01    4.03836e+01    4.04385e+01    4.04761e+01    4.05017e+01    4.05206e+01    4.05352e+01    4.05471e+01    4.05569e+01    4.05651e+01    4.05722e+01    4.05783e+01    4.05836e+01    4.05882e+01    4.05923e+01    4.05959e+01    4.05992e+01    4.06022e+01    4.06211e+01    4.06307e+01    4.06361e+01    4.06395e+01    4.06417e+01    4.06432e+01    4.06441e+01    4.06447e+01    
1.05260e+03    3.97676e+01    4.00835e+01    4.02870e+01    4.03909e+01    4.04465e+01    4.04845e+01    4.05104e+01    4.05294e+01    4.05441e+01    4.05560e+01    4.05658e+01    4.05738e+01    4.05807e+01    4.05865e+01    4.05915e+01    4.05958e+01    4.05997e+01    4.06031e+01    4.06061e+01    4.06088e+01    4.06265e+01    4.06355e+01    4.06407e+01    4.06440e+01    4.06461e+01    4.06476e+01    4.06484e+01    4.06489e+01    
1.05280e+03    3.97625e+01    4.00778e+01    4.02789e+01    4.03841e+01    4.04402e+01    4.04787e+01    4.05047e+01    4.05239e+01    4.05389e+01    4.05510e+01    4.05610e+01    4.05692e+01    4.05763e+01    4.05823e+01    4.05875e+01    4.05919e+01    4.05960e+01    4.05995e+01    4.06026e+01    4.06055e+01    4.06233e+01    4.06322e+01    4.06373e+01    4.06404e+01    4.06425e+01    4.06438e+01    4.06446e+01    4.06452e+01    
1.05300e+03    3.97579e+01    4.00749e+01    4.02697e+01    4.03710e+01    4.04256e+01    4.04626e+01    4.04881e+01    4.05069e+01    4.05215e+01    4.05333e+01    4.05430e+01    4.05510e+01    4.05580e+01    4.05639e+01    4.05691e+01    4.05735e+01    4.05775e+01    4.05810e+01    4.05841e+01    4.05869e+01    4.06049e+01    4.06139e+01    4.06188e+01    4.06218e+01    4.06237e+01    4.06249e+01    4.06257e+01    4.06262e+01    
1.05320e+03    3.97610e+01    4.00835e+01    4.02774e+01    4.03726e+01    4.04244e+01    4.04593e+01    4.04836e+01    4.05017e+01    4.05153e+01    4.05264e+01    4.05355e+01    4.05432e+01    4.05499e+01    4.05557e+01    4.05607e+01    4.05650e+01    4.05689e+01    4.05723e+01    4.05753e+01    4.05782e+01    4.05959e+01    4.06048e+01    4.06097e+01    4.06126e+01    4.06145e+01    4.06157e+01    4.06164e+01    4.06169e+01    
1.05340e+03    3.97765e+01    4.01005e+01    4.02993e+01    4.04021e+01    4.04576e+01    4.04960e+01    4.05220e+01    4.05413e+01    4.05564e+01    4.05687e+01    4.05788e+01    4.05870e+01    4.05940e+01    4.06000e+01    4.06053e+01    4.06097e+01    4.06138e+01    4.06174e+01    4.06206e+01    4.06235e+01    4.06423e+01    4.06518e+01    4.06572e+01    4.06606e+01    4.06627e+01    4.06641e+01    4.06650e+01    4.06655e+01    
1.05360e+03    3.97767e+01    4.00978e+01    4.02937e+01    4.03988e+01    4.04555e+01    4.04950e+01    4.05218e+01    4.05417e+01    4.05574e+01    4.05702e+01    4.05807e+01    4.05892e+01    4.05967e+01    4.06030e+01    4.06087e+01    4.06136e+01    4.06181e+01    4.06221e+01    4.06257e+01    4.06291e+01    4.06504e+01    4.06608e+01    4.06667e+01    4.06704e+01    4.06727e+01    4.06742e+01    4.06751e+01    4.06757e+01    
1.05380e+03    3.97632e+01    4.00829e+01    4.02695e+01    4.03656e+01    4.04193e+01    4.04572e+01    4.04834e+01    4.05030e+01    4.05183e+01    4.05308e+01    4.05412e+01    4.05497e+01    4.05573e+01    4.05637e+01    4.05695e+01    4.05746e+01    4.05792e+01    4.05834e+01    4.05871e+01    4.05906e+01    4.06127e+01    4.06232e+01    4.06289e+01    4.06323e+01    4.06345e+01    4.06359e+01    4.06368e+01    4.06373e+01    
1.05400e+03    3.97619e+01    4.00816e+01    4.02707e+01    4.03654e+01    4.04181e+01    4.04553e+01    4.04806e+01    4.04995e+01    4.05143e+01    4.05264e+01    4.05364e+01    4.05447e+01    4.05518e+01    4.05579e+01    4.05632e+01    4.05678e+01    4.05720e+01    4.05757e+01    4.05790e+01    4.05821e+01    4.06017e+01    4.06116e+01    4.06171e+01    4.06204e+01    4.06226e+01    4.06240e+01    4.06248e+01    4.06253e+01    
1.05420e+03    3.97636e+01    4.00824e+01    4.02744e+01    4.03706e+01    4.04237e+01    4.04610e+01    4.04864e+01    4.05053e+01    4.05203e+01    4.05326e+01    4.05427e+01    4.05510e+01    4.05582e+01    4.05643e+01    4.05696e+01    4.05741e+01    4.05782e+01    4.05818e+01    4.05850e+01    4.05879e+01    4.06069e+01    4.06167e+01    4.06222e+01    4.06256e+01    4.06279e+01    4.06293e+01    4.06302e+01    4.06307e+01    
1.05440e+03    3.97631e+01    4.00816e+01    4.02735e+01    4.03700e+01    4.04235e+01    4.04616e+01    4.04873e+01    4.05064e+01    4.05216e+01    4.05340e+01    4.05442e+01    4.05525e+01    4.05597e+01    4.05658e+01    4.05712e+01    4.05757e+01    4.05798e+01    4.05834e+01    4.05867e+01    4.05897e+01    4.06088e+01    4.06186e+01    4.06243e+01    4.06277e+01    4.06300e+01    4.06315e+01    4.06324e+01    4.06329e+01    
1.05460e+03    3.97671e+01    4.00900e+01    4.02831e+01    4.03804e+01    4.04341e+01    4.04718e+01    4.04974e+01    4.05165e+01    4.05317e+01    4.05441e+01    4.05541e+01    4.05623e+01    4.05692e+01    4.05750e+01    4.05801e+01    4.05844e+01    4.05883e+01    4.05917e+01    4.05948e+01    4.05976e+01    4.06159e+01    4.06255e+01    4.06309e+01    4.06343e+01    4.06365e+01    4.06379e+01    4.06388e+01    4.06394e+01    
1.05480e+03    3.97703e+01    4.00971e+01    4.02903e+01    4.03880e+01    4.04418e+01    4.04794e+01    4.05049e+01    4.05239e+01    4.05389e+01    4.05511e+01    4.05610e+01    4.05690e+01    4.05759e+01    4.05817e+01    4.05868e+01    4.05911e+01    4.05950e+01    4.05985e+01    4.06016e+01    4.06046e+01    4.06233e+01    4.06330e+01    4.06385e+01    4.06418e+01    4.06440e+01    4.06454e+01    4.06463e+01    4.06469e+01    
1.05500e+03    3.97716e+01    4.00975e+01    4.02916e+01    4.03872e+01    4.04398e+01    4.04762e+01    4.05005e+01    4.05183e+01    4.05322e+01    4.05436e+01    4.05529e+01    4.05605e+01    4.05672e+01    4.05728e+01    4.05777e+01    4.05819e+01    4.05857e+01    4.05890e+01    4.05920e+01    4.05948e+01    4.06128e+01    4.06223e+01    4.06277e+01    4.06309e+01    4.06330e+01    4.06344e+01    4.06352e+01    4.06358e+01    
1.05520e+03    3.97755e+01    4.00973e+01    4.02933e+01    4.03905e+01    4.04449e+01    4.04825e+01    4.05078e+01    4.05265e+01    4.05411e+01    4.05528e+01    4.05623e+01    4.05699e+01    4.05765e+01    4.05820e+01    4.05868e+01    4.05909e+01    4.05945e+01    4.05978e+01    4.06007e+01    4.06033e+01    4.06208e+01    4.06300e+01    4.06354e+01    4.06387e+01    4.06408e+01    4.06422e+01    4.06430e+01    4.06436e+01    
1.05540e+03    3.97832e+01    4.01022e+01    4.03030e+01    4.04035e+01    4.04587e+01    4.04965e+01    4.05218e+01    4.05405e+01    4.05551e+01    4.05668e+01    4.05762e+01    4.05838e+01    4.05903e+01    4.05957e+01    4.06005e+01    4.06045e+01    4.06082e+01    4.06114e+01    4.06143e+01    4.06170e+01    4.06343e+01    4.06433e+01    4.06484e+01    4.06516e+01    4.06537e+01    4.06551e+01    4.06559e+01    4.06564e+01    
1.05560e+03    3.97833e+01    4.01025e+01    4.03014e+01    4.04009e+01    4.04558e+01    4.04937e+01    4.05190e+01    4.05376e+01    4.05522e+01    4.05640e+01    4.05735e+01    4.05812e+01    4.05877e+01    4.05932e+01    4.05980e+01    4.06021e+01    4.06057e+01    4.06090e+01    4.06118e+01    4.06145e+01    4.06319e+01    4.06411e+01    4.06464e+01    4.06497e+01    4.06519e+01    4.06532e+01    4.06541e+01    4.06546e+01    
1.05580e+03    3.97778e+01    4.00971e+01    4.02921e+01    4.03886e+01    4.04425e+01    4.04795e+01    4.05038e+01    4.05215e+01    4.05354e+01    4.05467e+01    4.05559e+01    4.05634e+01    4.05698e+01    4.05752e+01    4.05799e+01    4.05837e+01    4.05872e+01    4.05902e+01    4.05928e+01    4.05953e+01    4.06112e+01    4.06199e+01    4.06249e+01    4.06279e+01    4.06299e+01    4.06311e+01    4.06319e+01    4.06324e+01    
1.05600e+03    3.97767e+01    4.00966e+01    4.02897e+01    4.03868e+01    4.04404e+01    4.04768e+01    4.05005e+01    4.05178e+01    4.05314e+01    4.05426e+01    4.05517e+01    4.05592e+01    4.05656e+01    4.05710e+01    4.05757e+01    4.05796e+01    4.05831e+01    4.05861e+01    4.05887e+01    4.05912e+01    4.06072e+01    4.06159e+01    4.06209e+01    4.06240e+01    4.06261e+01    4.06273e+01    4.06281e+01    4.06286e+01    
1.05620e+03    3.97719e+01    4.00921e+01    4.02798e+01    4.03766e+01    4.04298e+01    4.04661e+01    4.04909e+01    4.05091e+01    4.05229e+01    4.05341e+01    4.05433e+01    4.05510e+01    4.05576e+01    4.05632e+01    4.05682e+01    4.05724e+01    4.05763e+01    4.05796e+01    4.05826e+01    4.05854e+01    4.06029e+01    4.06116e+01    4.06166e+01    4.06197e+01    4.06217e+01    4.06230e+01    4.06238e+01    4.06243e+01    
1.05640e+03    3.97768e+01    4.01015e+01    4.02897e+01    4.03832e+01    4.04354e+01    4.04716e+01    4.04959e+01    4.05137e+01    4.05274e+01    4.05385e+01    4.05478e+01    4.05555e+01    4.05623e+01    4.05681e+01    4.05734e+01    4.05779e+01    4.05821e+01    4.05858e+01    4.05892e+01    4.05923e+01    4.06112e+01    4.06198e+01    4.06245e+01    4.06275e+01    4.06293e+01    4.06306e+01    4.06313e+01    4.06318e+01    
1.05660e+03    3.97836e+01    4.01095e+01    4.03051e+01    4.04046e+01    4.04596e+01    4.04979e+01    4.05235e+01    4.05423e+01    4.05569e+01    4.05687e+01    4.05783e+01    4.05860e+01    4.05927e+01    4.05983e+01    4.06031e+01    4.06072e+01    4.06109e+01    4.06141e+01    4.06170e+01    4.06196e+01    4.06355e+01    4.06431e+01    4.06474e+01    4.06500e+01    4.06518e+01    4.06529e+01    4.06536e+01    4.06540e+01    
1.05680e+03    3.97823e+01    4.01090e+01    4.03072e+01    4.04076e+01    4.04628e+01    4.05012e+01    4.05269e+01    4.05458e+01    4.05606e+01    4.05726e+01    4.05823e+01    4.05901e+01    4.05968e+01    4.06024e+01    4.06073e+01    4.06114e+01    4.06150e+01    4.06182e+01    4.06210e+01    4.06235e+01    4.06383e+01    4.06449e+01    4.06486e+01    4.06509e+01    4.06523e+01    4.06532e+01    4.06538e+01    4.06542e+01    
1.05700e+03    3.97718e+01    4.00957e+01    4.02903e+01    4.03918e+01    4.04476e+01    4.04862e+01    4.05120e+01    4.05310e+01    4.05459e+01    4.05581e+01    4.05680e+01    4.05760e+01    4.05828e+01    4.05885e+01    4.05935e+01    4.05976e+01    4.06013e+01    4.06045e+01    4.06073e+01    4.06099e+01    4.06251e+01    4.06320e+01    4.06359e+01    4.06382e+01    4.06397e+01    4.06406e+01    4.06411e+01    4.06415e+01    
1.05720e+03    3.97714e+01    4.00950e+01    4.02905e+01    4.03890e+01    4.04434e+01    4.04812e+01    4.05064e+01    4.05249e+01    4.05391e+01    4.05507e+01    4.05603e+01    4.05682e+01    4.05751e+01    4.05810e+01    4.05860e+01    4.05903e+01    4.05941e+01    4.05975e+01    4.06004e+01    4.06031e+01    4.06190e+01    4.06263e+01    4.06303e+01    4.06327e+01    4.06343e+01    4.06353e+01    4.06359e+01    4.06364e+01    
1.05740e+03    3.97789e+01    4.01019e+01    4.03026e+01    4.04037e+01    4.04586e+01    4.04967e+01    4.05226e+01    4.05418e+01    4.05567e+01    4.05687e+01    4.05786e+01    4.05866e+01    4.05935e+01    4.05992e+01    4.06043e+01    4.06084e+01    4.06122e+01    4.06154e+01    4.06183e+01    4.06209e+01    4.06365e+01    4.06438e+01    4.06479e+01    4.06505e+01    4.06521e+01    4.06532e+01    4.06539e+01    4.06543e+01    
1.05760e+03    3.97835e+01    4.01074e+01    4.03087e+01    4.04115e+01    4.04676e+01    4.05065e+01    4.05330e+01    4.05526e+01    4.05680e+01    4.05804e+01    4.05906e+01    4.05988e+01    4.06059e+01    4.06118e+01    4.06169e+01    4.06213e+01    4.06252e+01    4.06285e+01    4.06315e+01    4.06343e+01    4.06509e+01    4.06588e+01    4.06633e+01    4.06662e+01    4.06680e+01    4.06691e+01    4.06698e+01    4.06703e+01    
1.05780e+03    3.97837e+01    4.01091e+01    4.03086e+01    4.04101e+01    4.04662e+01    4.05049e+01    4.05310e+01    4.05502e+01    4.05651e+01    4.05773e+01    4.05873e+01    4.05955e+01    4.06026e+01    4.06086e+01    4.06138e+01    4.06182e+01    4.06221e+01    4.06255e+01    4.06285e+01    4.06313e+01    4.06484e+01    4.06570e+01    4.06619e+01    4.06650e+01    4.06670e+01    4.06683e+01    4.06691e+01    4.06696e+01    
1.05800e+03    3.97833e+01    4.01099e+01    4.03078e+01    4.04088e+01    4.04642e+01    4.05025e+01    4.05280e+01    4.05468e+01    4.05615e+01    4.05736e+01    4.05837e+01    4.05921e+01    4.05994e+01    4.06056e+01    4.06111e+01    4.06157e+01    4.06199e+01    4.06236e+01    4.06268e+01    4.06299e+01    4.06485e+01    4.06576e+01    4.06629e+01    4.06662e+01    4.06683e+01    4.06698e+01    4.06706e+01    4.06712e+01    
1.05820e+03    3.97835e+01    4.01115e+01    4.03085e+01    4.04098e+01    4.04656e+01    4.05042e+01    4.05301e+01    4.05495e+01    4.05650e+01    4.05778e+01    4.05882e+01    4.05968e+01    4.06042e+01    4.06104e+01    4.06159e+01    4.06207e+01    4.06249e+01    4.06287e+01    4.06321e+01    4.06353e+01    4.06548e+01    4.06643e+01    4.06699e+01    4.06734e+01    4.06757e+01    4.06772e+01    4.06781e+01    4.06786e+01    
1.05840e+03    3.97833e+01    4.01135e+01    4.03105e+01    4.04101e+01    4.04648e+01    4.05029e+01    4.05283e+01    4.05471e+01    4.05621e+01    4.05744e+01    4.05846e+01    4.05929e+01    4.06002e+01    4.06064e+01    4.06118e+01    4.06165e+01    4.06207e+01    4.06244e+01    4.06277e+01    4.06308e+01    4.06502e+01    4.06598e+01    4.06653e+01    4.06687e+01    4.06710e+01    4.06724e+01    4.06733e+01    4.06738e+01    
1.05860e+03    3.97819e+01    4.01115e+01    4.03078e+01    4.04074e+01    4.04623e+01    4.05005e+01    4.05260e+01    4.05448e+01    4.05600e+01    4.05725e+01    4.05828e+01    4.05913e+01    4.05987e+01    4.06050e+01    4.06106e+01    4.06154e+01    4.06198e+01    4.06237e+01    4.06272e+01    4.06304e+01    4.06507e+01    4.06607e+01    4.06663e+01    4.06698e+01    4.06721e+01    4.06735e+01    4.06744e+01    4.06749e+01    
1.05880e+03    3.97835e+01    4.01116e+01    4.03098e+01    4.04102e+01    4.04654e+01    4.05036e+01    4.05290e+01    4.05478e+01    4.05630e+01    4.05754e+01    4.05857e+01    4.05943e+01    4.06017e+01    4.06081e+01    4.06137e+01    4.06185e+01    4.06230e+01    4.06269e+01    4.06305e+01    4.06337e+01    4.06543e+01    4.06644e+01    4.06702e+01    4.06737e+01    4.06761e+01    4.06776e+01    4.06785e+01    4.06790e+01    
1.05900e+03    3.97839e+01    4.01107e+01    4.03105e+01    4.04106e+01    4.04652e+01    4.05029e+01    4.05281e+01    4.05467e+01    4.05615e+01    4.05736e+01    4.05837e+01    4.05920e+01    4.05993e+01    4.06055e+01    4.06109e+01    4.06156e+01    4.06198e+01    4.06235e+01    4.06269e+01    4.06300e+01    4.06497e+01    4.06596e+01    4.06654e+01    4.06689e+01    4.06712e+01    4.06727e+01    4.06736e+01    4.06741e+01    
1.05920e+03    3.97847e+01    4.01093e+01    4.03090e+01    4.04108e+01    4.04666e+01    4.05051e+01    4.05312e+01    4.05506e+01    4.05659e+01    4.05784e+01    4.05885e+01    4.05969e+01    4.06040e+01    4.06101e+01    4.06156e+01    4.06203e+01    4.06246e+01    4.06284e+01    4.06319e+01    4.06351e+01    4.06554e+01    4.06655e+01    4.06713e+01    4.06748e+01    4.06771e+01    4.06786e+01    4.06795e+01    4.06800e+01    
1.05940e+03    3.97856e+01    4.01091e+01    4.03100e+01    4.04115e+01    4.04670e+01    4.05053e+01    4.05313e+01    4.05507e+01    4.05660e+01    4.05784e+01    4.05884e+01    4.05966e+01    4.06036e+01    4.06095e+01    4.06148e+01    4.06193e+01    4.06234e+01    4.06270e+01    4.06303e+01    4.06333e+01    4.06526e+01    4.06623e+01    4.06679e+01    4.06713e+01    4.06736e+01    4.06751e+01    4.06760e+01    4.06765e+01    
1.05960e+03    3.97901e+01    4.01148e+01    4.03165e+01    4.04177e+01    4.04732e+01    4.05116e+01    4.05375e+01    4.05566e+01    4.05717e+01    4.05840e+01    4.05940e+01    4.06022e+01    4.06092e+01    4.06152e+01    4.06205e+01    4.06251e+01    4.06293e+01    4.06331e+01    4.06365e+01    4.06397e+01    4.06598e+01    4.06698e+01    4.06753e+01    4.06787e+01    4.06808e+01    4.06823e+01    4.06832e+01    4.06837e+01    
1.05980e+03    3.97917e+01    4.01181e+01    4.03168e+01    4.04173e+01    4.04729e+01    4.05114e+01    4.05373e+01    4.05564e+01    4.05714e+01    4.05838e+01    4.05939e+01    4.06022e+01    4.06095e+01    4.06156e+01    4.06211e+01    4.06258e+01    4.06302e+01    4.06340e+01    4.06375e+01    4.06407e+01    4.06614e+01    4.06718e+01    4.06774e+01    4.06808e+01    4.06829e+01    4.06843e+01    4.06852e+01    4.06857e+01    
1.06000e+03    3.97909e+01    4.01192e+01    4.03147e+01    4.04134e+01    4.04685e+01    4.05069e+01    4.05326e+01    4.05516e+01    4.05666e+01    4.05788e+01    4.05888e+01    4.05971e+01    4.06044e+01    4.06105e+01    4.06159e+01    4.06204e+01    4.06245e+01    4.06281e+01    4.06313e+01    4.06342e+01    4.06521e+01    4.06606e+01    4.06655e+01    4.06686e+01    4.06706e+01    4.06719e+01    4.06727e+01    4.06732e+01    
