                                             LOG (LUMINOSITY)
               |-------------------------------------------------------------------------------------------------------------------------------------------------------------------------------------------------------------------------------------------------------------------------------------------------------------------------------------------------------------------------------------------------------------------------------|
WAVELENGTH [A]    1 Myr          2 Myr          3 Myr          4 Myr          5 Myr          6 Myr          7 Myr          8 Myr          9 Myr          10 Myr         11 Myr         12 Myr         13 Myr        14 Myr         15 Myr         16 Myr          17 Myr        18 Myr         19 Myr         20 Myr          30Myr          40Myr          50Myr           60Myr         70Myr           80Myr         90Myr           100Myr
1.01600e+03    3.97570e+01    3.98249e+01    3.98250e+01    3.96303e+01    3.94866e+01    3.93750e+01    3.92412e+01    3.91492e+01    3.90691e+01    3.89935e+01    3.89292e+01    3.88631e+01    3.88092e+01    3.87573e+01    3.87052e+01    3.86559e+01    3.86213e+01    3.85639e+01    3.85357e+01    3.85018e+01    3.81484e+01    3.79255e+01    3.77186e+01    3.75410e+01    3.73200e+01    3.71748e+01    3.69258e+01    3.68153e+01    
1.01620e+03    3.97612e+01    3.98289e+01    3.98252e+01    3.96302e+01    3.94866e+01    3.93743e+01    3.92409e+01    3.91488e+01    3.90687e+01    3.89930e+01    3.89286e+01    3.88625e+01    3.88084e+01    3.87564e+01    3.87042e+01    3.86547e+01    3.86199e+01    3.85624e+01    3.85341e+01    3.85000e+01    3.81437e+01    3.79075e+01    3.76879e+01    3.75026e+01    3.72859e+01    3.71575e+01    3.69236e+01    3.68151e+01    
1.01640e+03    3.97642e+01    3.98291e+01    3.98249e+01    3.96299e+01    3.94865e+01    3.93739e+01    3.92407e+01    3.91485e+01    3.90683e+01    3.89926e+01    3.89280e+01    3.88618e+01    3.88076e+01    3.87555e+01    3.87031e+01    3.86535e+01    3.86186e+01    3.85607e+01    3.85322e+01    3.84978e+01    3.81354e+01    3.78952e+01    3.76731e+01    3.74866e+01    3.72728e+01    3.71510e+01    3.69228e+01    3.68150e+01    
1.01660e+03    3.97688e+01    3.98342e+01    3.98273e+01    3.96296e+01    3.94866e+01    3.93743e+01    3.92407e+01    3.91486e+01    3.90684e+01    3.89927e+01    3.89282e+01    3.88619e+01    3.88078e+01    3.87557e+01    3.87033e+01    3.86537e+01    3.86188e+01    3.85609e+01    3.85323e+01    3.84977e+01    3.81308e+01    3.79097e+01    3.77079e+01    3.75339e+01    3.73159e+01    3.71728e+01    3.69255e+01    3.68153e+01    
1.01680e+03    3.97705e+01    3.98374e+01    3.98279e+01    3.96287e+01    3.94859e+01    3.93732e+01    3.92401e+01    3.91477e+01    3.90674e+01    3.89915e+01    3.89267e+01    3.88602e+01    3.88058e+01    3.87534e+01    3.87007e+01    3.86506e+01    3.86153e+01    3.85568e+01    3.85276e+01    3.84921e+01    3.81085e+01    3.78801e+01    3.76756e+01    3.75008e+01    3.72891e+01    3.71592e+01    3.69238e+01    3.68151e+01    
1.01700e+03    3.97680e+01    3.98377e+01    3.98261e+01    3.96277e+01    3.94851e+01    3.93717e+01    3.92393e+01    3.91467e+01    3.90662e+01    3.89900e+01    3.89249e+01    3.88581e+01    3.88033e+01    3.87506e+01    3.86974e+01    3.86469e+01    3.86111e+01    3.85518e+01    3.85220e+01    3.84855e+01    3.80827e+01    3.78359e+01    3.76184e+01    3.74369e+01    3.72366e+01    3.71336e+01    3.69207e+01    3.68148e+01    
1.01720e+03    3.97656e+01    3.98382e+01    3.98243e+01    3.96272e+01    3.94846e+01    3.93709e+01    3.92388e+01    3.91462e+01    3.90655e+01    3.89892e+01    3.89240e+01    3.88570e+01    3.88021e+01    3.87492e+01    3.86958e+01    3.86450e+01    3.86090e+01    3.85493e+01    3.85191e+01    3.84821e+01    3.80694e+01    3.78103e+01    3.75833e+01    3.73963e+01    3.72036e+01    3.71184e+01    3.69189e+01    3.68147e+01    
1.01740e+03    3.97654e+01    3.98353e+01    3.98228e+01    3.96272e+01    3.94847e+01    3.93709e+01    3.92388e+01    3.91462e+01    3.90655e+01    3.89892e+01    3.89240e+01    3.88570e+01    3.88020e+01    3.87492e+01    3.86957e+01    3.86450e+01    3.86089e+01    3.85492e+01    3.85191e+01    3.84820e+01    3.80680e+01    3.78122e+01    3.75888e+01    3.74042e+01    3.72106e+01    3.71216e+01    3.69193e+01    3.68147e+01    
1.01760e+03    3.97652e+01    3.98311e+01    3.98197e+01    3.96251e+01    3.94821e+01    3.93668e+01    3.92330e+01    3.91386e+01    3.90547e+01    3.89730e+01    3.89029e+01    3.88324e+01    3.87764e+01    3.87261e+01    3.86780e+01    3.86322e+01    3.86006e+01    3.85454e+01    3.85187e+01    3.84849e+01    3.80923e+01    3.78479e+01    3.76309e+01    3.74492e+01    3.72460e+01    3.71381e+01    3.69212e+01    3.68149e+01    
1.01780e+03    3.97650e+01    3.98280e+01    3.98210e+01    3.96297e+01    3.94870e+01    3.93741e+01    3.92417e+01    3.91498e+01    3.90703e+01    3.89958e+01    3.89322e+01    3.88666e+01    3.88125e+01    3.87595e+01    3.87054e+01    3.86542e+01    3.86178e+01    3.85581e+01    3.85282e+01    3.84920e+01    3.81073e+01    3.78667e+01    3.76501e+01    3.74681e+01    3.72604e+01    3.71450e+01    3.69220e+01    3.68150e+01    
1.01800e+03    3.97480e+01    3.98142e+01    3.97940e+01    3.96073e+01    3.94479e+01    3.93174e+01    3.91739e+01    3.90774e+01    3.90007e+01    3.89401e+01    3.88931e+01    3.88414e+01    3.87980e+01    3.87512e+01    3.87007e+01    3.86526e+01    3.86190e+01    3.85622e+01    3.85344e+01    3.85003e+01    3.81231e+01    3.78722e+01    3.76430e+01    3.74522e+01    3.72432e+01    3.71342e+01    3.69093e+01    3.67909e+01    
1.01820e+03    3.97397e+01    3.98064e+01    3.97803e+01    3.95832e+01    3.94368e+01    3.93170e+01    3.91867e+01    3.90887e+01    3.90095e+01    3.89463e+01    3.88960e+01    3.88403e+01    3.87904e+01    3.87335e+01    3.86696e+01    3.86094e+01    3.85654e+01    3.84989e+01    3.84642e+01    3.84265e+01    3.81185e+01    3.78772e+01    3.76381e+01    3.74385e+01    3.72156e+01    3.70908e+01    3.68650e+01    3.67661e+01    
1.01840e+03    3.97540e+01    3.98228e+01    3.98177e+01    3.96252e+01    3.94823e+01    3.93709e+01    3.92312e+01    3.91401e+01    3.90637e+01    3.89952e+01    3.89375e+01    3.88766e+01    3.88251e+01    3.87718e+01    3.87155e+01    3.86623e+01    3.86241e+01    3.85631e+01    3.85323e+01    3.84961e+01    3.81359e+01    3.78851e+01    3.76504e+01    3.74552e+01    3.72423e+01    3.71311e+01    3.69155e+01    3.68148e+01    
1.01860e+03    3.97700e+01    3.98418e+01    3.98451e+01    3.96549e+01    3.95115e+01    3.94018e+01    3.92643e+01    3.91727e+01    3.90925e+01    3.90152e+01    3.89490e+01    3.88819e+01    3.88284e+01    3.87792e+01    3.87313e+01    3.86856e+01    3.86540e+01    3.85993e+01    3.85729e+01    3.85400e+01    3.81618e+01    3.79062e+01    3.76725e+01    3.74775e+01    3.72606e+01    3.71422e+01    3.69201e+01    3.68178e+01    
1.01880e+03    3.97816e+01    3.98605e+01    3.98533e+01    3.96594e+01    3.95164e+01    3.94047e+01    3.92701e+01    3.91801e+01    3.91008e+01    3.90238e+01    3.89575e+01    3.88901e+01    3.88364e+01    3.87869e+01    3.87386e+01    3.86926e+01    3.86606e+01    3.86056e+01    3.85790e+01    3.85456e+01    3.81612e+01    3.79058e+01    3.76738e+01    3.74799e+01    3.72624e+01    3.71414e+01    3.69087e+01    3.67925e+01    
1.01900e+03    3.97793e+01    3.98579e+01    3.98434e+01    3.96516e+01    3.95045e+01    3.93899e+01    3.92565e+01    3.91606e+01    3.90796e+01    3.90084e+01    3.89502e+01    3.88893e+01    3.88394e+01    3.87896e+01    3.87383e+01    3.86895e+01    3.86550e+01    3.85974e+01    3.85689e+01    3.85337e+01    3.81405e+01    3.78750e+01    3.76345e+01    3.74363e+01    3.72338e+01    3.71426e+01    3.69241e+01    3.67937e+01    
1.01920e+03    3.97658e+01    3.98407e+01    3.97956e+01    3.95967e+01    3.94496e+01    3.93368e+01    3.91970e+01    3.90819e+01    3.89899e+01    3.89239e+01    3.88777e+01    3.88265e+01    3.87832e+01    3.87360e+01    3.86847e+01    3.86358e+01    3.86016e+01    3.85439e+01    3.85154e+01    3.84805e+01    3.80950e+01    3.78242e+01    3.75750e+01    3.73698e+01    3.71629e+01    3.70709e+01    3.68536e+01    3.67287e+01    
1.01940e+03    3.97629e+01    3.98429e+01    3.97921e+01    3.95852e+01    3.94333e+01    3.93095e+01    3.91754e+01    3.90662e+01    3.89766e+01    3.89066e+01    3.88536e+01    3.87963e+01    3.87472e+01    3.86943e+01    3.86369e+01    3.85826e+01    3.85438e+01    3.84813e+01    3.84493e+01    3.84117e+01    3.80326e+01    3.77459e+01    3.74737e+01    3.72509e+01    3.70451e+01    3.69725e+01    3.67809e+01    3.66797e+01    
1.01960e+03    3.97665e+01    3.98495e+01    3.98139e+01    3.96050e+01    3.94484e+01    3.93209e+01    3.91811e+01    3.90831e+01    3.90023e+01    3.89337e+01    3.88770e+01    3.88158e+01    3.87610e+01    3.87002e+01    3.86324e+01    3.85682e+01    3.85206e+01    3.84491e+01    3.84105e+01    3.83679e+01    3.80093e+01    3.77405e+01    3.74820e+01    3.72700e+01    3.70623e+01    3.69759e+01    3.67716e+01    3.66652e+01    
1.01980e+03    3.97638e+01    3.98475e+01    3.98123e+01    3.96026e+01    3.94445e+01    3.93156e+01    3.91713e+01    3.90695e+01    3.89870e+01    3.89204e+01    3.88670e+01    3.88082e+01    3.87550e+01    3.86944e+01    3.86259e+01    3.85611e+01    3.85128e+01    3.84408e+01    3.84018e+01    3.83592e+01    3.80093e+01    3.77371e+01    3.74720e+01    3.72558e+01    3.70569e+01    3.69881e+01    3.67919e+01    3.66789e+01    
1.02000e+03    3.97615e+01    3.98404e+01    3.98246e+01    3.96171e+01    3.94612e+01    3.93406e+01    3.92070e+01    3.91157e+01    3.90353e+01    3.89577e+01    3.88896e+01    3.88192e+01    3.87590e+01    3.86985e+01    3.86352e+01    3.85754e+01    3.85318e+01    3.84645e+01    3.84290e+01    3.83889e+01    3.80233e+01    3.77463e+01    3.74808e+01    3.72635e+01    3.70600e+01    3.69850e+01    3.67799e+01    3.66590e+01    
1.02020e+03    3.97480e+01    3.98130e+01    3.98027e+01    3.96066e+01    3.94576e+01    3.93384e+01    3.92114e+01    3.91206e+01    3.90393e+01    3.89594e+01    3.88892e+01    3.88173e+01    3.87573e+01    3.86992e+01    3.86404e+01    3.85847e+01    3.85447e+01    3.84809e+01    3.84481e+01    3.84098e+01    3.80318e+01    3.77447e+01    3.74713e+01    3.72483e+01    3.70491e+01    3.69862e+01    3.67923e+01    3.66767e+01    
1.02040e+03    3.97180e+01    3.97684e+01    3.97190e+01    3.94979e+01    3.93468e+01    3.92516e+01    3.91396e+01    3.90530e+01    3.89730e+01    3.88912e+01    3.88183e+01    3.87449e+01    3.86857e+01    3.86320e+01    3.85804e+01    3.85315e+01    3.84977e+01    3.84401e+01    3.84117e+01    3.83775e+01    3.80115e+01    3.77124e+01    3.74205e+01    3.71829e+01    3.69933e+01    3.69573e+01    3.67815e+01    3.66699e+01    
1.02060e+03    3.96877e+01    3.97274e+01    3.96383e+01    3.94294e+01    3.93016e+01    3.91957e+01    3.90759e+01    3.89744e+01    3.88867e+01    3.88095e+01    3.87476e+01    3.86842e+01    3.86338e+01    3.85863e+01    3.85396e+01    3.84950e+01    3.84653e+01    3.84113e+01    3.83855e+01    3.83535e+01    3.79877e+01    3.76702e+01    3.73514e+01    3.70868e+01    3.68877e+01    3.68639e+01    3.66973e+01    3.65930e+01    
1.02080e+03    3.96913e+01    3.97456e+01    3.97043e+01    3.94975e+01    3.93366e+01    3.92150e+01    3.90878e+01    3.89934e+01    3.89100e+01    3.88306e+01    3.87624e+01    3.86927e+01    3.86352e+01    3.85801e+01    3.85249e+01    3.84726e+01    3.84364e+01    3.83760e+01    3.83457e+01    3.83105e+01    3.79609e+01    3.76512e+01    3.73362e+01    3.70737e+01    3.68584e+01    3.68114e+01    3.66447e+01    3.65632e+01    
1.02100e+03    3.96953e+01    3.97543e+01    3.96980e+01    3.94771e+01    3.93196e+01    3.91983e+01    3.90667e+01    3.89724e+01    3.88880e+01    3.88046e+01    3.87314e+01    3.86569e+01    3.85948e+01    3.85353e+01    3.84759e+01    3.84198e+01    3.83807e+01    3.83171e+01    3.82846e+01    3.82482e+01    3.79202e+01    3.76259e+01    3.73264e+01    3.70821e+01    3.68920e+01    3.68610e+01    3.66932e+01    3.65939e+01    
1.02120e+03    3.96901e+01    3.97591e+01    3.96904e+01    3.94633e+01    3.93032e+01    3.91776e+01    3.90587e+01    3.89655e+01    3.88796e+01    3.87922e+01    3.87147e+01    3.86366e+01    3.85723e+01    3.85132e+01    3.84560e+01    3.84021e+01    3.83649e+01    3.83030e+01    3.82716e+01    3.82359e+01    3.78981e+01    3.75913e+01    3.72766e+01    3.70155e+01    3.68074e+01    3.67685e+01    3.66069e+01    3.65283e+01    
1.02140e+03    3.96874e+01    3.97546e+01    3.97002e+01    3.94885e+01    3.93275e+01    3.92064e+01    3.90780e+01    3.89723e+01    3.88824e+01    3.88061e+01    3.87447e+01    3.86798e+01    3.86236e+01    3.85643e+01    3.85005e+01    3.84403e+01    3.83972e+01    3.83295e+01    3.82939e+01    3.82544e+01    3.79119e+01    3.76147e+01    3.73144e+01    3.70678e+01    3.68667e+01    3.68228e+01    3.66480e+01    3.65513e+01    
1.02160e+03    3.96929e+01    3.97649e+01    3.97346e+01    3.95371e+01    3.93877e+01    3.92731e+01    3.91486e+01    3.90451e+01    3.89598e+01    3.88911e+01    3.88366e+01    3.87767e+01    3.87225e+01    3.86610e+01    3.85915e+01    3.85255e+01    3.84763e+01    3.84025e+01    3.83621e+01    3.83173e+01    3.79363e+01    3.76397e+01    3.73517e+01    3.71153e+01    3.69067e+01    3.68423e+01    3.66542e+01    3.65559e+01    
1.02180e+03    3.96979e+01    3.97753e+01    3.97707e+01    3.95769e+01    3.94309e+01    3.93229e+01    3.92002e+01    3.90995e+01    3.90137e+01    3.89397e+01    3.88785e+01    3.88133e+01    3.87555e+01    3.86931e+01    3.86243e+01    3.85590e+01    3.85102e+01    3.84368e+01    3.83966e+01    3.83515e+01    3.79488e+01    3.76439e+01    3.73524e+01    3.71123e+01    3.69001e+01    3.68340e+01    3.66441e+01    3.65450e+01    
1.02200e+03    3.96912e+01    3.97734e+01    3.97706e+01    3.95758e+01    3.94310e+01    3.93222e+01    3.92027e+01    3.90977e+01    3.90083e+01    3.89331e+01    3.88726e+01    3.88079e+01    3.87508e+01    3.86891e+01    3.86212e+01    3.85567e+01    3.85087e+01    3.84358e+01    3.83959e+01    3.83507e+01    3.79323e+01    3.76072e+01    3.72929e+01    3.70323e+01    3.68271e+01    3.67909e+01    3.66195e+01    3.65224e+01    
1.02220e+03    3.96782e+01    3.97607e+01    3.97606e+01    3.95622e+01    3.94232e+01    3.93200e+01    3.92097e+01    3.91127e+01    3.90272e+01    3.89489e+01    3.88823e+01    3.88125e+01    3.87518e+01    3.86889e+01    3.86214e+01    3.85571e+01    3.85093e+01    3.84363e+01    3.83963e+01    3.83504e+01    3.79089e+01    3.75620e+01    3.72245e+01    3.69434e+01    3.67649e+01    3.67787e+01    3.66277e+01    3.65211e+01    
1.02240e+03    3.96597e+01    3.97407e+01    3.97293e+01    3.95243e+01    3.93909e+01    3.92918e+01    3.91797e+01    3.90824e+01    3.89972e+01    3.89195e+01    3.88534e+01    3.87839e+01    3.87229e+01    3.86586e+01    3.85890e+01    3.85228e+01    3.84734e+01    3.83988e+01    3.83576e+01    3.83113e+01    3.78931e+01    3.75585e+01    3.72289e+01    3.69549e+01    3.67662e+01    3.67625e+01    3.66056e+01    3.65049e+01    
1.02260e+03    3.96385e+01    3.97171e+01    3.96986e+01    3.94918e+01    3.93596e+01    3.92628e+01    3.91497e+01    3.90491e+01    3.89625e+01    3.88870e+01    3.88242e+01    3.87571e+01    3.86970e+01    3.86315e+01    3.85587e+01    3.84894e+01    3.84374e+01    3.83600e+01    3.83167e+01    3.82692e+01    3.78750e+01    3.75511e+01    3.72261e+01    3.69519e+01    3.67172e+01    3.66556e+01    3.65066e+01    3.64698e+01    
1.02280e+03    3.96172e+01    3.96927e+01    3.96816e+01    3.94808e+01    3.93474e+01    3.92521e+01    3.91461e+01    3.90439e+01    3.89562e+01    3.88815e+01    3.88199e+01    3.87537e+01    3.86936e+01    3.86269e+01    3.85519e+01    3.84804e+01    3.84263e+01    3.83465e+01    3.83013e+01    3.82523e+01    3.78605e+01    3.75533e+01    3.72524e+01    3.70032e+01    3.67804e+01    3.67084e+01    3.65438e+01    3.64933e+01    
1.02300e+03    3.96030e+01    3.96772e+01    3.96785e+01    3.94853e+01    3.93564e+01    3.92656e+01    3.91643e+01    3.90644e+01    3.89767e+01    3.88984e+01    3.88326e+01    3.87629e+01    3.87008e+01    3.86341e+01    3.85607e+01    3.84907e+01    3.84380e+01    3.83597e+01    3.83156e+01    3.82670e+01    3.78592e+01    3.75583e+01    3.72730e+01    3.70388e+01    3.68264e+01    3.67533e+01    3.65597e+01    3.64667e+01    
1.02320e+03    3.95920e+01    3.96741e+01    3.96586e+01    3.94632e+01    3.93400e+01    3.92495e+01    3.91560e+01    3.90490e+01    3.89553e+01    3.88754e+01    3.88102e+01    3.87410e+01    3.86785e+01    3.86103e+01    3.85344e+01    3.84619e+01    3.84071e+01    3.83262e+01    3.82801e+01    3.82302e+01    3.78328e+01    3.75085e+01    3.71839e+01    3.69145e+01    3.67184e+01    3.67013e+01    3.65439e+01    3.64572e+01    
1.02340e+03    3.95793e+01    3.96679e+01    3.96417e+01    3.94484e+01    3.93331e+01    3.92412e+01    3.91515e+01    3.90415e+01    3.89444e+01    3.88616e+01    3.87945e+01    3.87232e+01    3.86585e+01    3.85877e+01    3.85087e+01    3.84331e+01    3.83754e+01    3.82914e+01    3.82429e+01    3.81914e+01    3.78138e+01    3.74845e+01    3.71420e+01    3.68535e+01    3.66574e+01    3.66582e+01    3.65124e+01    3.64316e+01    
1.02360e+03    3.95627e+01    3.96612e+01    3.96155e+01    3.94173e+01    3.93072e+01    3.92160e+01    3.91303e+01    3.90143e+01    3.89129e+01    3.88310e+01    3.87671e+01    3.86983e+01    3.86347e+01    3.85627e+01    3.84806e+01    3.84020e+01    3.83417e+01    3.82549e+01    3.82043e+01    3.81521e+01    3.78137e+01    3.74927e+01    3.71473e+01    3.68534e+01    3.66427e+01    3.66318e+01    3.64814e+01    3.64043e+01    
1.02380e+03    3.95340e+01    3.96287e+01    3.95451e+01    3.93425e+01    3.92446e+01    3.91583e+01    3.90767e+01    3.89499e+01    3.88408e+01    3.87603e+01    3.87021e+01    3.86383e+01    3.85780e+01    3.85073e+01    3.84250e+01    3.83463e+01    3.82865e+01    3.82002e+01    3.81502e+01    3.80999e+01    3.78028e+01    3.74921e+01    3.71494e+01    3.68581e+01    3.66425e+01    3.66231e+01    3.64703e+01    3.63972e+01    
1.02400e+03    3.95013e+01    3.95896e+01    3.94571e+01    3.92357e+01    3.91565e+01    3.90853e+01    3.90045e+01    3.88698e+01    3.87540e+01    3.86720e+01    3.86162e+01    3.85548e+01    3.84974e+01    3.84301e+01    3.83525e+01    3.82789e+01    3.82248e+01    3.81445e+01    3.80994e+01    3.80544e+01    3.77855e+01    3.74749e+01    3.71244e+01    3.68208e+01    3.65758e+01    3.65322e+01    3.63856e+01    3.63463e+01    
1.02420e+03    3.94609e+01    3.95314e+01    3.93614e+01    3.91191e+01    3.90597e+01    3.90152e+01    3.89333e+01    3.87856e+01    3.86601e+01    3.85803e+01    3.85330e+01    3.84789e+01    3.84280e+01    3.83660e+01    3.82939e+01    3.82258e+01    3.81776e+01    3.81033e+01    3.80630e+01    3.80229e+01    3.77715e+01    3.74344e+01    3.70278e+01    3.66422e+01    3.63462e+01    3.63479e+01    3.62544e+01    3.62610e+01    
1.02440e+03    3.94273e+01    3.94706e+01    3.93164e+01    3.90777e+01    3.90202e+01    3.89917e+01    3.89202e+01    3.87812e+01    3.86599e+01    3.85734e+01    3.85158e+01    3.84537e+01    3.83977e+01    3.83347e+01    3.82649e+01    3.81993e+01    3.81538e+01    3.80825e+01    3.80446e+01    3.80074e+01    3.77817e+01    3.74817e+01    3.71395e+01    3.68493e+01    3.66402e+01    3.66266e+01    3.64620e+01    3.63664e+01    
1.02460e+03    3.94012e+01    3.94398e+01    3.92598e+01    3.90123e+01    3.89539e+01    3.89330e+01    3.88644e+01    3.87287e+01    3.86111e+01    3.85281e+01    3.84728e+01    3.84128e+01    3.83584e+01    3.82966e+01    3.82278e+01    3.81634e+01    3.81196e+01    3.80501e+01    3.80138e+01    3.79791e+01    3.77822e+01    3.74883e+01    3.71484e+01    3.68582e+01    3.66289e+01    3.65898e+01    3.64193e+01    3.63396e+01    
1.02480e+03    3.93627e+01    3.93747e+01    3.91440e+01    3.89029e+01    3.88383e+01    3.88272e+01    3.87539e+01    3.86257e+01    3.85177e+01    3.84432e+01    3.83934e+01    3.83381e+01    3.82875e+01    3.82280e+01    3.81613e+01    3.80993e+01    3.80587e+01    3.79925e+01    3.79590e+01    3.79287e+01    3.77777e+01    3.74823e+01    3.71287e+01    3.68227e+01    3.65917e+01    3.65685e+01    3.64147e+01    3.63473e+01    
1.02500e+03    3.93283e+01    3.93250e+01    3.90332e+01    3.88036e+01    3.87158e+01    3.86918e+01    3.86291e+01    3.85117e+01    3.84155e+01    3.83518e+01    3.83092e+01    3.82601e+01    3.82142e+01    3.81580e+01    3.80940e+01    3.80351e+01    3.79985e+01    3.79361e+01    3.79057e+01    3.78798e+01    3.77670e+01    3.75001e+01    3.71849e+01    3.69160e+01    3.66455e+01    3.65147e+01    3.62997e+01    3.62569e+01    
1.02520e+03    3.92927e+01    3.92639e+01    3.89343e+01    3.87081e+01    3.86114e+01    3.85763e+01    3.85070e+01    3.84133e+01    3.83366e+01    3.82773e+01    3.82307e+01    3.81786e+01    3.81310e+01    3.80743e+01    3.80113e+01    3.79538e+01    3.79204e+01    3.78605e+01    3.78322e+01    3.78111e+01    3.77465e+01    3.74547e+01    3.70890e+01    3.67694e+01    3.65477e+01    3.65496e+01    3.64070e+01    3.63373e+01    
1.02540e+03    3.92631e+01    3.92296e+01    3.89021e+01    3.86676e+01    3.85718e+01    3.85295e+01    3.84203e+01    3.83417e+01    3.82761e+01    3.82149e+01    3.81611e+01    3.81040e+01    3.80538e+01    3.79975e+01    3.79382e+01    3.78848e+01    3.78567e+01    3.78020e+01    3.77780e+01    3.77633e+01    3.77455e+01    3.74547e+01    3.70814e+01    3.67455e+01    3.64663e+01    3.64172e+01    3.62809e+01    3.62674e+01    
1.02560e+03    3.92350e+01    3.92115e+01    3.88734e+01    3.86358e+01    3.85462e+01    3.85049e+01    3.83819e+01    3.83013e+01    3.82387e+01    3.81861e+01    3.81414e+01    3.80918e+01    3.80467e+01    3.79928e+01    3.79343e+01    3.78815e+01    3.78541e+01    3.78000e+01    3.77764e+01    3.77621e+01    3.77447e+01    3.74584e+01    3.70934e+01    3.67671e+01    3.64775e+01    3.63993e+01    3.62580e+01    3.62620e+01    
1.02580e+03    3.92031e+01    3.91717e+01    3.88578e+01    3.86665e+01    3.85733e+01    3.85300e+01    3.84059e+01    3.83301e+01    3.82720e+01    3.82226e+01    3.81797e+01    3.81310e+01    3.80863e+01    3.80320e+01    3.79721e+01    3.79176e+01    3.78877e+01    3.78313e+01    3.78058e+01    3.77884e+01    3.77466e+01    3.74456e+01    3.70580e+01    3.67080e+01    3.64798e+01    3.65077e+01    3.63856e+01    3.63295e+01    
1.02600e+03    3.91919e+01    3.91912e+01    3.89283e+01    3.87520e+01    3.86829e+01    3.86334e+01    3.84896e+01    3.83870e+01    3.83151e+01    3.82725e+01    3.82424e+01    3.82023e+01    3.81611e+01    3.81038e+01    3.80350e+01    3.79717e+01    3.79326e+01    3.78672e+01    3.78349e+01    3.78105e+01    3.77457e+01    3.74441e+01    3.70584e+01    3.67080e+01    3.64514e+01    3.64495e+01    3.63268e+01    3.62939e+01    
1.02620e+03    3.92085e+01    3.92389e+01    3.90529e+01    3.88702e+01    3.87984e+01    3.87364e+01    3.86151e+01    3.85009e+01    3.84142e+01    3.83596e+01    3.83225e+01    3.82769e+01    3.82320e+01    3.81731e+01    3.81035e+01    3.80388e+01    3.79969e+01    3.79287e+01    3.78938e+01    3.78642e+01    3.77447e+01    3.74424e+01    3.70665e+01    3.67233e+01    3.64040e+01    3.63053e+01    3.61726e+01    3.62091e+01    
1.02640e+03    3.92247e+01    3.92800e+01    3.91457e+01    3.89612e+01    3.88642e+01    3.87823e+01    3.86778e+01    3.85470e+01    3.84471e+01    3.83930e+01    3.83623e+01    3.83208e+01    3.82776e+01    3.82171e+01    3.81429e+01    3.80735e+01    3.80265e+01    3.79529e+01    3.79139e+01    3.78797e+01    3.77408e+01    3.74492e+01    3.70975e+01    3.67909e+01    3.65309e+01    3.64694e+01    3.63184e+01    3.62932e+01    
1.02660e+03    3.92496e+01    3.93401e+01    3.92610e+01    3.90718e+01    3.89513e+01    3.88481e+01    3.87422e+01    3.86112e+01    3.85106e+01    3.84553e+01    3.84232e+01    3.83801e+01    3.83346e+01    3.82707e+01    3.81913e+01    3.81166e+01    3.80637e+01    3.79845e+01    3.79410e+01    3.79027e+01    3.77576e+01    3.74576e+01    3.70912e+01    3.67670e+01    3.65137e+01    3.64836e+01    3.63424e+01    3.63036e+01    
1.02680e+03    3.92716e+01    3.93925e+01    3.93379e+01    3.91407e+01    3.90040e+01    3.88870e+01    3.88087e+01    3.86820e+01    3.85827e+01    3.85268e+01    3.84930e+01    3.84484e+01    3.84014e+01    3.83357e+01    3.82539e+01    3.81763e+01    3.81197e+01    3.80365e+01    3.79897e+01    3.79467e+01    3.77639e+01    3.74522e+01    3.70726e+01    3.67313e+01    3.64808e+01    3.64748e+01    3.63396e+01    3.62919e+01    
1.02700e+03    3.92849e+01    3.94175e+01    3.93928e+01    3.91980e+01    3.90703e+01    3.89591e+01    3.88774e+01    3.87597e+01    3.86657e+01    3.86058e+01    3.85649e+01    3.85149e+01    3.84646e+01    3.83985e+01    3.83177e+01    3.82409e+01    3.81840e+01    3.81005e+01    3.80530e+01    3.80068e+01    3.77622e+01    3.74454e+01    3.70741e+01    3.67403e+01    3.64546e+01    3.63928e+01    3.62488e+01    3.62385e+01    
1.02720e+03    3.93039e+01    3.94481e+01    3.94414e+01    3.92390e+01    3.91025e+01    3.89951e+01    3.89247e+01    3.88129e+01    3.87208e+01    3.86566e+01    3.86093e+01    3.85539e+01    3.84988e+01    3.84282e+01    3.83426e+01    3.82607e+01    3.81986e+01    3.81093e+01    3.80571e+01    3.80067e+01    3.77600e+01    3.74474e+01    3.70830e+01    3.67596e+01    3.64881e+01    3.64320e+01    3.62862e+01    3.62659e+01    
1.02740e+03    3.93195e+01    3.94707e+01    3.94780e+01    3.92696e+01    3.91294e+01    3.90304e+01    3.89659e+01    3.88664e+01    3.87813e+01    3.87135e+01    3.86584e+01    3.85966e+01    3.85369e+01    3.84641e+01    3.83777e+01    3.82948e+01    3.82313e+01    3.81407e+01    3.80873e+01    3.80350e+01    3.77713e+01    3.74638e+01    3.71139e+01    3.68114e+01    3.65695e+01    3.65281e+01    3.63770e+01    3.63307e+01    
1.02760e+03    3.93237e+01    3.94681e+01    3.94828e+01    3.92821e+01    3.91490e+01    3.90610e+01    3.89907e+01    3.88966e+01    3.88168e+01    3.87520e+01    3.86985e+01    3.86386e+01    3.85818e+01    3.85137e+01    3.84338e+01    3.83575e+01    3.82999e+01    3.82157e+01    3.81673e+01    3.81173e+01    3.77896e+01    3.74558e+01    3.70839e+01    3.67562e+01    3.65320e+01    3.65406e+01    3.64120e+01    3.63575e+01    
1.02780e+03    3.93223e+01    3.94682e+01    3.94554e+01    3.92388e+01    3.91120e+01    3.90435e+01    3.89762e+01    3.88815e+01    3.88026e+01    3.87415e+01    3.86921e+01    3.86353e+01    3.85806e+01    3.85131e+01    3.84329e+01    3.83563e+01    3.82983e+01    3.82139e+01    3.81652e+01    3.81154e+01    3.77948e+01    3.74637e+01    3.70928e+01    3.67609e+01    3.64888e+01    3.64441e+01    3.63072e+01    3.62874e+01    
1.02800e+03    3.93175e+01    3.94632e+01    3.94220e+01    3.91941e+01    3.90654e+01    3.90024e+01    3.89431e+01    3.88431e+01    3.87618e+01    3.87046e+01    3.86606e+01    3.86078e+01    3.85549e+01    3.84861e+01    3.84021e+01    3.83216e+01    3.82603e+01    3.81721e+01    3.81207e+01    3.80695e+01    3.77848e+01    3.74585e+01    3.70818e+01    3.67433e+01    3.64826e+01    3.64609e+01    3.63274e+01    3.62938e+01    
1.02820e+03    3.93456e+01    3.94963e+01    3.94712e+01    3.92403e+01    3.91129e+01    3.90546e+01    3.89837e+01    3.88912e+01    3.88129e+01    3.87492e+01    3.86960e+01    3.86360e+01    3.85784e+01    3.85084e+01    3.84255e+01    3.83461e+01    3.82855e+01    3.81983e+01    3.81475e+01    3.80964e+01    3.77933e+01    3.74498e+01    3.70455e+01    3.66643e+01    3.63781e+01    3.63841e+01    3.62807e+01    3.62707e+01    
1.02840e+03    3.93732e+01    3.95211e+01    3.95136e+01    3.92906e+01    3.91620e+01    3.91024e+01    3.90105e+01    3.89196e+01    3.88431e+01    3.87788e+01    3.87241e+01    3.86632e+01    3.86054e+01    3.85363e+01    3.84553e+01    3.83779e+01    3.83190e+01    3.82336e+01    3.81843e+01    3.81336e+01    3.78066e+01    3.74634e+01    3.70711e+01    3.67093e+01    3.64354e+01    3.64290e+01    3.63119e+01    3.62902e+01    
1.02860e+03    3.93917e+01    3.95411e+01    3.95273e+01    3.93016e+01    3.91821e+01    3.91255e+01    3.90379e+01    3.89558e+01    3.88831e+01    3.88142e+01    3.87523e+01    3.86859e+01    3.86253e+01    3.85577e+01    3.84815e+01    3.84088e+01    3.83542e+01    3.82735e+01    3.82278e+01    3.81793e+01    3.78201e+01    3.74707e+01    3.70832e+01    3.67315e+01    3.64875e+01    3.65016e+01    3.63808e+01    3.63354e+01    
1.02880e+03    3.94039e+01    3.95583e+01    3.95095e+01    3.92811e+01    3.91825e+01    3.91335e+01    3.90475e+01    3.89568e+01    3.88800e+01    3.88156e+01    3.87621e+01    3.87032e+01    3.86499e+01    3.85894e+01    3.85209e+01    3.84558e+01    3.84080e+01    3.83346e+01    3.82944e+01    3.82496e+01    3.78508e+01    3.75013e+01    3.71352e+01    3.68101e+01    3.65468e+01    3.65051e+01    3.63583e+01    3.63190e+01    
1.02900e+03    3.94318e+01    3.95853e+01    3.95685e+01    3.93526e+01    3.92458e+01    3.91900e+01    3.91004e+01    3.90151e+01    3.89395e+01    3.88691e+01    3.88076e+01    3.87422e+01    3.86848e+01    3.86233e+01    3.85561e+01    3.84922e+01    3.84453e+01    3.83729e+01    3.83333e+01    3.82886e+01    3.78700e+01    3.75249e+01    3.71769e+01    3.68730e+01    3.66025e+01    3.65222e+01    3.63509e+01    3.63115e+01    
1.02920e+03    3.94484e+01    3.96110e+01    3.95902e+01    3.93722e+01    3.92721e+01    3.92100e+01    3.91055e+01    3.90202e+01    3.89450e+01    3.88732e+01    3.88095e+01    3.87420e+01    3.86822e+01    3.86181e+01    3.85478e+01    3.84809e+01    3.84311e+01    3.83559e+01    3.83143e+01    3.82680e+01    3.78622e+01    3.75228e+01    3.71775e+01    3.68790e+01    3.66296e+01    3.65735e+01    3.64033e+01    3.63398e+01    
1.02940e+03    3.94463e+01    3.96088e+01    3.95782e+01    3.93671e+01    3.92710e+01    3.91963e+01    3.90826e+01    3.89943e+01    3.89172e+01    3.88448e+01    3.87810e+01    3.87132e+01    3.86527e+01    3.85870e+01    3.85146e+01    3.84457e+01    3.83945e+01    3.83177e+01    3.82749e+01    3.82285e+01    3.78550e+01    3.75271e+01    3.71858e+01    3.68893e+01    3.66171e+01    3.65236e+01    3.63421e+01    3.63021e+01    
1.02960e+03    3.94450e+01    3.96035e+01    3.95690e+01    3.93687e+01    3.92804e+01    3.91948e+01    3.90824e+01    3.89965e+01    3.89190e+01    3.88418e+01    3.87720e+01    3.86993e+01    3.86353e+01    3.85686e+01    3.84969e+01    3.84288e+01    3.83784e+01    3.83028e+01    3.82609e+01    3.82158e+01    3.78593e+01    3.75505e+01    3.72337e+01    3.69630e+01    3.66898e+01    3.65579e+01    3.63496e+01    3.63120e+01    
1.02980e+03    3.94371e+01    3.95915e+01    3.95529e+01    3.93563e+01    3.92715e+01    3.91822e+01    3.90641e+01    3.89776e+01    3.89000e+01    3.88227e+01    3.87533e+01    3.86812e+01    3.86189e+01    3.85551e+01    3.84877e+01    3.84240e+01    3.83777e+01    3.83064e+01    3.82679e+01    3.82258e+01    3.78734e+01    3.75642e+01    3.72471e+01    3.69785e+01    3.67291e+01    3.66362e+01    3.64373e+01    3.63646e+01    
1.03000e+03    3.94354e+01    3.95868e+01    3.95436e+01    3.93492e+01    3.92717e+01    3.91834e+01    3.90634e+01    3.89780e+01    3.89016e+01    3.88254e+01    3.87574e+01    3.86872e+01    3.86277e+01    3.85683e+01    3.85067e+01    3.84484e+01    3.84070e+01    3.83407e+01    3.83059e+01    3.82665e+01    3.78971e+01    3.75862e+01    3.72737e+01    3.70070e+01    3.67324e+01    3.65924e+01    3.63738e+01    3.63292e+01    
1.03020e+03    3.94340e+01    3.95808e+01    3.95302e+01    3.93301e+01    3.92627e+01    3.91820e+01    3.90630e+01    3.89732e+01    3.88936e+01    3.88165e+01    3.87490e+01    3.86792e+01    3.86199e+01    3.85606e+01    3.84991e+01    3.84408e+01    3.83994e+01    3.83332e+01    3.82984e+01    3.82590e+01    3.78908e+01    3.75793e+01    3.72663e+01    3.70017e+01    3.67512e+01    3.66517e+01    3.64533e+01    3.63868e+01    
1.03040e+03    3.94289e+01    3.95629e+01    3.94930e+01    3.92915e+01    3.92341e+01    3.91526e+01    3.90313e+01    3.89418e+01    3.88631e+01    3.87875e+01    3.87212e+01    3.86523e+01    3.85935e+01    3.85339e+01    3.84714e+01    3.84123e+01    3.83704e+01    3.83035e+01    3.82684e+01    3.82291e+01    3.78761e+01    3.75699e+01    3.72587e+01    3.69942e+01    3.67272e+01    3.65990e+01    3.63965e+01    3.63590e+01    
1.03060e+03    3.94284e+01    3.95456e+01    3.94802e+01    3.92925e+01    3.92365e+01    3.91446e+01    3.90174e+01    3.89212e+01    3.88379e+01    3.87608e+01    3.86950e+01    3.86263e+01    3.85670e+01    3.85059e+01    3.84412e+01    3.83800e+01    3.83364e+01    3.82676e+01    3.82310e+01    3.81907e+01    3.78450e+01    3.75331e+01    3.72100e+01    3.69352e+01    3.66804e+01    3.65870e+01    3.64096e+01    3.63697e+01    
1.03080e+03    3.94350e+01    3.95379e+01    3.94714e+01    3.92854e+01    3.92281e+01    3.91381e+01    3.90172e+01    3.89154e+01    3.88268e+01    3.87462e+01    3.86781e+01    3.86069e+01    3.85441e+01    3.84782e+01    3.84071e+01    3.83398e+01    3.82910e+01    3.82163e+01    3.81753e+01    3.81317e+01    3.78015e+01    3.74919e+01    3.71663e+01    3.68926e+01    3.66695e+01    3.66218e+01    3.64571e+01    3.63911e+01    
1.03100e+03    3.94568e+01    3.95735e+01    3.94896e+01    3.92810e+01    3.91999e+01    3.91092e+01    3.90112e+01    3.89103e+01    3.88210e+01    3.87406e+01    3.86731e+01    3.86027e+01    3.85410e+01    3.84767e+01    3.84077e+01    3.83424e+01    3.82953e+01    3.82222e+01    3.81823e+01    3.81390e+01    3.77866e+01    3.74816e+01    3.71711e+01    3.69106e+01    3.66691e+01    3.65787e+01    3.63981e+01    3.63524e+01    
1.03120e+03    3.94843e+01    3.95974e+01    3.95554e+01    3.93635e+01    3.92703e+01    3.91737e+01    3.90581e+01    3.89670e+01    3.88844e+01    3.88021e+01    3.87286e+01    3.86527e+01    3.85873e+01    3.85218e+01    3.84532e+01    3.83880e+01    3.83405e+01    3.82666e+01    3.82258e+01    3.81799e+01    3.77609e+01    3.74577e+01    3.71752e+01    3.69421e+01    3.67138e+01    3.66136e+01    3.64213e+01    3.63679e+01    
1.03140e+03    3.95159e+01    3.96453e+01    3.96125e+01    3.94207e+01    3.93074e+01    3.92020e+01    3.90879e+01    3.90055e+01    3.89299e+01    3.88516e+01    3.87802e+01    3.87066e+01    3.86441e+01    3.85825e+01    3.85187e+01    3.84582e+01    3.84145e+01    3.83451e+01    3.83077e+01    3.82642e+01    3.78292e+01    3.75248e+01    3.72481e+01    3.70193e+01    3.67889e+01    3.66806e+01    3.64729e+01    3.64017e+01    
1.03160e+03    3.95320e+01    3.96656e+01    3.96240e+01    3.94337e+01    3.93083e+01    3.91991e+01    3.90842e+01    3.90032e+01    3.89311e+01    3.88595e+01    3.87954e+01    3.87286e+01    3.86721e+01    3.86152e+01    3.85556e+01    3.84990e+01    3.84585e+01    3.83929e+01    3.83584e+01    3.83175e+01    3.78871e+01    3.75874e+01    3.73165e+01    3.70945e+01    3.68842e+01    3.68021e+01    3.65971e+01    3.64934e+01    
1.03180e+03    3.95432e+01    3.96802e+01    3.96462e+01    3.94545e+01    3.93120e+01    3.91938e+01    3.90717e+01    3.89856e+01    3.89127e+01    3.88464e+01    3.87895e+01    3.87285e+01    3.86758e+01    3.86196e+01    3.85585e+01    3.85006e+01    3.84590e+01    3.83924e+01    3.83572e+01    3.83159e+01    3.78983e+01    3.76106e+01    3.73499e+01    3.71365e+01    3.69301e+01    3.68456e+01    3.66359e+01    3.65247e+01    
1.03200e+03    3.95559e+01    3.96951e+01    3.96801e+01    3.94841e+01    3.93277e+01    3.91998e+01    3.90680e+01    3.89788e+01    3.89049e+01    3.88399e+01    3.87842e+01    3.87235e+01    3.86687e+01    3.86069e+01    3.85373e+01    3.84714e+01    3.84226e+01    3.83488e+01    3.83084e+01    3.82638e+01    3.78905e+01    3.76190e+01    3.73612e+01    3.71484e+01    3.69283e+01    3.68208e+01    3.66014e+01    3.65029e+01    
1.03220e+03    3.95788e+01    3.97331e+01    3.97119e+01    3.95121e+01    3.93483e+01    3.92039e+01    3.90835e+01    3.89966e+01    3.89250e+01    3.88636e+01    3.88119e+01    3.87549e+01    3.87044e+01    3.86478e+01    3.85845e+01    3.85244e+01    3.84807e+01    3.84124e+01    3.83760e+01    3.83341e+01    3.79325e+01    3.76548e+01    3.73999e+01    3.71891e+01    3.69680e+01    3.68569e+01    3.66321e+01    3.65276e+01    
1.03240e+03    3.96099e+01    3.97646e+01    3.97623e+01    3.95719e+01    3.94064e+01    3.92639e+01    3.91432e+01    3.90651e+01    3.89981e+01    3.89344e+01    3.88781e+01    3.88179e+01    3.87667e+01    3.87129e+01    3.86551e+01    3.86001e+01    3.85605e+01    3.84966e+01    3.84634e+01    3.84234e+01    3.79909e+01    3.77035e+01    3.74488e+01    3.72382e+01    3.70185e+01    3.69100e+01    3.66878e+01    3.65816e+01    
1.03260e+03    3.96236e+01    3.97773e+01    3.97656e+01    3.95710e+01    3.94043e+01    3.92668e+01    3.91465e+01    3.90655e+01    3.89973e+01    3.89350e+01    3.88811e+01    3.88229e+01    3.87729e+01    3.87192e+01    3.86609e+01    3.86054e+01    3.85655e+01    3.85014e+01    3.84680e+01    3.84281e+01    3.80051e+01    3.77273e+01    3.74803e+01    3.72749e+01    3.70493e+01    3.69252e+01    3.66951e+01    3.65952e+01    
1.03280e+03    3.96179e+01    3.97661e+01    3.97281e+01    3.95216e+01    3.93547e+01    3.92154e+01    3.90976e+01    3.90117e+01    3.89404e+01    3.88786e+01    3.88263e+01    3.87691e+01    3.87184e+01    3.86620e+01    3.85992e+01    3.85397e+01    3.84965e+01    3.84290e+01    3.83933e+01    3.83523e+01    3.79647e+01    3.77054e+01    3.74674e+01    3.72690e+01    3.70461e+01    3.69189e+01    3.66876e+01    3.65902e+01    
1.03300e+03    3.96092e+01    3.97544e+01    3.96914e+01    3.94744e+01    3.93160e+01    3.91681e+01    3.90402e+01    3.89460e+01    3.88695e+01    3.88069e+01    3.87557e+01    3.86989e+01    3.86476e+01    3.85888e+01    3.85222e+01    3.84592e+01    3.84132e+01    3.83425e+01    3.83043e+01    3.82619e+01    3.78954e+01    3.76367e+01    3.73927e+01    3.71898e+01    3.69638e+01    3.68357e+01    3.66110e+01    3.65289e+01    
1.03320e+03    3.96157e+01    3.97572e+01    3.97068e+01    3.94908e+01    3.93323e+01    3.91783e+01    3.90455e+01    3.89470e+01    3.88646e+01    3.87940e+01    3.87355e+01    3.86726e+01    3.86166e+01    3.85550e+01    3.84867e+01    3.84220e+01    3.83747e+01    3.83021e+01    3.82625e+01    3.82188e+01    3.78464e+01    3.75622e+01    3.72883e+01    3.70620e+01    3.68347e+01    3.67297e+01    3.65303e+01    3.64640e+01    
1.03340e+03    3.96331e+01    3.97700e+01    3.97319e+01    3.95187e+01    3.93668e+01    3.92216e+01    3.90921e+01    3.89924e+01    3.89053e+01    3.88249e+01    3.87564e+01    3.86851e+01    3.86230e+01    3.85591e+01    3.84910e+01    3.84264e+01    3.83794e+01    3.83069e+01    3.82674e+01    3.82237e+01    3.78480e+01    3.75591e+01    3.72804e+01    3.70519e+01    3.68377e+01    3.67569e+01    3.65725e+01    3.65010e+01    
1.03360e+03    3.96458e+01    3.97817e+01    3.97354e+01    3.95105e+01    3.93573e+01    3.92238e+01    3.90963e+01    3.89908e+01    3.88991e+01    3.88174e+01    3.87493e+01    3.86782e+01    3.86158e+01    3.85507e+01    3.84807e+01    3.84143e+01    3.83655e+01    3.82911e+01    3.82501e+01    3.82050e+01    3.78269e+01    3.75613e+01    3.73120e+01    3.71046e+01    3.68734e+01    3.67398e+01    3.65196e+01    3.64564e+01    
1.03380e+03    3.96558e+01    3.97931e+01    3.97277e+01    3.94913e+01    3.93424e+01    3.92157e+01    3.90865e+01    3.89832e+01    3.88941e+01    3.88148e+01    3.87488e+01    3.86797e+01    3.86194e+01    3.85564e+01    3.84887e+01    3.84246e+01    3.83779e+01    3.83058e+01    3.82665e+01    3.82228e+01    3.78439e+01    3.75873e+01    3.73491e+01    3.71501e+01    3.69203e+01    3.67802e+01    3.65515e+01    3.64821e+01    
1.03400e+03    3.96676e+01    3.98030e+01    3.97366e+01    3.94991e+01    3.93601e+01    3.92431e+01    3.91136e+01    3.90121e+01    3.89239e+01    3.88439e+01    3.87767e+01    3.87069e+01    3.86469e+01    3.85859e+01    3.85215e+01    3.84606e+01    3.84165e+01    3.83474e+01    3.83104e+01    3.82683e+01    3.78779e+01    3.76152e+01    3.73740e+01    3.71725e+01    3.69415e+01    3.68020e+01    3.65759e+01    3.65078e+01    
1.03420e+03    3.96764e+01    3.98048e+01    3.97427e+01    3.95082e+01    3.93748e+01    3.92649e+01    3.91305e+01    3.90298e+01    3.89429e+01    3.88642e+01    3.87980e+01    3.87289e+01    3.86694e+01    3.86083e+01    3.85435e+01    3.84821e+01    3.84375e+01    3.83678e+01    3.83304e+01    3.82876e+01    3.78869e+01    3.76229e+01    3.73833e+01    3.71831e+01    3.69532e+01    3.68144e+01    3.65797e+01    3.64977e+01    
1.03440e+03    3.96770e+01    3.98022e+01    3.97474e+01    3.95176e+01    3.93846e+01    3.92738e+01    3.91391e+01    3.90393e+01    3.89537e+01    3.88765e+01    3.88117e+01    3.87441e+01    3.86860e+01    3.86263e+01    3.85631e+01    3.85032e+01    3.84598e+01    3.83917e+01    3.83555e+01    3.83140e+01    3.79208e+01    3.76590e+01    3.74195e+01    3.72186e+01    3.69824e+01    3.68323e+01    3.65928e+01    3.65176e+01    
1.03460e+03    3.96737e+01    3.97928e+01    3.97482e+01    3.95258e+01    3.93928e+01    3.92785e+01    3.91417e+01    3.90453e+01    3.89625e+01    3.88864e+01    3.88218e+01    3.87547e+01    3.86979e+01    3.86405e+01    3.85804e+01    3.85235e+01    3.84826e+01    3.84173e+01    3.83830e+01    3.83429e+01    3.79390e+01    3.76745e+01    3.74364e+01    3.72375e+01    3.70104e+01    3.68759e+01    3.66462e+01    3.65630e+01    
1.03480e+03    3.96633e+01    3.97663e+01    3.97315e+01    3.95201e+01    3.93858e+01    3.92699e+01    3.91370e+01    3.90365e+01    3.89512e+01    3.88768e+01    3.88161e+01    3.87523e+01    3.86987e+01    3.86442e+01    3.85869e+01    3.85325e+01    3.84939e+01    3.84305e+01    3.83977e+01    3.83584e+01    3.79379e+01    3.76612e+01    3.74149e+01    3.72094e+01    3.69771e+01    3.68401e+01    3.66127e+01    3.65376e+01    
1.03500e+03    3.96567e+01    3.97548e+01    3.97039e+01    3.94885e+01    3.93469e+01    3.92161e+01    3.90922e+01    3.89887e+01    3.89024e+01    3.88315e+01    3.87759e+01    3.87164e+01    3.86658e+01    3.86126e+01    3.85555e+01    3.85011e+01    3.84627e+01    3.83991e+01    3.83661e+01    3.83264e+01    3.78940e+01    3.75996e+01    3.73368e+01    3.71198e+01    3.68950e+01    3.67846e+01    3.65835e+01    3.65175e+01    
1.03520e+03    3.96484e+01    3.97321e+01    3.96826e+01    3.94712e+01    3.93302e+01    3.91847e+01    3.90519e+01    3.89432e+01    3.88531e+01    3.87806e+01    3.87240e+01    3.86630e+01    3.86095e+01    3.85513e+01    3.84872e+01    3.84263e+01    3.83825e+01    3.83127e+01    3.82751e+01    3.82315e+01    3.78023e+01    3.75172e+01    3.72629e+01    3.70519e+01    3.68178e+01    3.66831e+01    3.64766e+01    3.64363e+01    
1.03540e+03    3.96457e+01    3.97186e+01    3.96627e+01    3.94576e+01    3.93031e+01    3.91345e+01    3.89962e+01    3.88800e+01    3.87852e+01    3.87131e+01    3.86596e+01    3.86013e+01    3.85500e+01    3.84933e+01    3.84303e+01    3.83705e+01    3.83280e+01    3.82590e+01    3.82219e+01    3.81786e+01    3.77435e+01    3.74548e+01    3.71989e+01    3.69877e+01    3.67588e+01    3.66337e+01    3.64379e+01    3.64042e+01    
1.03560e+03    3.96465e+01    3.97079e+01    3.96514e+01    3.94532e+01    3.92931e+01    3.91115e+01    3.89701e+01    3.88399e+01    3.87329e+01    3.86556e+01    3.86014e+01    3.85417e+01    3.84874e+01    3.84255e+01    3.83550e+01    3.82877e+01    3.82391e+01    3.81621e+01    3.81186e+01    3.80692e+01    3.76010e+01    3.73011e+01    3.70435e+01    3.68342e+01    3.66243e+01    3.65287e+01    3.63633e+01    3.63461e+01    
1.03580e+03    3.96380e+01    3.96913e+01    3.95996e+01    3.93869e+01    3.92290e+01    3.90528e+01    3.89530e+01    3.88157e+01    3.86985e+01    3.86148e+01    3.85579e+01    3.84952e+01    3.84373e+01    3.83706e+01    3.82937e+01    3.82198e+01    3.81657e+01    3.80810e+01    3.80311e+01    3.79751e+01    3.74554e+01    3.71228e+01    3.68456e+01    3.66251e+01    3.64330e+01    3.63734e+01    3.62499e+01    3.62644e+01    
1.03600e+03    3.95853e+01    3.95987e+01    3.93981e+01    3.91378e+01    3.90358e+01    3.89112e+01    3.88320e+01    3.86958e+01    3.85821e+01    3.85067e+01    3.84576e+01    3.84006e+01    3.83456e+01    3.82776e+01    3.81957e+01    3.81167e+01    3.80588e+01    3.79674e+01    3.79119e+01    3.78498e+01    3.72795e+01    3.69175e+01    3.66293e+01    3.64105e+01    3.62713e+01    3.62732e+01    3.61836e+01    3.62056e+01    
1.03620e+03    3.95147e+01    3.94888e+01    3.91521e+01    3.88900e+01    3.88626e+01    3.87334e+01    3.86043e+01    3.84530e+01    3.83416e+01    3.82921e+01    3.82711e+01    3.82352e+01    3.81940e+01    3.81315e+01    3.80496e+01    3.79704e+01    3.79151e+01    3.78224e+01    3.77656e+01    3.77022e+01    3.71141e+01    3.67018e+01    3.63538e+01    3.60986e+01    3.60387e+01    3.61279e+01    3.61021e+01    3.61605e+01    
1.03640e+03    3.95381e+01    3.95708e+01    3.93441e+01    3.91608e+01    3.90969e+01    3.88828e+01    3.87590e+01    3.85808e+01    3.84312e+01    3.83496e+01    3.83136e+01    3.82674e+01    3.82213e+01    3.81607e+01    3.80859e+01    3.80139e+01    3.79646e+01    3.78797e+01    3.78291e+01    3.77707e+01    3.71409e+01    3.67051e+01    3.63616e+01    3.61185e+01    3.60965e+01    3.62065e+01    3.61658e+01    3.61945e+01    
1.03660e+03    3.96057e+01    3.96544e+01    3.95215e+01    3.93341e+01    3.92135e+01    3.89946e+01    3.88948e+01    3.87194e+01    3.85645e+01    3.84681e+01    3.84172e+01    3.83589e+01    3.83030e+01    3.82350e+01    3.81537e+01    3.80752e+01    3.80185e+01    3.79269e+01    3.78711e+01    3.78081e+01    3.71911e+01    3.67882e+01    3.64763e+01    3.62460e+01    3.61437e+01    3.61873e+01    3.61296e+01    3.61715e+01    
1.03680e+03    3.95940e+01    3.96036e+01    3.93857e+01    3.91432e+01    3.90606e+01    3.89194e+01    3.88141e+01    3.86427e+01    3.84981e+01    3.84169e+01    3.83776e+01    3.83281e+01    3.82776e+01    3.82103e+01    3.81263e+01    3.80450e+01    3.79861e+01    3.78915e+01    3.78332e+01    3.77684e+01    3.71803e+01    3.68101e+01    3.65200e+01    3.62942e+01    3.60959e+01    3.60232e+01    3.59696e+01    3.60884e+01    
1.03700e+03    3.95611e+01    3.96108e+01    3.93957e+01    3.91824e+01    3.91206e+01    3.89397e+01    3.88172e+01    3.86440e+01    3.85007e+01    3.84243e+01    3.83902e+01    3.83451e+01    3.82990e+01    3.82365e+01    3.81583e+01    3.80830e+01    3.80293e+01    3.79414e+01    3.78887e+01    3.78287e+01    3.72260e+01    3.68073e+01    3.64597e+01    3.61955e+01    3.61078e+01    3.61833e+01    3.61432e+01    3.61876e+01    
1.03720e+03    3.96417e+01    3.96993e+01    3.96700e+01    3.94839e+01    3.93218e+01    3.91218e+01    3.90036e+01    3.88481e+01    3.87155e+01    3.86287e+01    3.85767e+01    3.85179e+01    3.84629e+01    3.83978e+01    3.83214e+01    3.82479e+01    3.81937e+01    3.81085e+01    3.80581e+01    3.80001e+01    3.73923e+01    3.69821e+01    3.66506e+01    3.63922e+01    3.62675e+01    3.63120e+01    3.62403e+01    3.62540e+01    
1.03740e+03    3.96787e+01    3.97406e+01    3.97578e+01    3.95713e+01    3.93988e+01    3.92147e+01    3.90968e+01    3.89645e+01    3.88516e+01    3.87672e+01    3.87074e+01    3.86428e+01    3.85849e+01    3.85215e+01    3.84503e+01    3.83820e+01    3.83315e+01    3.82525e+01    3.82072e+01    3.81541e+01    3.75734e+01    3.72017e+01    3.69086e+01    3.66738e+01    3.64836e+01    3.64408e+01    3.63207e+01    3.63207e+01    
1.03760e+03    3.96928e+01    3.97599e+01    3.98002e+01    3.96278e+01    3.94471e+01    3.92556e+01    3.91394e+01    3.90161e+01    3.89111e+01    3.88304e+01    3.87711e+01    3.87074e+01    3.86513e+01    3.85909e+01    3.85240e+01    3.84600e+01    3.84130e+01    3.83389e+01    3.82976e+01    3.82485e+01    3.77049e+01    3.73563e+01    3.70719e+01    3.68366e+01    3.65933e+01    3.64698e+01    3.63180e+01    3.63423e+01    
1.03780e+03    3.96991e+01    3.97702e+01    3.97912e+01    3.96179e+01    3.94408e+01    3.92515e+01    3.91326e+01    3.90024e+01    3.88941e+01    3.88180e+01    3.87674e+01    3.87119e+01    3.86642e+01    3.86125e+01    3.85556e+01    3.85011e+01    3.84625e+01    3.83978e+01    3.83636e+01    3.83211e+01    3.78051e+01    3.74519e+01    3.71490e+01    3.68974e+01    3.66624e+01    3.65742e+01    3.64382e+01    3.64426e+01    
1.03800e+03    3.96865e+01    3.97528e+01    3.97028e+01    3.95189e+01    3.93777e+01    3.91975e+01    3.90677e+01    3.89221e+01    3.88059e+01    3.87390e+01    3.87039e+01    3.86606e+01    3.86222e+01    3.85757e+01    3.85220e+01    3.84705e+01    3.84348e+01    3.83730e+01    3.83411e+01    3.83013e+01    3.78186e+01    3.74463e+01    3.70934e+01    3.67884e+01    3.65455e+01    3.65087e+01    3.64120e+01    3.64252e+01    
1.03820e+03    3.96850e+01    3.97937e+01    3.97780e+01    3.95996e+01    3.94384e+01    3.92462e+01    3.91194e+01    3.89788e+01    3.88643e+01    3.87923e+01    3.87497e+01    3.87002e+01    3.86559e+01    3.86040e+01    3.85447e+01    3.84882e+01    3.84480e+01    3.83822e+01    3.83475e+01    3.83061e+01    3.78589e+01    3.75300e+01    3.72250e+01    3.69675e+01    3.67023e+01    3.65691e+01    3.64083e+01    3.64237e+01    
1.03840e+03    3.97116e+01    3.98191e+01    3.98220e+01    3.96427e+01    3.94679e+01    3.92773e+01    3.91468e+01    3.90249e+01    3.89251e+01    3.88537e+01    3.88044e+01    3.87502e+01    3.87038e+01    3.86533e+01    3.85981e+01    3.85454e+01    3.85082e+01    3.84462e+01    3.84143e+01    3.83754e+01    3.79383e+01    3.76547e+01    3.74061e+01    3.71964e+01    3.69400e+01    3.67591e+01    3.65242e+01    3.64982e+01    
1.03860e+03    3.97179e+01    3.98303e+01    3.98132e+01    3.96210e+01    3.94652e+01    3.92884e+01    3.91489e+01    3.90323e+01    3.89385e+01    3.88706e+01    3.88222e+01    3.87683e+01    3.87211e+01    3.86680e+01    3.86088e+01    3.85526e+01    3.85122e+01    3.84473e+01    3.84134e+01    3.83734e+01    3.79587e+01    3.76704e+01    3.74069e+01    3.71850e+01    3.69224e+01    3.67454e+01    3.65285e+01    3.65186e+01    
1.03880e+03    3.97251e+01    3.98175e+01    3.98377e+01    3.96505e+01    3.94952e+01    3.93438e+01    3.92045e+01    3.91021e+01    3.90151e+01    3.89391e+01    3.88775e+01    3.88132e+01    3.87597e+01    3.87063e+01    3.86509e+01    3.85982e+01    3.85608e+01    3.84994e+01    3.84680e+01    3.84301e+01    3.80202e+01    3.77470e+01    3.75012e+01    3.72950e+01    3.70542e+01    3.69023e+01    3.66741e+01    3.66131e+01    
1.03900e+03    3.97048e+01    3.97828e+01    3.97343e+01    3.95207e+01    3.93764e+01    3.92267e+01    3.90762e+01    3.89885e+01    3.89163e+01    3.88507e+01    3.87951e+01    3.87363e+01    3.86875e+01    3.86378e+01    3.85856e+01    3.85359e+01    3.85014e+01    3.84425e+01    3.84129e+01    3.83766e+01    3.79679e+01    3.77037e+01    3.74692e+01    3.72737e+01    3.70531e+01    3.69278e+01    3.67109e+01    3.66327e+01    
1.03920e+03    3.97285e+01    3.97989e+01    3.97780e+01    3.95851e+01    3.94592e+01    3.93107e+01    3.91514e+01    3.90568e+01    3.89771e+01    3.89028e+01    3.88392e+01    3.87731e+01    3.87176e+01    3.86619e+01    3.86039e+01    3.85489e+01    3.85097e+01    3.84461e+01    3.84131e+01    3.83740e+01    3.79664e+01    3.76963e+01    3.74534e+01    3.72503e+01    3.70162e+01    3.68741e+01    3.66595e+01    3.66064e+01    
1.03940e+03    3.97855e+01    3.98837e+01    3.99072e+01    3.97164e+01    3.95702e+01    3.94210e+01    3.92643e+01    3.91704e+01    3.90887e+01    3.90085e+01    3.89386e+01    3.88673e+01    3.88087e+01    3.87533e+01    3.86979e+01    3.86454e+01    3.86078e+01    3.85464e+01    3.85151e+01    3.84770e+01    3.80602e+01    3.78103e+01    3.75926e+01    3.74077e+01    3.71814e+01    3.70337e+01    3.67968e+01    3.67132e+01    
1.03960e+03    3.97833e+01    3.98731e+01    3.98871e+01    3.96968e+01    3.95549e+01    3.94061e+01    3.92567e+01    3.91638e+01    3.90831e+01    3.90049e+01    3.89370e+01    3.88674e+01    3.88098e+01    3.87543e+01    3.86982e+01    3.86449e+01    3.86067e+01    3.85450e+01    3.85134e+01    3.84754e+01    3.80718e+01    3.78338e+01    3.76243e+01    3.74450e+01    3.72210e+01    3.70719e+01    3.68321e+01    3.67449e+01    
1.03980e+03    3.97726e+01    3.98429e+01    3.98466e+01    3.96584e+01    3.95242e+01    3.93776e+01    3.92320e+01    3.91355e+01    3.90522e+01    3.89742e+01    3.89075e+01    3.88387e+01    3.87809e+01    3.87236e+01    3.86645e+01    3.86087e+01    3.85684e+01    3.85046e+01    3.84717e+01    3.84333e+01    3.80567e+01    3.78210e+01    3.76061e+01    3.74233e+01    3.71989e+01    3.70531e+01    3.68201e+01    3.67391e+01    
1.04000e+03    3.97797e+01    3.98182e+01    3.98071e+01    3.96171e+01    3.94860e+01    3.93434e+01    3.92078e+01    3.91081e+01    3.90219e+01    3.89433e+01    3.88774e+01    3.88094e+01    3.87524e+01    3.86959e+01    3.86377e+01    3.85828e+01    3.85436e+01    3.84810e+01    3.84491e+01    3.84121e+01    3.80578e+01    3.78278e+01    3.76133e+01    3.74311e+01    3.72104e+01    3.70709e+01    3.68401e+01    3.67537e+01    
1.04020e+03    3.97826e+01    3.98305e+01    3.97828e+01    3.95777e+01    3.94443e+01    3.92976e+01    3.91689e+01    3.90588e+01    3.89670e+01    3.88936e+01    3.88376e+01    3.87782e+01    3.87280e+01    3.86758e+01    3.86204e+01    3.85680e+01    3.85311e+01    3.84708e+01    3.84404e+01    3.84047e+01    3.80471e+01    3.78011e+01    3.75708e+01    3.73778e+01    3.71544e+01    3.70218e+01    3.68022e+01    3.67251e+01    
1.04040e+03    3.98039e+01    3.98636e+01    3.98441e+01    3.96405e+01    3.95033e+01    3.93588e+01    3.92213e+01    3.91203e+01    3.90317e+01    3.89488e+01    3.88789e+01    3.88077e+01    3.87490e+01    3.86931e+01    3.86372e+01    3.85845e+01    3.85471e+01    3.84864e+01    3.84558e+01    3.84198e+01    3.80589e+01    3.78239e+01    3.76061e+01    3.74209e+01    3.71934e+01    3.70437e+01    3.68072e+01    3.67264e+01    
1.04060e+03    3.98197e+01    3.98800e+01    3.98817e+01    3.96831e+01    3.95446e+01    3.94022e+01    3.92591e+01    3.91609e+01    3.90734e+01    3.89876e+01    3.89131e+01    3.88376e+01    3.87754e+01    3.87171e+01    3.86597e+01    3.86054e+01    3.85666e+01    3.85043e+01    3.84725e+01    3.84351e+01    3.80611e+01    3.78245e+01    3.76080e+01    3.74232e+01    3.71916e+01    3.70334e+01    3.67923e+01    3.67167e+01    
1.04080e+03    3.98161e+01    3.98670e+01    3.98535e+01    3.96488e+01    3.95115e+01    3.93692e+01    3.92300e+01    3.91334e+01    3.90479e+01    3.89650e+01    3.88928e+01    3.88189e+01    3.87564e+01    3.86955e+01    3.86333e+01    3.85746e+01    3.85318e+01    3.84656e+01    3.84308e+01    3.83912e+01    3.80268e+01    3.77939e+01    3.75780e+01    3.73935e+01    3.71604e+01    3.69988e+01    3.67572e+01    3.66867e+01    
1.04100e+03    3.98068e+01    3.98502e+01    3.97949e+01    3.95822e+01    3.94601e+01    3.93249e+01    3.91873e+01    3.90804e+01    3.89911e+01    3.89166e+01    3.88575e+01    3.87949e+01    3.87411e+01    3.86846e+01    3.86239e+01    3.85665e+01    3.85251e+01    3.84599e+01    3.84260e+01    3.83870e+01    3.80166e+01    3.77641e+01    3.75293e+01    3.73324e+01    3.71026e+01    3.69620e+01    3.67424e+01    3.66771e+01    
1.04120e+03    3.98335e+01    3.99002e+01    3.98721e+01    3.96654e+01    3.95315e+01    3.93932e+01    3.92482e+01    3.91527e+01    3.90695e+01    3.89898e+01    3.89212e+01    3.88509e+01    3.87926e+01    3.87361e+01    3.86790e+01    3.86249e+01    3.85862e+01    3.85241e+01    3.84925e+01    3.84551e+01    3.80787e+01    3.78468e+01    3.76359e+01    3.74560e+01    3.72345e+01    3.70913e+01    3.68569e+01    3.67692e+01    
1.04140e+03    3.98530e+01    3.99234e+01    3.99076e+01    3.97063e+01    3.95725e+01    3.94410e+01    3.92932e+01    3.92026e+01    3.91230e+01    3.90439e+01    3.89740e+01    3.89027e+01    3.88436e+01    3.87871e+01    3.87302e+01    3.86764e+01    3.86376e+01    3.85757e+01    3.85440e+01    3.85065e+01    3.81219e+01    3.78899e+01    3.76814e+01    3.75037e+01    3.72885e+01    3.71552e+01    3.69235e+01    3.68251e+01    
1.04160e+03    3.98564e+01    3.99284e+01    3.99122e+01    3.97125e+01    3.95813e+01    3.94499e+01    3.93013e+01    3.92105e+01    3.91318e+01    3.90554e+01    3.89886e+01    3.89199e+01    3.88626e+01    3.88064e+01    3.87488e+01    3.86944e+01    3.86549e+01    3.85924e+01    3.85603e+01    3.85223e+01    3.81335e+01    3.78896e+01    3.76697e+01    3.74833e+01    3.72578e+01    3.71139e+01    3.68816e+01    3.67971e+01    
1.04180e+03    3.98546e+01    3.99251e+01    3.99086e+01    3.97096e+01    3.95767e+01    3.94452e+01    3.92964e+01    3.92090e+01    3.91340e+01    3.90613e+01    3.89977e+01    3.89317e+01    3.88767e+01    3.88222e+01    3.87659e+01    3.87126e+01    3.86742e+01    3.86129e+01    3.85819e+01    3.85450e+01    3.81682e+01    3.79377e+01    3.77285e+01    3.75498e+01    3.73309e+01    3.71915e+01    3.69544e+01    3.68546e+01    
1.04200e+03    3.98522e+01    3.99178e+01    3.99078e+01    3.97102e+01    3.95742e+01    3.94449e+01    3.92946e+01    3.92089e+01    3.91359e+01    3.90652e+01    3.90033e+01    3.89389e+01    3.88852e+01    3.88316e+01    3.87760e+01    3.87234e+01    3.86856e+01    3.86249e+01    3.85942e+01    3.85575e+01    3.81744e+01    3.79471e+01    3.77428e+01    3.75676e+01    3.73521e+01    3.72154e+01    3.69758e+01    3.68679e+01    
1.04220e+03    3.98505e+01    3.99151e+01    3.98976e+01    3.97038e+01    3.95763e+01    3.94509e+01    3.93024e+01    3.92157e+01    3.91423e+01    3.90725e+01    3.90123e+01    3.89496e+01    3.88979e+01    3.88466e+01    3.87939e+01    3.87438e+01    3.87081e+01    3.86496e+01    3.86205e+01    3.85850e+01    3.81993e+01    3.79672e+01    3.77592e+01    3.75812e+01    3.73623e+01    3.72221e+01    3.69813e+01    3.68760e+01    
1.04240e+03    3.98470e+01    3.99071e+01    3.98881e+01    3.96942e+01    3.95636e+01    3.94397e+01    3.92954e+01    3.92079e+01    3.91341e+01    3.90654e+01    3.90065e+01    3.89446e+01    3.88930e+01    3.88407e+01    3.87860e+01    3.87342e+01    3.86970e+01    3.86370e+01    3.86069e+01    3.85707e+01    3.81913e+01    3.79561e+01    3.77431e+01    3.75618e+01    3.73423e+01    3.72047e+01    3.69661e+01    3.68612e+01    
1.04260e+03    3.98437e+01    3.99042e+01    3.98809e+01    3.96793e+01    3.95384e+01    3.94134e+01    3.92745e+01    3.91890e+01    3.91171e+01    3.90505e+01    3.89930e+01    3.89321e+01    3.88804e+01    3.88265e+01    3.87692e+01    3.87149e+01    3.86755e+01    3.86132e+01    3.85814e+01    3.85437e+01    3.81603e+01    3.79235e+01    3.77094e+01    3.75271e+01    3.73048e+01    3.71627e+01    3.69208e+01    3.68179e+01    
1.04280e+03    3.98457e+01    3.99095e+01    3.98946e+01    3.96924e+01    3.95506e+01    3.94281e+01    3.92812e+01    3.91948e+01    3.91221e+01    3.90542e+01    3.89955e+01    3.89338e+01    3.88819e+01    3.88287e+01    3.87727e+01    3.87195e+01    3.86812e+01    3.86198e+01    3.85886e+01    3.85512e+01    3.81577e+01    3.79117e+01    3.76910e+01    3.75036e+01    3.72756e+01    3.71279e+01    3.68840e+01    3.67867e+01    
1.04300e+03    3.98424e+01    3.99032e+01    3.98898e+01    3.96942e+01    3.95626e+01    3.94407e+01    3.92981e+01    3.92117e+01    3.91379e+01    3.90676e+01    3.90066e+01    3.89430e+01    3.88900e+01    3.88369e+01    3.87817e+01    3.87294e+01    3.86917e+01    3.86311e+01    3.86003e+01    3.85633e+01    3.81677e+01    3.79215e+01    3.77010e+01    3.75134e+01    3.72817e+01    3.71268e+01    3.68789e+01    3.67853e+01    
1.04320e+03    3.98306e+01    3.98786e+01    3.98517e+01    3.96570e+01    3.95348e+01    3.94187e+01    3.92813e+01    3.91898e+01    3.91131e+01    3.90444e+01    3.89868e+01    3.89258e+01    3.88745e+01    3.88216e+01    3.87656e+01    3.87125e+01    3.86742e+01    3.86129e+01    3.85817e+01    3.85445e+01    3.81558e+01    3.79022e+01    3.76719e+01    3.74779e+01    3.72489e+01    3.71068e+01    3.68726e+01    3.67828e+01    
1.04340e+03    3.98309e+01    3.98896e+01    3.98456e+01    3.96399e+01    3.95089e+01    3.93866e+01    3.92569e+01    3.91658e+01    3.90900e+01    3.90242e+01    3.89700e+01    3.89121e+01    3.88634e+01    3.88124e+01    3.87583e+01    3.87069e+01    3.86701e+01    3.86105e+01    3.85806e+01    3.85447e+01    3.81646e+01    3.79078e+01    3.76718e+01    3.74734e+01    3.72422e+01    3.71006e+01    3.68706e+01    3.67865e+01    
1.04360e+03    3.98364e+01    3.98948e+01    3.98714e+01    3.96772e+01    3.95502e+01    3.94310e+01    3.92859e+01    3.92013e+01    3.91300e+01    3.90632e+01    3.90055e+01    3.89449e+01    3.88945e+01    3.88434e+01    3.87901e+01    3.87396e+01    3.87034e+01    3.86446e+01    3.86153e+01    3.85797e+01    3.81992e+01    3.79625e+01    3.77482e+01    3.75650e+01    3.73371e+01    3.71846e+01    3.69362e+01    3.68368e+01    
1.04380e+03    3.98376e+01    3.99008e+01    3.98738e+01    3.96814e+01    3.95555e+01    3.94373e+01    3.92920e+01    3.92076e+01    3.91369e+01    3.90709e+01    3.90140e+01    3.89540e+01    3.89042e+01    3.88536e+01    3.88007e+01    3.87506e+01    3.87148e+01    3.86564e+01    3.86275e+01    3.85924e+01    3.82191e+01    3.79925e+01    3.77865e+01    3.76088e+01    3.73827e+01    3.72277e+01    3.69713e+01    3.68619e+01    
1.04400e+03    3.98362e+01    3.98991e+01    3.98745e+01    3.96836e+01    3.95551e+01    3.94386e+01    3.92961e+01    3.92084e+01    3.91349e+01    3.90675e+01    3.90102e+01    3.89498e+01    3.88993e+01    3.88478e+01    3.87937e+01    3.87424e+01    3.87057e+01    3.86463e+01    3.86166e+01    3.85808e+01    3.82034e+01    3.79693e+01    3.77567e+01    3.75745e+01    3.73467e+01    3.71934e+01    3.69418e+01    3.68385e+01    
1.04420e+03    3.98315e+01    3.98931e+01    3.98712e+01    3.96770e+01    3.95455e+01    3.94310e+01    3.92979e+01    3.92084e+01    3.91319e+01    3.90611e+01    3.90008e+01    3.89377e+01    3.88851e+01    3.88320e+01    3.87768e+01    3.87244e+01    3.86868e+01    3.86264e+01    3.85958e+01    3.85593e+01    3.81773e+01    3.79396e+01    3.77243e+01    3.75408e+01    3.73159e+01    3.71697e+01    3.69229e+01    3.68176e+01    
1.04440e+03    3.98325e+01    3.99014e+01    3.98807e+01    3.96792e+01    3.95358e+01    3.94188e+01    3.92867e+01    3.91900e+01    3.91090e+01    3.90394e+01    3.89828e+01    3.89228e+01    3.88722e+01    3.88199e+01    3.87644e+01    3.87118e+01    3.86739e+01    3.86129e+01    3.85820e+01    3.85448e+01    3.81509e+01    3.78983e+01    3.76707e+01    3.74788e+01    3.72515e+01    3.71102e+01    3.68766e+01    3.67868e+01    
1.04460e+03    3.98352e+01    3.99077e+01    3.99040e+01    3.97009e+01    3.95505e+01    3.94327e+01    3.92978e+01    3.92032e+01    3.91221e+01    3.90482e+01    3.89860e+01    3.89210e+01    3.88664e+01    3.88112e+01    3.87536e+01    3.86990e+01    3.86594e+01    3.85968e+01    3.85647e+01    3.85266e+01    3.81384e+01    3.79030e+01    3.76913e+01    3.75098e+01    3.72812e+01    3.71252e+01    3.68764e+01    3.67832e+01    
1.04480e+03    3.98313e+01    3.99047e+01    3.99031e+01    3.96997e+01    3.95501e+01    3.94311e+01    3.92942e+01    3.91983e+01    3.91159e+01    3.90403e+01    3.89764e+01    3.89098e+01    3.88537e+01    3.87970e+01    3.87379e+01    3.86820e+01    3.86413e+01    3.85776e+01    3.85448e+01    3.85064e+01    3.81301e+01    3.79047e+01    3.76999e+01    3.75243e+01    3.73076e+01    3.71689e+01    3.69293e+01    3.68253e+01    
1.04500e+03    3.98229e+01    3.98983e+01    3.98871e+01    3.96806e+01    3.95383e+01    3.94171e+01    3.92789e+01    3.91783e+01    3.90924e+01    3.90156e+01    3.89516e+01    3.88846e+01    3.88269e+01    3.87674e+01    3.87041e+01    3.86443e+01    3.86004e+01    3.85334e+01    3.84981e+01    3.84582e+01    3.80993e+01    3.78822e+01    3.76805e+01    3.75065e+01    3.72864e+01    3.71395e+01    3.68965e+01    3.67993e+01    
1.04520e+03    3.98187e+01    3.98912e+01    3.98831e+01    3.96803e+01    3.95398e+01    3.94240e+01    3.92854e+01    3.91886e+01    3.91056e+01    3.90295e+01    3.89657e+01    3.88995e+01    3.88443e+01    3.87895e+01    3.87329e+01    3.86795e+01    3.86410e+01    3.85796e+01    3.85484e+01    3.85115e+01    3.81380e+01    3.79175e+01    3.77172e+01    3.75448e+01    3.73314e+01    3.71956e+01    3.69555e+01    3.68461e+01    
1.04540e+03    3.98157e+01    3.98835e+01    3.98806e+01    3.96832e+01    3.95437e+01    3.94299e+01    3.92881e+01    3.91932e+01    3.91123e+01    3.90381e+01    3.89759e+01    3.89114e+01    3.88583e+01    3.88061e+01    3.87528e+01    3.87023e+01    3.86663e+01    3.86075e+01    3.85781e+01    3.85424e+01    3.81599e+01    3.79365e+01    3.77362e+01    3.75642e+01    3.73537e+01    3.72231e+01    3.69852e+01    3.68714e+01    
1.04560e+03    3.98121e+01    3.98802e+01    3.98783e+01    3.96790e+01    3.95369e+01    3.94199e+01    3.92851e+01    3.91912e+01    3.91103e+01    3.90351e+01    3.89714e+01    3.89055e+01    3.88507e+01    3.87967e+01    3.87411e+01    3.86885e+01    3.86507e+01    3.85899e+01    3.85590e+01    3.85220e+01    3.81331e+01    3.79064e+01    3.77042e+01    3.75300e+01    3.73115e+01    3.71678e+01    3.69251e+01    3.68232e+01    
1.04580e+03    3.98026e+01    3.98698e+01    3.98710e+01    3.96695e+01    3.95253e+01    3.94081e+01    3.92747e+01    3.91797e+01    3.90981e+01    3.90237e+01    3.89609e+01    3.88953e+01    3.88394e+01    3.87824e+01    3.87222e+01    3.86654e+01    3.86240e+01    3.85596e+01    3.85262e+01    3.84875e+01    3.81159e+01    3.78851e+01    3.76735e+01    3.74924e+01    3.72660e+01    3.71142e+01    3.68713e+01    3.67818e+01    
1.04600e+03    3.97930e+01    3.98572e+01    3.98620e+01    3.96630e+01    3.95213e+01    3.94049e+01    3.92716e+01    3.91784e+01    3.90988e+01    3.90260e+01    3.89643e+01    3.88995e+01    3.88443e+01    3.87873e+01    3.87269e+01    3.86698e+01    3.86281e+01    3.85633e+01    3.85295e+01    3.84904e+01    3.81118e+01    3.78773e+01    3.76639e+01    3.74829e+01    3.72660e+01    3.71326e+01    3.68993e+01    3.67989e+01    
1.04620e+03    3.97881e+01    3.98509e+01    3.98573e+01    3.96646e+01    3.95258e+01    3.94122e+01    3.92806e+01    3.91926e+01    3.91168e+01    3.90457e+01    3.89847e+01    3.89212e+01    3.88686e+01    3.88162e+01    3.87622e+01    3.87109e+01    3.86742e+01    3.86145e+01    3.85844e+01    3.85479e+01    3.81534e+01    3.79168e+01    3.77064e+01    3.75267e+01    3.73057e+01    3.71631e+01    3.69231e+01    3.68241e+01    
1.04640e+03    3.97887e+01    3.98555e+01    3.98623e+01    3.96689e+01    3.95266e+01    3.94165e+01    3.92855e+01    3.91990e+01    3.91242e+01    3.90533e+01    3.89923e+01    3.89289e+01    3.88767e+01    3.88252e+01    3.87724e+01    3.87224e+01    3.86868e+01    3.86284e+01    3.85993e+01    3.85640e+01    3.81834e+01    3.79549e+01    3.77489e+01    3.75716e+01    3.73469e+01    3.71948e+01    3.69465e+01    3.68468e+01    
1.04660e+03    3.97902e+01    3.98607e+01    3.98689e+01    3.96753e+01    3.95289e+01    3.94196e+01    3.92881e+01    3.91987e+01    3.91221e+01    3.90514e+01    3.89915e+01    3.89290e+01    3.88774e+01    3.88260e+01    3.87731e+01    3.87229e+01    3.86873e+01    3.86289e+01    3.86000e+01    3.85650e+01    3.81931e+01    3.79679e+01    3.77630e+01    3.75871e+01    3.73682e+01    3.72261e+01    3.69832e+01    3.68772e+01    
1.04680e+03    3.97914e+01    3.98624e+01    3.98712e+01    3.96788e+01    3.95292e+01    3.94189e+01    3.92886e+01    3.91987e+01    3.91222e+01    3.90524e+01    3.89937e+01    3.89322e+01    3.88814e+01    3.88305e+01    3.87779e+01    3.87279e+01    3.86924e+01    3.86341e+01    3.86051e+01    3.85699e+01    3.81895e+01    3.79639e+01    3.77610e+01    3.75869e+01    3.73733e+01    3.72392e+01    3.69997e+01    3.68879e+01    
1.04700e+03    3.97899e+01    3.98601e+01    3.98631e+01    3.96698e+01    3.95185e+01    3.94090e+01    3.92824e+01    3.91938e+01    3.91182e+01    3.90494e+01    3.89913e+01    3.89305e+01    3.88802e+01    3.88297e+01    3.87772e+01    3.87275e+01    3.86921e+01    3.86340e+01    3.86053e+01    3.85703e+01    3.81937e+01    3.79676e+01    3.77633e+01    3.75883e+01    3.73743e+01    3.72403e+01    3.69999e+01    3.68862e+01    
1.04720e+03    3.97822e+01    3.98452e+01    3.98409e+01    3.96511e+01    3.95008e+01    3.93916e+01    3.92623e+01    3.91727e+01    3.90977e+01    3.90317e+01    3.89771e+01    3.89191e+01    3.88710e+01    3.88216e+01    3.87698e+01    3.87206e+01    3.86858e+01    3.86283e+01    3.86000e+01    3.85655e+01    3.81940e+01    3.79676e+01    3.77617e+01    3.75849e+01    3.73652e+01    3.72222e+01    3.69774e+01    3.68698e+01    
1.04740e+03    3.97731e+01    3.98347e+01    3.98111e+01    3.96214e+01    3.94753e+01    3.93645e+01    3.92404e+01    3.91487e+01    3.90733e+01    3.90104e+01    3.89598e+01    3.89051e+01    3.88595e+01    3.88115e+01    3.87603e+01    3.87117e+01    3.86773e+01    3.86203e+01    3.85922e+01    3.85580e+01    3.81846e+01    3.79475e+01    3.77313e+01    3.75473e+01    3.73229e+01    3.71787e+01    3.69387e+01    3.68413e+01    
1.04760e+03    3.97690e+01    3.98264e+01    3.98091e+01    3.96222e+01    3.94743e+01    3.93648e+01    3.92375e+01    3.91457e+01    3.90698e+01    3.90051e+01    3.89526e+01    3.88963e+01    3.88494e+01    3.88005e+01    3.87487e+01    3.86996e+01    3.86649e+01    3.86076e+01    3.85794e+01    3.85452e+01    3.81808e+01    3.79464e+01    3.77308e+01    3.75485e+01    3.73341e+01    3.72070e+01    3.69759e+01    3.68689e+01    
1.04780e+03    3.97639e+01    3.98170e+01    3.98047e+01    3.96194e+01    3.94630e+01    3.93484e+01    3.92287e+01    3.91341e+01    3.90542e+01    3.89854e+01    3.89296e+01    3.88706e+01    3.88216e+01    3.87714e+01    3.87189e+01    3.86691e+01    3.86340e+01    3.85763e+01    3.85478e+01    3.85136e+01    3.81570e+01    3.79258e+01    3.77113e+01    3.75295e+01    3.73131e+01    3.71818e+01    3.69476e+01    3.68418e+01    
1.04800e+03    3.97293e+01    3.97577e+01    3.96902e+01    3.95002e+01    3.93667e+01    3.92777e+01    3.91610e+01    3.90622e+01    3.89823e+01    3.89208e+01    3.88744e+01    3.88234e+01    3.87809e+01    3.87354e+01    3.86866e+01    3.86401e+01    3.86080e+01    3.85527e+01    3.85260e+01    3.84930e+01    3.81246e+01    3.78735e+01    3.76414e+01    3.74468e+01    3.72228e+01    3.70908e+01    3.68647e+01    3.67749e+01    
1.04820e+03    3.97251e+01    3.97705e+01    3.97351e+01    3.95600e+01    3.94087e+01    3.92950e+01    3.91787e+01    3.90836e+01    3.90054e+01    3.89419e+01    3.88924e+01    3.88388e+01    3.87945e+01    3.87481e+01    3.86990e+01    3.86521e+01    3.86196e+01    3.85638e+01    3.85366e+01    3.85029e+01    3.81209e+01    3.78615e+01    3.76240e+01    3.74251e+01    3.71964e+01    3.70606e+01    3.68393e+01    3.67622e+01    
1.04840e+03    3.97335e+01    3.97738e+01    3.97767e+01    3.96109e+01    3.94520e+01    3.93298e+01    3.92195e+01    3.91195e+01    3.90373e+01    3.89728e+01    3.89234e+01    3.88693e+01    3.88232e+01    3.87733e+01    3.87190e+01    3.86676e+01    3.86310e+01    3.85714e+01    3.85416e+01    3.85059e+01    3.81327e+01    3.78856e+01    3.76585e+01    3.74673e+01    3.72434e+01    3.71079e+01    3.68800e+01    3.67913e+01    
1.04860e+03    3.97272e+01    3.97613e+01    3.97544e+01    3.95881e+01    3.94317e+01    3.93119e+01    3.92107e+01    3.91024e+01    3.90161e+01    3.89572e+01    3.89166e+01    3.88696e+01    3.88287e+01    3.87816e+01    3.87288e+01    3.86786e+01    3.86431e+01    3.85848e+01    3.85558e+01    3.85210e+01    3.81518e+01    3.78954e+01    3.76571e+01    3.74582e+01    3.72359e+01    3.71119e+01    3.68919e+01    3.68006e+01    
1.04880e+03    3.97191e+01    3.97506e+01    3.97382e+01    3.95745e+01    3.94192e+01    3.92967e+01    3.92067e+01    3.90901e+01    3.89971e+01    3.89378e+01    3.89001e+01    3.88553e+01    3.88160e+01    3.87698e+01    3.87175e+01    3.86679e+01    3.86329e+01    3.85750e+01    3.85465e+01    3.85121e+01    3.81476e+01    3.78822e+01    3.76327e+01    3.74273e+01    3.72190e+01    3.71262e+01    3.69260e+01    3.68282e+01    
1.04900e+03    3.97073e+01    3.97408e+01    3.96862e+01    3.95198e+01    3.93828e+01    3.92580e+01    3.91738e+01    3.90391e+01    3.89321e+01    3.88733e+01    3.88433e+01    3.88048e+01    3.87706e+01    3.87283e+01    3.86796e+01    3.86330e+01    3.86009e+01    3.85454e+01    3.85186e+01    3.84855e+01    3.81133e+01    3.78299e+01    3.75605e+01    3.73362e+01    3.70991e+01    3.69774e+01    3.67836e+01    3.67303e+01    
1.04920e+03    3.96828e+01    3.97149e+01    3.95618e+01    3.93989e+01    3.93167e+01    3.91859e+01    3.90928e+01    3.89376e+01    3.88180e+01    3.87681e+01    3.87553e+01    3.87302e+01    3.87077e+01    3.86756e+01    3.86369e+01    3.85990e+01    3.85743e+01    3.85253e+01    3.85029e+01    3.84727e+01    3.80709e+01    3.77300e+01    3.73904e+01    3.71006e+01    3.68733e+01    3.68421e+01    3.67229e+01    3.66905e+01    
1.04940e+03    3.96817e+01    3.97035e+01    3.95763e+01    3.94239e+01    3.93309e+01    3.91974e+01    3.91135e+01    3.89545e+01    3.88288e+01    3.87735e+01    3.87574e+01    3.87293e+01    3.87034e+01    3.86673e+01    3.86237e+01    3.85816e+01    3.85534e+01    3.85009e+01    3.84760e+01    3.84436e+01    3.80360e+01    3.76987e+01    3.73671e+01    3.70890e+01    3.68833e+01    3.68667e+01    3.67445e+01    3.66977e+01    
1.04960e+03    3.96931e+01    3.97213e+01    3.96459e+01    3.94625e+01    3.93407e+01    3.92274e+01    3.91628e+01    3.90396e+01    3.89333e+01    3.88563e+01    3.88042e+01    3.87485e+01    3.87028e+01    3.86559e+01    3.86069e+01    3.85601e+01    3.85281e+01    3.84721e+01    3.84449e+01    3.84114e+01    3.80330e+01    3.77216e+01    3.74165e+01    3.71639e+01    3.69505e+01    3.68977e+01    3.67441e+01    3.66827e+01    
1.04980e+03    3.96758e+01    3.96979e+01    3.95594e+01    3.93767e+01    3.92623e+01    3.91343e+01    3.90431e+01    3.88757e+01    3.87448e+01    3.86940e+01    3.86850e+01    3.86615e+01    3.86381e+01    3.86018e+01    3.85567e+01    3.85130e+01    3.84839e+01    3.84298e+01    3.84038e+01    3.83703e+01    3.79527e+01    3.75943e+01    3.72307e+01    3.69128e+01    3.66816e+01    3.66759e+01    3.65816e+01    3.65687e+01    
1.05000e+03    3.96832e+01    3.97049e+01    3.96268e+01    3.94594e+01    3.93319e+01    3.92025e+01    3.91188e+01    3.89632e+01    3.88381e+01    3.87775e+01    3.87544e+01    3.87205e+01    3.86888e+01    3.86465e+01    3.85958e+01    3.85472e+01    3.85136e+01    3.84552e+01    3.84260e+01    3.83894e+01    3.79538e+01    3.76126e+01    3.72858e+01    3.70076e+01    3.67570e+01    3.66777e+01    3.65450e+01    3.65391e+01    
1.05020e+03    3.97117e+01    3.97562e+01    3.97473e+01    3.95690e+01    3.94062e+01    3.92782e+01    3.91899e+01    3.90618e+01    3.89567e+01    3.88893e+01    3.88476e+01    3.87993e+01    3.87566e+01    3.87068e+01    3.86505e+01    3.85969e+01    3.85587e+01    3.84965e+01    3.84646e+01    3.84263e+01    3.80181e+01    3.77300e+01    3.74656e+01    3.72455e+01    3.70076e+01    3.68784e+01    3.66713e+01    3.66125e+01    
1.05040e+03    3.97202e+01    3.97630e+01    3.97728e+01    3.95969e+01    3.94296e+01    3.93027e+01    3.92076e+01    3.90891e+01    3.89909e+01    3.89220e+01    3.88746e+01    3.88218e+01    3.87757e+01    3.87239e+01    3.86664e+01    3.86118e+01    3.85727e+01    3.85099e+01    3.84777e+01    3.84397e+01    3.80519e+01    3.77831e+01    3.75351e+01    3.73278e+01    3.70930e+01    3.69545e+01    3.67314e+01    3.66585e+01    
1.05060e+03    3.97194e+01    3.97635e+01    3.97553e+01    3.95718e+01    3.93961e+01    3.92649e+01    3.91740e+01    3.90503e+01    3.89493e+01    3.88833e+01    3.88411e+01    3.87923e+01    3.87491e+01    3.86987e+01    3.86418e+01    3.85879e+01    3.85494e+01    3.84875e+01    3.84559e+01    3.84189e+01    3.80489e+01    3.77860e+01    3.75395e+01    3.73331e+01    3.70965e+01    3.69535e+01    3.67303e+01    3.66630e+01    
1.05080e+03    3.96969e+01    3.97327e+01    3.96476e+01    3.94543e+01    3.93083e+01    3.91793e+01    3.90919e+01    3.89434e+01    3.88257e+01    3.87677e+01    3.87435e+01    3.87087e+01    3.86759e+01    3.86320e+01    3.85795e+01    3.85297e+01    3.84951e+01    3.84365e+01    3.84074e+01    3.83725e+01    3.79985e+01    3.76864e+01    3.73773e+01    3.71187e+01    3.68857e+01    3.68104e+01    3.66600e+01    3.66245e+01    
1.05100e+03    3.96947e+01    3.97305e+01    3.96419e+01    3.94590e+01    3.93118e+01    3.91777e+01    3.90851e+01    3.89361e+01    3.88199e+01    3.87659e+01    3.87463e+01    3.87155e+01    3.86874e+01    3.86494e+01    3.86042e+01    3.85607e+01    3.85314e+01    3.84781e+01    3.84528e+01    3.84206e+01    3.80344e+01    3.77202e+01    3.74145e+01    3.71591e+01    3.69260e+01    3.68476e+01    3.66994e+01    3.66677e+01    
1.05120e+03    3.97144e+01    3.97646e+01    3.97267e+01    3.95356e+01    3.93620e+01    3.92434e+01    3.91487e+01    3.90226e+01    3.89215e+01    3.88594e+01    3.88230e+01    3.87798e+01    3.87432e+01    3.87010e+01    3.86540e+01    3.86091e+01    3.85786e+01    3.85248e+01    3.84992e+01    3.84674e+01    3.81090e+01    3.78565e+01    3.76207e+01    3.74243e+01    3.72072e+01    3.70898e+01    3.68756e+01    3.67860e+01    
1.05140e+03    3.97214e+01    3.97816e+01    3.97311e+01    3.95404e+01    3.93890e+01    3.92690e+01    3.91639e+01    3.90432e+01    3.89467e+01    3.88848e+01    3.88463e+01    3.88016e+01    3.87638e+01    3.87210e+01    3.86738e+01    3.86288e+01    3.85980e+01    3.85442e+01    3.85186e+01    3.84869e+01    3.81318e+01    3.78676e+01    3.76173e+01    3.74099e+01    3.71903e+01    3.70804e+01    3.68719e+01    3.67820e+01    
1.05160e+03    3.97416e+01    3.98080e+01    3.97976e+01    3.96032e+01    3.94408e+01    3.93228e+01    3.92031e+01    3.91049e+01    3.90223e+01    3.89526e+01    3.88972e+01    3.88388e+01    3.87905e+01    3.87415e+01    3.86904e+01    3.86421e+01    3.86084e+01    3.85520e+01    3.85246e+01    3.84916e+01    3.81460e+01    3.79148e+01    3.76981e+01    3.75156e+01    3.73058e+01    3.71873e+01    3.69576e+01    3.68421e+01    
1.05180e+03    3.97514e+01    3.98223e+01    3.98172e+01    3.96180e+01    3.94587e+01    3.93426e+01    3.92133e+01    3.91184e+01    3.90382e+01    3.89676e+01    3.89096e+01    3.88487e+01    3.87979e+01    3.87464e+01    3.86926e+01    3.86417e+01    3.86058e+01    3.85470e+01    3.85178e+01    3.84832e+01    3.81305e+01    3.78963e+01    3.76780e+01    3.74945e+01    3.72857e+01    3.71698e+01    3.69407e+01    3.68233e+01    
1.05200e+03    3.97530e+01    3.98214e+01    3.98130e+01    3.96131e+01    3.94613e+01    3.93471e+01    3.92144e+01    3.91217e+01    3.90426e+01    3.89708e+01    3.89107e+01    3.88479e+01    3.87957e+01    3.87433e+01    3.86890e+01    3.86377e+01    3.86014e+01    3.85422e+01    3.85128e+01    3.84780e+01    3.81265e+01    3.78978e+01    3.76845e+01    3.75037e+01    3.72898e+01    3.71617e+01    3.69243e+01    3.68096e+01    
1.05220e+03    3.97560e+01    3.98215e+01    3.98140e+01    3.96099e+01    3.94509e+01    3.93370e+01    3.92067e+01    3.91095e+01    3.90270e+01    3.89544e+01    3.88950e+01    3.88328e+01    3.87809e+01    3.87285e+01    3.86739e+01    3.86223e+01    3.85858e+01    3.85264e+01    3.84968e+01    3.84618e+01    3.81107e+01    3.78827e+01    3.76698e+01    3.74888e+01    3.72708e+01    3.71350e+01    3.68929e+01    3.67816e+01    
1.05240e+03    3.97573e+01    3.98251e+01    3.98158e+01    3.96074e+01    3.94481e+01    3.93307e+01    3.92037e+01    3.91037e+01    3.90175e+01    3.89404e+01    3.88767e+01    3.88106e+01    3.87551e+01    3.86996e+01    3.86420e+01    3.85877e+01    3.85491e+01    3.84874e+01    3.84562e+01    3.84202e+01    3.80801e+01    3.78534e+01    3.76391e+01    3.74586e+01    3.72524e+01    3.71377e+01    3.69075e+01    3.67879e+01    
1.05260e+03    3.97601e+01    3.98303e+01    3.98302e+01    3.96206e+01    3.94609e+01    3.93442e+01    3.92152e+01    3.91164e+01    3.90293e+01    3.89477e+01    3.88782e+01    3.88069e+01    3.87466e+01    3.86873e+01    3.86264e+01    3.85691e+01    3.85278e+01    3.84634e+01    3.84302e+01    3.83927e+01    3.80584e+01    3.78380e+01    3.76281e+01    3.74497e+01    3.72370e+01    3.71084e+01    3.68702e+01    3.67566e+01    
1.05280e+03    3.97559e+01    3.98184e+01    3.98222e+01    3.96194e+01    3.94594e+01    3.93421e+01    3.92132e+01    3.91160e+01    3.90308e+01    3.89514e+01    3.88838e+01    3.88142e+01    3.87556e+01    3.86975e+01    3.86376e+01    3.85811e+01    3.85404e+01    3.84764e+01    3.84434e+01    3.84054e+01    3.80484e+01    3.78225e+01    3.76125e+01    3.74338e+01    3.72186e+01    3.70855e+01    3.68429e+01    3.67289e+01    
1.05300e+03    3.97513e+01    3.98104e+01    3.97953e+01    3.95934e+01    3.94312e+01    3.93094e+01    3.91906e+01    3.90889e+01    3.90003e+01    3.89215e+01    3.88565e+01    3.87891e+01    3.87321e+01    3.86745e+01    3.86145e+01    3.85580e+01    3.85174e+01    3.84535e+01    3.84206e+01    3.83833e+01    3.80411e+01    3.78010e+01    3.75727e+01    3.73815e+01    3.71638e+01    3.70395e+01    3.68123e+01    3.67130e+01    
1.05320e+03    3.97549e+01    3.98297e+01    3.97830e+01    3.95690e+01    3.94064e+01    3.92809e+01    3.91707e+01    3.90601e+01    3.89650e+01    3.88870e+01    3.88266e+01    3.87631e+01    3.87092e+01    3.86535e+01    3.85947e+01    3.85392e+01    3.84997e+01    3.84368e+01    3.84047e+01    3.83681e+01    3.80278e+01    3.77879e+01    3.75590e+01    3.73658e+01    3.71343e+01    3.69855e+01    3.67502e+01    3.66721e+01    
1.05340e+03    3.97703e+01    3.98480e+01    3.98335e+01    3.96297e+01    3.94741e+01    3.93595e+01    3.92301e+01    3.91377e+01    3.90551e+01    3.89740e+01    3.89033e+01    3.88312e+01    3.87714e+01    3.87142e+01    3.86570e+01    3.86031e+01    3.85646e+01    3.85033e+01    3.84723e+01    3.84366e+01    3.80979e+01    3.78715e+01    3.76569e+01    3.74749e+01    3.72573e+01    3.71235e+01    3.68837e+01    3.67739e+01    
1.05360e+03    3.97698e+01    3.98362e+01    3.98307e+01    3.96369e+01    3.94821e+01    3.93728e+01    3.92414e+01    3.91523e+01    3.90727e+01    3.89934e+01    3.89241e+01    3.88541e+01    3.87979e+01    3.87463e+01    3.86964e+01    3.86491e+01    3.86162e+01    3.85605e+01    3.85336e+01    3.85009e+01    3.81502e+01    3.79192e+01    3.77039e+01    3.75211e+01    3.73023e+01    3.71672e+01    3.69248e+01    3.68110e+01    
1.05380e+03    3.97554e+01    3.98166e+01    3.97712e+01    3.95716e+01    3.94271e+01    3.93171e+01    3.91998e+01    3.91050e+01    3.90219e+01    3.89455e+01    3.88819e+01    3.88171e+01    3.87651e+01    3.87164e+01    3.86684e+01    3.86227e+01    3.85914e+01    3.85371e+01    3.85111e+01    3.84790e+01    3.81242e+01    3.78761e+01    3.76439e+01    3.74495e+01    3.72281e+01    3.71007e+01    3.68728e+01    3.67739e+01    
1.05400e+03    3.97525e+01    3.98206e+01    3.97729e+01    3.95628e+01    3.94189e+01    3.93051e+01    3.91780e+01    3.90862e+01    3.90052e+01    3.89276e+01    3.88606e+01    3.87920e+01    3.87352e+01    3.86802e+01    3.86246e+01    3.85722e+01    3.85353e+01    3.84754e+01    3.84455e+01    3.84110e+01    3.80789e+01    3.78446e+01    3.76204e+01    3.74313e+01    3.72074e+01    3.70693e+01    3.68346e+01    3.67401e+01    
1.05420e+03    3.97527e+01    3.98238e+01    3.97848e+01    3.95726e+01    3.94263e+01    3.93131e+01    3.91838e+01    3.90946e+01    3.90158e+01    3.89392e+01    3.88719e+01    3.88027e+01    3.87444e+01    3.86865e+01    3.86270e+01    3.85709e+01    3.85308e+01    3.84677e+01    3.84356e+01    3.83993e+01    3.80734e+01    3.78491e+01    3.76334e+01    3.74508e+01    3.72347e+01    3.71041e+01    3.68681e+01    3.67608e+01    
1.05440e+03    3.97517e+01    3.98227e+01    3.97854e+01    3.95739e+01    3.94327e+01    3.93223e+01    3.91884e+01    3.91007e+01    3.90228e+01    3.89448e+01    3.88757e+01    3.88049e+01    3.87457e+01    3.86883e+01    3.86300e+01    3.85752e+01    3.85361e+01    3.84741e+01    3.84427e+01    3.84069e+01    3.80780e+01    3.78545e+01    3.76405e+01    3.74593e+01    3.72451e+01    3.71168e+01    3.68827e+01    3.67752e+01    
1.05460e+03    3.97578e+01    3.98345e+01    3.97994e+01    3.95873e+01    3.94407e+01    3.93281e+01    3.91987e+01    3.91122e+01    3.90332e+01    3.89510e+01    3.88766e+01    3.88010e+01    3.87378e+01    3.86777e+01    3.86176e+01    3.85611e+01    3.85207e+01    3.84574e+01    3.84250e+01    3.83889e+01    3.80715e+01    3.78503e+01    3.76358e+01    3.74542e+01    3.72392e+01    3.71098e+01    3.68745e+01    3.67666e+01    
1.05480e+03    3.97632e+01    3.98437e+01    3.98062e+01    3.95974e+01    3.94478e+01    3.93334e+01    3.92044e+01    3.91159e+01    3.90351e+01    3.89518e+01    3.88771e+01    3.88016e+01    3.87395e+01    3.86817e+01    3.86251e+01    3.85718e+01    3.85342e+01    3.84738e+01    3.84435e+01    3.84089e+01    3.80867e+01    3.78602e+01    3.76419e+01    3.74580e+01    3.72443e+01    3.71199e+01    3.68891e+01    3.67816e+01    
1.05500e+03    3.97633e+01    3.98470e+01    3.98000e+01    3.95867e+01    3.94346e+01    3.93143e+01    3.91769e+01    3.90786e+01    3.89932e+01    3.89139e+01    3.88466e+01    3.87774e+01    3.87191e+01    3.86612e+01    3.86017e+01    3.85458e+01    3.85059e+01    3.84433e+01    3.84115e+01    3.83760e+01    3.80669e+01    3.78416e+01    3.76210e+01    3.74346e+01    3.72137e+01    3.70782e+01    3.68423e+01    3.67425e+01    
1.05520e+03    3.97641e+01    3.98456e+01    3.98120e+01    3.96004e+01    3.94558e+01    3.93347e+01    3.92030e+01    3.91079e+01    3.90217e+01    3.89355e+01    3.88594e+01    3.87825e+01    3.87185e+01    3.86583e+01    3.85990e+01    3.85432e+01    3.85035e+01    3.84408e+01    3.84090e+01    3.83733e+01    3.80590e+01    3.78415e+01    3.76301e+01    3.74501e+01    3.72312e+01    3.70928e+01    3.68546e+01    3.67547e+01    
1.05540e+03    3.97697e+01    3.98525e+01    3.98360e+01    3.96241e+01    3.94725e+01    3.93502e+01    3.92170e+01    3.91221e+01    3.90356e+01    3.89479e+01    3.88702e+01    3.87919e+01    3.87272e+01    3.86675e+01    3.86094e+01    3.85547e+01    3.85158e+01    3.84540e+01    3.84227e+01    3.83871e+01    3.80619e+01    3.78408e+01    3.76286e+01    3.74485e+01    3.72342e+01    3.71045e+01    3.68708e+01    3.67662e+01    
1.05560e+03    3.97717e+01    3.98505e+01    3.98297e+01    3.96183e+01    3.94695e+01    3.93486e+01    3.92123e+01    3.91187e+01    3.90339e+01    3.89479e+01    3.88714e+01    3.87941e+01    3.87296e+01    3.86690e+01    3.86092e+01    3.85530e+01    3.85128e+01    3.84498e+01    3.84178e+01    3.83820e+01    3.80693e+01    3.78515e+01    3.76395e+01    3.74591e+01    3.72401e+01    3.71020e+01    3.68645e+01    3.67649e+01    
1.05580e+03    3.97679e+01    3.98410e+01    3.98073e+01    3.95950e+01    3.94483e+01    3.93212e+01    3.91757e+01    3.90801e+01    3.89961e+01    3.89144e+01    3.88426e+01    3.87687e+01    3.87051e+01    3.86411e+01    3.85745e+01    3.85118e+01    3.84659e+01    3.83969e+01    3.83604e+01    3.83212e+01    3.80201e+01    3.78030e+01    3.75881e+01    3.74050e+01    3.71783e+01    3.70279e+01    3.67867e+01    3.67006e+01    
1.05600e+03    3.97675e+01    3.98361e+01    3.98030e+01    3.95948e+01    3.94406e+01    3.93093e+01    3.91619e+01    3.90675e+01    3.89853e+01    3.89057e+01    3.88359e+01    3.87638e+01    3.87015e+01    3.86383e+01    3.85720e+01    3.85097e+01    3.84641e+01    3.83954e+01    3.83591e+01    3.83200e+01    3.80165e+01    3.78026e+01    3.75915e+01    3.74108e+01    3.71843e+01    3.70315e+01    3.67871e+01    3.66995e+01    
1.05620e+03    3.97621e+01    3.98233e+01    3.97852e+01    3.95832e+01    3.94271e+01    3.93040e+01    3.91793e+01    3.90727e+01    3.89803e+01    3.88993e+01    3.88337e+01    3.87660e+01    3.87093e+01    3.86530e+01    3.85950e+01    3.85404e+01    3.85016e+01    3.84393e+01    3.84076e+01    3.83709e+01    3.80225e+01    3.77964e+01    3.75845e+01    3.74041e+01    3.71841e+01    3.70438e+01    3.68081e+01    3.67164e+01    
1.05640e+03    3.97674e+01    3.98435e+01    3.97831e+01    3.95767e+01    3.94290e+01    3.93060e+01    3.91756e+01    3.90698e+01    3.89796e+01    3.89023e+01    3.88412e+01    3.87780e+01    3.87269e+01    3.86776e+01    3.86278e+01    3.85804e+01    3.85477e+01    3.84912e+01    3.84634e+01    3.84289e+01    3.80372e+01    3.77899e+01    3.75687e+01    3.73823e+01    3.71628e+01    3.70299e+01    3.68021e+01    3.67132e+01    
1.05660e+03    3.97759e+01    3.98568e+01    3.98284e+01    3.96214e+01    3.94764e+01    3.93575e+01    3.92218e+01    3.91254e+01    3.90393e+01    3.89546e+01    3.88805e+01    3.88050e+01    3.87415e+01    3.86806e+01    3.86190e+01    3.85609e+01    3.85187e+01    3.84528e+01    3.84181e+01    3.83783e+01    3.80003e+01    3.77633e+01    3.75472e+01    3.73643e+01    3.71461e+01    3.70118e+01    3.67797e+01    3.66868e+01    
1.05680e+03    3.97763e+01    3.98599e+01    3.98359e+01    3.96267e+01    3.94805e+01    3.93610e+01    3.92278e+01    3.91328e+01    3.90478e+01    3.89640e+01    3.88902e+01    3.88145e+01    3.87502e+01    3.86874e+01    3.86228e+01    3.85616e+01    3.85166e+01    3.84471e+01    3.84097e+01    3.83666e+01    3.79505e+01    3.77017e+01    3.74830e+01    3.72966e+01    3.70613e+01    3.68965e+01    3.66508e+01    3.65836e+01    
1.05700e+03    3.97652e+01    3.98365e+01    3.98187e+01    3.96166e+01    3.94690e+01    3.93484e+01    3.92126e+01    3.91215e+01    3.90397e+01    3.89574e+01    3.88837e+01    3.88081e+01    3.87437e+01    3.86807e+01    3.86159e+01    3.85544e+01    3.85093e+01    3.84397e+01    3.84023e+01    3.83595e+01    3.79564e+01    3.77070e+01    3.74837e+01    3.72934e+01    3.70526e+01    3.68803e+01    3.66308e+01    3.65691e+01    
1.05720e+03    3.97619e+01    3.98422e+01    3.98088e+01    3.96014e+01    3.94549e+01    3.93334e+01    3.91993e+01    3.90976e+01    3.90103e+01    3.89326e+01    3.88680e+01    3.88005e+01    3.87427e+01    3.86833e+01    3.86204e+01    3.85608e+01    3.85173e+01    3.84496e+01    3.84136e+01    3.83721e+01    3.79730e+01    3.77213e+01    3.74952e+01    3.73051e+01    3.70807e+01    3.69424e+01    3.67142e+01    3.66349e+01    
1.05740e+03    3.97665e+01    3.98553e+01    3.98357e+01    3.96225e+01    3.94727e+01    3.93563e+01    3.92301e+01    3.91328e+01    3.90466e+01    3.89648e+01    3.88942e+01    3.88213e+01    3.87590e+01    3.86966e+01    3.86315e+01    3.85699e+01    3.85246e+01    3.84552e+01    3.84180e+01    3.83757e+01    3.79873e+01    3.77484e+01    3.75325e+01    3.73494e+01    3.71278e+01    3.69873e+01    3.67548e+01    3.66703e+01    
1.05760e+03    3.97713e+01    3.98611e+01    3.98473e+01    3.96391e+01    3.94907e+01    3.93756e+01    3.92492e+01    3.91559e+01    3.90723e+01    3.89902e+01    3.89181e+01    3.88441e+01    3.87815e+01    3.87204e+01    3.86578e+01    3.85986e+01    3.85553e+01    3.84884e+01    3.84531e+01    3.84125e+01    3.80318e+01    3.78007e+01    3.75907e+01    3.74106e+01    3.71829e+01    3.70270e+01    3.67817e+01    3.66971e+01    
1.05780e+03    3.97724e+01    3.98626e+01    3.98396e+01    3.96356e+01    3.94894e+01    3.93702e+01    3.92390e+01    3.91419e+01    3.90574e+01    3.89789e+01    3.89118e+01    3.88422e+01    3.87827e+01    3.87222e+01    3.86587e+01    3.85987e+01    3.85548e+01    3.84876e+01    3.84522e+01    3.84124e+01    3.80593e+01    3.78353e+01    3.76256e+01    3.74466e+01    3.72276e+01    3.70876e+01    3.68453e+01    3.67413e+01    
1.05800e+03    3.97728e+01    3.98620e+01    3.98334e+01    3.96319e+01    3.94812e+01    3.93622e+01    3.92254e+01    3.91306e+01    3.90496e+01    3.89759e+01    3.89137e+01    3.88486e+01    3.87936e+01    3.87375e+01    3.86787e+01    3.86231e+01    3.85830e+01    3.85198e+01    3.84874e+01    3.84498e+01    3.80893e+01    3.78625e+01    3.76528e+01    3.74750e+01    3.72659e+01    3.71435e+01    3.69097e+01    3.67938e+01    
1.05820e+03    3.97741e+01    3.98635e+01    3.98356e+01    3.96350e+01    3.94864e+01    3.93687e+01    3.92353e+01    3.91523e+01    3.90775e+01    3.90002e+01    3.89305e+01    3.88595e+01    3.88010e+01    3.87455e+01    3.86901e+01    3.86377e+01    3.86004e+01    3.85402e+01    3.85099e+01    3.84741e+01    3.81135e+01    3.78922e+01    3.76882e+01    3.75131e+01    3.72972e+01    3.71591e+01    3.69133e+01    3.67985e+01    
1.05840e+03    3.97750e+01    3.98689e+01    3.98317e+01    3.96268e+01    3.94776e+01    3.93613e+01    3.92233e+01    3.91356e+01    3.90587e+01    3.89829e+01    3.89163e+01    3.88479e+01    3.87910e+01    3.87357e+01    3.86795e+01    3.86264e+01    3.85886e+01    3.85279e+01    3.84974e+01    3.84617e+01    3.81116e+01    3.78864e+01    3.76758e+01    3.74961e+01    3.72764e+01    3.71361e+01    3.68908e+01    3.67807e+01    
1.05860e+03    3.97730e+01    3.98659e+01    3.98276e+01    3.96253e+01    3.94771e+01    3.93599e+01    3.92216e+01    3.91364e+01    3.90613e+01    3.89869e+01    3.89211e+01    3.88538e+01    3.87985e+01    3.87454e+01    3.86920e+01    3.86414e+01    3.86058e+01    3.85473e+01    3.85183e+01    3.84838e+01    3.81292e+01    3.78993e+01    3.76853e+01    3.75032e+01    3.72818e+01    3.71408e+01    3.68939e+01    3.67820e+01    
1.05880e+03    3.97730e+01    3.98672e+01    3.98337e+01    3.96315e+01    3.94809e+01    3.93624e+01    3.92236e+01    3.91386e+01    3.90639e+01    3.89900e+01    3.89249e+01    3.88581e+01    3.88034e+01    3.87510e+01    3.86983e+01    3.86484e+01    3.86133e+01    3.85554e+01    3.85269e+01    3.84928e+01    3.81387e+01    3.79102e+01    3.76978e+01    3.75174e+01    3.73021e+01    3.71710e+01    3.69287e+01    3.68097e+01    
1.05900e+03    3.97720e+01    3.98682e+01    3.98355e+01    3.96283e+01    3.94758e+01    3.93569e+01    3.92194e+01    3.91295e+01    3.90515e+01    3.89768e+01    3.89122e+01    3.88455e+01    3.87900e+01    3.87353e+01    3.86792e+01    3.86264e+01    3.85888e+01    3.85286e+01    3.84984e+01    3.84633e+01    3.81251e+01    3.79024e+01    3.76915e+01    3.75114e+01    3.72907e+01    3.71489e+01    3.69003e+01    3.67865e+01    
1.05920e+03    3.97736e+01    3.98629e+01    3.98406e+01    3.96377e+01    3.94864e+01    3.93689e+01    3.92409e+01    3.91507e+01    3.90695e+01    3.89889e+01    3.89184e+01    3.88472e+01    3.87897e+01    3.87366e+01    3.86850e+01    3.86362e+01    3.86021e+01    3.85454e+01    3.85177e+01    3.84845e+01    3.81400e+01    3.79120e+01    3.76979e+01    3.75159e+01    3.72966e+01    3.71596e+01    3.69128e+01    3.67950e+01    
1.05940e+03    3.97756e+01    3.98633e+01    3.98436e+01    3.96360e+01    3.94838e+01    3.93665e+01    3.92402e+01    3.91505e+01    3.90688e+01    3.89860e+01    3.89126e+01    3.88384e+01    3.87779e+01    3.87218e+01    3.86671e+01    3.86155e+01    3.85791e+01    3.85199e+01    3.84906e+01    3.84562e+01    3.81195e+01    3.78942e+01    3.76807e+01    3.75000e+01    3.72883e+01    3.71639e+01    3.69248e+01    3.68019e+01    
1.05960e+03    3.97815e+01    3.98716e+01    3.98488e+01    3.96417e+01    3.94911e+01    3.93736e+01    3.92414e+01    3.91512e+01    3.90698e+01    3.89880e+01    3.89161e+01    3.88437e+01    3.87855e+01    3.87326e+01    3.86818e+01    3.86337e+01    3.86003e+01    3.85442e+01    3.85169e+01    3.84842e+01    3.81408e+01    3.79031e+01    3.76789e+01    3.74911e+01    3.72798e+01    3.71633e+01    3.69293e+01    3.68043e+01    
1.05980e+03    3.97844e+01    3.98723e+01    3.98423e+01    3.96409e+01    3.94926e+01    3.93741e+01    3.92408e+01    3.91492e+01    3.90685e+01    3.89907e+01    3.89237e+01    3.88553e+01    3.87996e+01    3.87467e+01    3.86941e+01    3.86445e+01    3.86097e+01    3.85525e+01    3.85245e+01    3.84917e+01    3.81620e+01    3.79183e+01    3.76837e+01    3.74878e+01    3.72699e+01    3.71501e+01    3.69158e+01    3.67947e+01    
1.06000e+03    3.97849e+01    3.98710e+01    3.98326e+01    3.96289e+01    3.94859e+01    3.93678e+01    3.92353e+01    3.91411e+01    3.90593e+01    3.89829e+01    3.89175e+01    3.88497e+01    3.87924e+01    3.87351e+01    3.86754e+01    3.86190e+01    3.85782e+01    3.85140e+01    3.84807e+01    3.84420e+01    3.80663e+01    3.78353e+01    3.76249e+01    3.74464e+01    3.72345e+01    3.71072e+01    3.68690e+01    3.67535e+01    
