                                             NORMALIZED SPECTRUM
               |-------------------------------------------------------------------------------------------------------------------------------------------------------------------------------------------------------------------------------------------------------------------------------------------------------------------------------------------------------------------------------------------------------------------------------|
WAVELENGTH [A]    1 Myr          2 Myr          3 Myr          4 Myr          5 Myr          6 Myr          7 Myr          8 Myr          9 Myr          10 Myr         11 Myr         12 Myr         13 Myr        14 Myr         15 Myr         16 Myr          17 Myr        18 Myr         19 Myr         20 Myr          30Myr          40Myr          50Myr           60Myr         70Myr           80Myr         90Myr           100Myr
1.01600e+03    9.71900e-01    9.61700e-01    9.71000e-01    9.76900e-01    9.79700e-01    9.81500e-01    9.82700e-01    9.83500e-01    9.84100e-01    9.84600e-01    9.85000e-01    9.85400e-01    9.85600e-01    9.85900e-01    9.86100e-01    9.86300e-01    9.86500e-01    9.86600e-01    9.86800e-01    9.86900e-01    9.87900e-01    9.88800e-01    9.89900e-01    9.90800e-01    9.91400e-01    9.91700e-01    9.91800e-01    9.91800e-01    
1.01620e+03    9.82100e-01    9.73000e-01    9.79200e-01    9.83500e-01    9.85400e-01    9.86600e-01    9.87500e-01    9.88000e-01    9.88400e-01    9.88800e-01    9.89100e-01    9.89300e-01    9.89500e-01    9.89600e-01    9.89800e-01    9.89900e-01    9.90000e-01    9.90100e-01    9.90200e-01    9.90300e-01    9.90800e-01    9.91100e-01    9.91400e-01    9.91600e-01    9.91700e-01    9.91800e-01    9.91800e-01    9.91800e-01    
1.01640e+03    9.89000e-01    9.78000e-01    9.82100e-01    9.85700e-01    9.87300e-01    9.88300e-01    9.88900e-01    9.89400e-01    9.89800e-01    9.90000e-01    9.90200e-01    9.90400e-01    9.90600e-01    9.90700e-01    9.90800e-01    9.90900e-01    9.90900e-01    9.91000e-01    9.91000e-01    9.91100e-01    9.91000e-01    9.90800e-01    9.90600e-01    9.90500e-01    9.90500e-01    9.90500e-01    9.90500e-01    9.90500e-01    
1.01660e+03    9.99300e-01    9.87800e-01    9.92000e-01    9.93700e-01    9.94300e-01    9.94700e-01    9.95000e-01    9.95300e-01    9.95400e-01    9.95500e-01    9.95600e-01    9.95700e-01    9.95700e-01    9.95800e-01    9.95800e-01    9.95800e-01    9.95900e-01    9.95900e-01    9.95900e-01    9.95900e-01    9.95300e-01    9.95100e-01    9.95600e-01    9.96300e-01    9.96800e-01    9.97100e-01    9.97100e-01    9.97100e-01    
1.01680e+03    1.00320e+00    9.93300e-01    9.97000e-01    9.97600e-01    9.97400e-01    9.97500e-01    9.97500e-01    9.97500e-01    9.97500e-01    9.97500e-01    9.97500e-01    9.97400e-01    9.97400e-01    9.97300e-01    9.97300e-01    9.97200e-01    9.97100e-01    9.97000e-01    9.97000e-01    9.96900e-01    9.94900e-01    9.93300e-01    9.92900e-01    9.93000e-01    9.93100e-01    9.93200e-01    9.93200e-01    9.93200e-01    
1.01700e+03    9.97400e-01    9.92700e-01    9.94900e-01    9.95500e-01    9.95300e-01    9.95300e-01    9.95300e-01    9.95300e-01    9.95300e-01    9.95300e-01    9.95200e-01    9.95100e-01    9.95000e-01    9.94900e-01    9.94800e-01    9.94700e-01    9.94500e-01    9.94400e-01    9.94200e-01    9.94000e-01    9.90700e-01    9.87600e-01    9.85900e-01    9.84900e-01    9.84400e-01    9.84200e-01    9.84200e-01    9.84200e-01    
1.01720e+03    9.91900e-01    9.92300e-01    9.93000e-01    9.93700e-01    9.93600e-01    9.93600e-01    9.93600e-01    9.93700e-01    9.93700e-01    9.93600e-01    9.93600e-01    9.93500e-01    9.93300e-01    9.93200e-01    9.93100e-01    9.92900e-01    9.92800e-01    9.92600e-01    9.92400e-01    9.92200e-01    9.88200e-01    9.84200e-01    9.81800e-01    9.80300e-01    9.79400e-01    9.79100e-01    9.79000e-01    9.79000e-01    
1.01740e+03    9.93000e-01    9.91400e-01    9.90000e-01    9.91100e-01    9.91300e-01    9.91600e-01    9.91700e-01    9.91800e-01    9.91900e-01    9.91900e-01    9.91900e-01    9.91800e-01    9.91700e-01    9.91600e-01    9.91500e-01    9.91400e-01    9.91200e-01    9.91000e-01    9.90800e-01    9.90600e-01    9.86700e-01    9.82700e-01    9.80400e-01    9.79100e-01    9.78200e-01    9.77900e-01    9.77900e-01    9.77900e-01    
1.01760e+03    9.94500e-01    9.89300e-01    9.85600e-01    9.85700e-01    9.85900e-01    9.86000e-01    9.85700e-01    9.85500e-01    9.85000e-01    9.84400e-01    9.83500e-01    9.82600e-01    9.81700e-01    9.80900e-01    9.80300e-01    9.79900e-01    9.79600e-01    9.79500e-01    9.79300e-01    9.79200e-01    9.77100e-01    9.74800e-01    9.73600e-01    9.73000e-01    9.72600e-01    9.72500e-01    9.72500e-01    9.72600e-01    
1.01780e+03    9.95100e-01    9.86700e-01    9.82600e-01    9.85800e-01    9.87300e-01    9.88400e-01    9.89200e-01    9.89800e-01    9.90200e-01    9.90700e-01    9.91100e-01    9.91400e-01    9.91800e-01    9.92000e-01    9.92200e-01    9.92300e-01    9.92300e-01    9.92300e-01    9.92300e-01    9.92300e-01    9.90400e-01    9.88700e-01    9.87800e-01    9.87400e-01    9.87200e-01    9.87100e-01    9.87100e-01    9.87100e-01    
1.01800e+03    9.56500e-01    9.49200e-01    9.47200e-01    9.47400e-01    9.45600e-01    9.40900e-01    9.36300e-01    9.32600e-01    9.29600e-01    9.27800e-01    9.27300e-01    9.27500e-01    9.28200e-01    9.29000e-01    9.29900e-01    9.30600e-01    9.31300e-01    9.31900e-01    9.32500e-01    9.33000e-01    9.35400e-01    9.35500e-01    9.35300e-01    9.35100e-01    9.35000e-01    9.35000e-01    9.35100e-01    9.35100e-01    
1.01820e+03    9.35100e-01    9.26400e-01    9.23800e-01    9.18000e-01    9.15600e-01    9.12400e-01    9.10600e-01    9.09000e-01    9.07700e-01    9.06900e-01    9.07100e-01    9.07800e-01    9.08700e-01    9.09400e-01    9.09700e-01    9.09700e-01    9.09500e-01    9.09200e-01    9.08800e-01    9.08300e-01    9.07100e-01    9.08200e-01    9.08400e-01    9.08200e-01    9.08000e-01    9.07900e-01    9.07800e-01    9.07800e-01    
1.01840e+03    9.64600e-01    9.58000e-01    9.63900e-01    9.69300e-01    9.71500e-01    9.73300e-01    9.74000e-01    9.74100e-01    9.74500e-01    9.75100e-01    9.76100e-01    9.77100e-01    9.78100e-01    9.79000e-01    9.79700e-01    9.80200e-01    9.80600e-01    9.80800e-01    9.81000e-01    9.81100e-01    9.81300e-01    9.81100e-01    9.80600e-01    9.80200e-01    9.79800e-01    9.79600e-01    9.79600e-01    9.79600e-01    
1.01860e+03    1.00000e+00    9.97900e-01    1.00750e+00    1.01800e+00    1.02250e+00    1.02610e+00    1.02810e+00    1.02940e+00    1.03040e+00    1.03110e+00    1.03150e+00    1.03180e+00    1.03210e+00    1.03240e+00    1.03270e+00    1.03310e+00    1.03360e+00    1.03410e+00    1.03460e+00    1.03510e+00    1.03710e+00    1.03680e+00    1.03620e+00    1.03570e+00    1.03530e+00    1.03500e+00    1.03490e+00    1.03480e+00    
1.01880e+03    1.02590e+00    1.03020e+00    1.04010e+00    1.04620e+00    1.04880e+00    1.05090e+00    1.05210e+00    1.05300e+00    1.05390e+00    1.05450e+00    1.05490e+00    1.05510e+00    1.05530e+00    1.05550e+00    1.05580e+00    1.05620e+00    1.05660e+00    1.05700e+00    1.05750e+00    1.05790e+00    1.05910e+00    1.05830e+00    1.05740e+00    1.05680e+00    1.05630e+00    1.05600e+00    1.05580e+00    1.05570e+00    
1.01900e+03    1.02030e+00    1.02770e+00    1.03300e+00    1.03700e+00    1.03790e+00    1.03800e+00    1.03790e+00    1.03770e+00    1.03720e+00    1.03700e+00    1.03720e+00    1.03760e+00    1.03820e+00    1.03880e+00    1.03930e+00    1.03980e+00    1.04030e+00    1.04070e+00    1.04110e+00    1.04140e+00    1.04150e+00    1.03980e+00    1.03810e+00    1.03690e+00    1.03610e+00    1.03580e+00    1.03570e+00    1.03570e+00    
1.01920e+03    9.89200e-01    9.98500e-01    9.87800e-01    9.76600e-01    9.69200e-01    9.64800e-01    9.61600e-01    9.58000e-01    9.53900e-01    9.50500e-01    9.48700e-01    9.47800e-01    9.47600e-01    9.47700e-01    9.47800e-01    9.47900e-01    9.48000e-01    9.48100e-01    9.48200e-01    9.48200e-01    9.47400e-01    9.45500e-01    9.43700e-01    9.42300e-01    9.41300e-01    9.40800e-01    9.40700e-01    9.40500e-01    
1.01940e+03    9.82100e-01    9.94800e-01    9.86000e-01    9.70200e-01    9.60700e-01    9.52800e-01    9.47400e-01    9.42700e-01    9.38200e-01    9.34500e-01    9.32000e-01    9.30400e-01    9.29300e-01    9.28400e-01    9.27500e-01    9.26700e-01    9.25800e-01    9.24900e-01    9.24100e-01    9.23300e-01    9.17300e-01    9.13200e-01    9.09900e-01    9.07300e-01    9.05600e-01    9.04600e-01    9.04300e-01    9.04100e-01    
1.01960e+03    9.88700e-01    1.00130e+00    1.00300e+00    9.93400e-01    9.85600e-01    9.77900e-01    9.71900e-01    9.67100e-01    9.63300e-01    9.60400e-01    9.58500e-01    9.57200e-01    9.56200e-01    9.55200e-01    9.54000e-01    9.52600e-01    9.51100e-01    9.49500e-01    9.47900e-01    9.46300e-01    9.36100e-01    9.31000e-01    9.27400e-01    9.24900e-01    9.23200e-01    9.22300e-01    9.21900e-01    9.21600e-01    
1.01980e+03    9.81600e-01    9.93200e-01    9.97900e-01    9.88500e-01    9.80500e-01    9.72400e-01    9.65800e-01    9.60300e-01    9.55600e-01    9.52100e-01    9.49900e-01    9.48400e-01    9.47300e-01    9.46300e-01    9.45000e-01    9.43600e-01    9.42000e-01    9.40400e-01    9.38800e-01    9.37200e-01    9.26900e-01    9.22000e-01    9.18500e-01    9.15900e-01    9.14100e-01    9.13200e-01    9.12900e-01    9.12700e-01    
1.02000e+03    9.70600e-01    9.81400e-01    9.89900e-01    9.88700e-01    9.84600e-01    9.80100e-01    9.76800e-01    9.74500e-01    9.72900e-01    9.71400e-01    9.70200e-01    9.69000e-01    9.67700e-01    9.66500e-01    9.65100e-01    9.63700e-01    9.62300e-01    9.60800e-01    9.59400e-01    9.58000e-01    9.48800e-01    9.43800e-01    9.40100e-01    9.37500e-01    9.35700e-01    9.34700e-01    9.34300e-01    9.34100e-01    
1.02020e+03    9.35400e-01    9.42000e-01    9.41100e-01    9.42500e-01    9.42600e-01    9.41100e-01    9.40400e-01    9.40200e-01    9.40100e-01    9.39800e-01    9.39300e-01    9.38700e-01    9.37900e-01    9.37100e-01    9.36200e-01    9.35300e-01    9.34400e-01    9.33500e-01    9.32500e-01    9.31600e-01    9.25100e-01    9.20800e-01    9.17300e-01    9.14700e-01    9.12900e-01    9.12000e-01    9.11600e-01    9.11500e-01    
1.02040e+03    8.68300e-01    8.71100e-01    8.46700e-01    8.28500e-01    8.15300e-01    8.08900e-01    8.06900e-01    8.06500e-01    8.06400e-01    8.06100e-01    8.05600e-01    8.04800e-01    8.04000e-01    8.03200e-01    8.02600e-01    8.02000e-01    8.01500e-01    8.01100e-01    8.00700e-01    8.00300e-01    7.97900e-01    7.95700e-01    7.93000e-01    7.90800e-01    7.89200e-01    7.88500e-01    7.88400e-01    7.88300e-01    
1.02060e+03    8.10300e-01    8.10700e-01    7.68800e-01    7.39300e-01    7.27200e-01    7.21200e-01    7.18500e-01    7.16700e-01    7.14800e-01    7.13100e-01    7.11700e-01    7.10700e-01    7.10000e-01    7.09400e-01    7.09000e-01    7.08800e-01    7.08700e-01    7.08600e-01    7.08600e-01    7.08700e-01    7.08800e-01    7.07600e-01    7.05100e-01    7.02900e-01    7.01300e-01    7.00500e-01    7.00300e-01    7.00200e-01    
1.02080e+03    8.17000e-01    8.23300e-01    8.06000e-01    7.93600e-01    7.84500e-01    7.77000e-01    7.72300e-01    7.69200e-01    7.66600e-01    7.64400e-01    7.62500e-01    7.60900e-01    7.59300e-01    7.58000e-01    7.56700e-01    7.55600e-01    7.54600e-01    7.53700e-01    7.52800e-01    7.52000e-01    7.47200e-01    7.44300e-01    7.41100e-01    7.38500e-01    7.36600e-01    7.35600e-01    7.35200e-01    7.35100e-01    
1.02100e+03    8.16600e-01    8.27900e-01    8.11500e-01    7.91600e-01    7.79100e-01    7.69900e-01    7.63800e-01    7.59500e-01    7.56100e-01    7.53200e-01    7.50500e-01    7.48100e-01    7.45800e-01    7.43700e-01    7.41800e-01    7.40000e-01    7.38300e-01    7.36800e-01    7.35300e-01    7.34000e-01    7.26500e-01    7.23000e-01    7.19800e-01    7.17300e-01    7.15600e-01    7.14800e-01    7.14600e-01    7.14500e-01    
1.02120e+03    8.01400e-01    8.22100e-01    8.07500e-01    7.83800e-01    7.69700e-01    7.58600e-01    7.52000e-01    7.47800e-01    7.44400e-01    7.41300e-01    7.38400e-01    7.35700e-01    7.33100e-01    7.30800e-01    7.28600e-01    7.26700e-01    7.25000e-01    7.23400e-01    7.21900e-01    7.20500e-01    7.12600e-01    7.08700e-01    7.05100e-01    7.02300e-01    7.00300e-01    6.99100e-01    6.98700e-01    6.98600e-01    
1.02140e+03    7.92000e-01    8.16700e-01    8.05100e-01    7.90200e-01    7.79900e-01    7.71600e-01    7.66400e-01    7.62400e-01    7.58600e-01    7.55500e-01    7.53000e-01    7.51100e-01    7.49400e-01    7.47900e-01    7.46400e-01    7.45000e-01    7.43500e-01    7.42100e-01    7.40700e-01    7.39400e-01    7.31500e-01    7.27600e-01    7.24200e-01    7.21600e-01    7.19700e-01    7.18800e-01    7.18400e-01    7.18300e-01    
1.02160e+03    8.00900e-01    8.27100e-01    8.25600e-01    8.23000e-01    8.20500e-01    8.18100e-01    8.17200e-01    8.16300e-01    8.15100e-01    8.14100e-01    8.13800e-01    8.13900e-01    8.14000e-01    8.14000e-01    8.13700e-01    8.13000e-01    8.12100e-01    8.11100e-01    8.10000e-01    8.08900e-01    8.00600e-01    7.95700e-01    7.91900e-01    7.89100e-01    7.87100e-01    7.86000e-01    7.85600e-01    7.85400e-01    
1.02180e+03    8.08900e-01    8.37300e-01    8.48100e-01    8.57000e-01    8.60000e-01    8.62100e-01    8.64600e-01    8.66300e-01    8.66900e-01    8.67300e-01    8.67900e-01    8.68400e-01    8.68700e-01    8.68800e-01    8.68600e-01    8.68000e-01    8.67100e-01    8.66200e-01    8.65100e-01    8.64000e-01    8.54800e-01    8.48900e-01    8.44500e-01    8.41200e-01    8.38900e-01    8.37600e-01    8.37100e-01    8.36800e-01    
1.02200e+03    7.94400e-01    8.23700e-01    8.40200e-01    8.50100e-01    8.54000e-01    8.56500e-01    8.59500e-01    8.61400e-01    8.62000e-01    8.62200e-01    8.62500e-01    8.62900e-01    8.63200e-01    8.63200e-01    8.62900e-01    8.62300e-01    8.61500e-01    8.60600e-01    8.59600e-01    8.58500e-01    8.49100e-01    8.42600e-01    8.37500e-01    8.33800e-01    8.31100e-01    8.29600e-01    8.29000e-01    8.28700e-01    
1.02220e+03    7.69000e-01    7.96700e-01    8.13700e-01    8.23600e-01    8.28100e-01    8.32100e-01    8.36800e-01    8.40900e-01    8.43500e-01    8.45300e-01    8.46600e-01    8.47600e-01    8.48200e-01    8.48500e-01    8.48400e-01    8.48000e-01    8.47300e-01    8.46500e-01    8.45600e-01    8.44600e-01    8.35200e-01    8.28100e-01    8.22500e-01    8.18400e-01    8.15500e-01    8.13900e-01    8.13300e-01    8.13000e-01    
1.02240e+03    7.34100e-01    7.59700e-01    7.73000e-01    7.76700e-01    7.78700e-01    7.82000e-01    7.86200e-01    7.89700e-01    7.92000e-01    7.93500e-01    7.94700e-01    7.95600e-01    7.96200e-01    7.96400e-01    7.96200e-01    7.95700e-01    7.94900e-01    7.94000e-01    7.93100e-01    7.92000e-01    7.83000e-01    7.76800e-01    7.71900e-01    7.68200e-01    7.65600e-01    7.64200e-01    7.63600e-01    7.63300e-01    
1.02260e+03    6.97600e-01    7.22600e-01    7.31700e-01    7.32300e-01    7.32900e-01    7.35400e-01    7.39100e-01    7.42000e-01    7.43600e-01    7.44700e-01    7.45700e-01    7.46500e-01    7.47100e-01    7.47300e-01    7.47100e-01    7.46600e-01    7.45800e-01    7.44800e-01    7.43700e-01    7.42600e-01    7.33800e-01    7.28400e-01    7.24000e-01    7.20800e-01    7.18400e-01    7.16800e-01    7.15800e-01    7.15300e-01    
1.02280e+03    6.63800e-01    6.88100e-01    6.95600e-01    6.99600e-01    7.01900e-01    7.05200e-01    7.10000e-01    7.13900e-01    7.16100e-01    7.17700e-01    7.19100e-01    7.20300e-01    7.21300e-01    7.21800e-01    7.21800e-01    7.21400e-01    7.20700e-01    7.19800e-01    7.18800e-01    7.17600e-01    7.09100e-01    7.04000e-01    7.00100e-01    6.97200e-01    6.95200e-01    6.93800e-01    6.93000e-01    6.92800e-01    
1.02300e+03    6.43900e-01    6.69200e-01    6.75200e-01    6.84200e-01    6.89700e-01    6.95900e-01    7.03000e-01    7.08800e-01    7.12600e-01    7.15300e-01    7.17400e-01    7.19000e-01    7.20300e-01    7.21000e-01    7.21200e-01    7.21000e-01    7.20400e-01    7.19700e-01    7.18800e-01    7.17900e-01    7.09800e-01    7.04700e-01    7.00900e-01    6.98200e-01    6.96300e-01    6.95100e-01    6.94500e-01    6.94300e-01    
1.02320e+03    6.29900e-01    6.60100e-01    6.61900e-01    6.65500e-01    6.69800e-01    6.75100e-01    6.82300e-01    6.88000e-01    6.91300e-01    6.93400e-01    6.95100e-01    6.96400e-01    6.97300e-01    6.97800e-01    6.97700e-01    6.97300e-01    6.96600e-01    6.95600e-01    6.94600e-01    6.93400e-01    6.84600e-01    6.79200e-01    6.75000e-01    6.71900e-01    6.69700e-01    6.68300e-01    6.67700e-01    6.67400e-01    
1.02340e+03    6.14500e-01    6.49300e-01    6.46900e-01    6.47400e-01    6.52200e-01    6.57900e-01    6.65500e-01    6.71500e-01    6.74700e-01    6.76700e-01    6.78200e-01    6.79200e-01    6.79900e-01    6.80100e-01    6.79800e-01    6.79100e-01    6.78100e-01    6.77000e-01    6.75700e-01    6.74300e-01    6.64800e-01    6.59400e-01    6.55100e-01    6.51900e-01    6.49600e-01    6.48200e-01    6.47500e-01    6.47200e-01    
1.02360e+03    5.93800e-01    6.31800e-01    6.27400e-01    6.22200e-01    6.25000e-01    6.29400e-01    6.36400e-01    6.41700e-01    6.44300e-01    6.45600e-01    6.46700e-01    6.47500e-01    6.48100e-01    6.48200e-01    6.47800e-01    6.47000e-01    6.45900e-01    6.44600e-01    6.43200e-01    6.41800e-01    6.32600e-01    6.28300e-01    6.24500e-01    6.21600e-01    6.19600e-01    6.18400e-01    6.17900e-01    6.17600e-01    
1.02380e+03    5.57600e-01    5.94200e-01    5.77200e-01    5.61800e-01    5.60600e-01    5.63000e-01    5.68600e-01    5.72800e-01    5.74000e-01    5.74300e-01    5.74700e-01    5.75200e-01    5.75500e-01    5.75500e-01    5.75100e-01    5.74300e-01    5.73300e-01    5.72200e-01    5.70900e-01    5.69600e-01    5.62300e-01    5.59500e-01    5.56700e-01    5.54300e-01    5.52600e-01    5.51700e-01    5.51300e-01    5.51100e-01    
1.02400e+03    5.18100e-01    5.51000e-01    5.22400e-01    4.95800e-01    4.89000e-01    4.89100e-01    4.93200e-01    4.95900e-01    4.96100e-01    4.95600e-01    4.95300e-01    4.95200e-01    4.95100e-01    4.94900e-01    4.94400e-01    4.93700e-01    4.92900e-01    4.91900e-01    4.90900e-01    4.89900e-01    4.85200e-01    4.83800e-01    4.81700e-01    4.79800e-01    4.78400e-01    4.77500e-01    4.77200e-01    4.77100e-01    
1.02420e+03    4.73200e-01    4.96300e-01    4.59600e-01    4.28000e-01    4.17100e-01    4.16400e-01    4.19800e-01    4.21800e-01    4.21300e-01    4.20200e-01    4.19700e-01    4.19400e-01    4.19400e-01    4.19300e-01    4.19000e-01    4.18600e-01    4.18000e-01    4.17400e-01    4.16800e-01    4.16200e-01    4.14000e-01    4.13900e-01    4.12100e-01    4.10200e-01    4.08700e-01    4.07700e-01    4.07200e-01    4.06900e-01    
1.02440e+03    4.39700e-01    4.52000e-01    4.12000e-01    3.84700e-01    3.75100e-01    3.75600e-01    3.80400e-01    3.83700e-01    3.84600e-01    3.84500e-01    3.84500e-01    3.84600e-01    3.84700e-01    3.84700e-01    3.84500e-01    3.84200e-01    3.83800e-01    3.83300e-01    3.82900e-01    3.82400e-01    3.81800e-01    3.82900e-01    3.82200e-01    3.81200e-01    3.80400e-01    3.80000e-01    3.79900e-01    3.79900e-01    
1.02460e+03    4.14300e-01    4.26300e-01    3.83400e-01    3.54300e-01    3.43000e-01    3.41900e-01    3.45400e-01    3.47900e-01    3.48400e-01    3.48200e-01    3.48200e-01    3.48300e-01    3.48400e-01    3.48500e-01    3.48400e-01    3.48100e-01    3.47800e-01    3.47500e-01    3.47100e-01    3.46800e-01    3.47400e-01    3.49300e-01    3.49200e-01    3.48500e-01    3.47800e-01    3.47500e-01    3.47400e-01    3.47500e-01    
1.02480e+03    3.79200e-01    3.89800e-01    3.36800e-01    3.06200e-01    2.93100e-01    2.90000e-01    2.91200e-01    2.92200e-01    2.92100e-01    2.91700e-01    2.91600e-01    2.91700e-01    2.91900e-01    2.92000e-01    2.92000e-01    2.91900e-01    2.91700e-01    2.91500e-01    2.91300e-01    2.91100e-01    2.93500e-01    2.96600e-01    2.97100e-01    2.96700e-01    2.96200e-01    2.96000e-01    2.96000e-01    2.96100e-01    
1.02500e+03    3.50500e-01    3.61100e-01    3.02900e-01    2.70800e-01    2.56600e-01    2.50700e-01    2.49500e-01    2.49000e-01    2.48100e-01    2.47400e-01    2.47100e-01    2.47100e-01    2.47200e-01    2.47300e-01    2.47300e-01    2.47300e-01    2.47200e-01    2.47100e-01    2.47000e-01    2.46900e-01    2.50400e-01    2.54600e-01    2.55900e-01    2.56200e-01    2.56200e-01    2.56200e-01    2.56200e-01    2.56200e-01    
1.02520e+03    3.23800e-01    3.28600e-01    2.69500e-01    2.37800e-01    2.23800e-01    2.17000e-01    2.14400e-01    2.13100e-01    2.12100e-01    2.11400e-01    2.11000e-01    2.10900e-01    2.10900e-01    2.10900e-01    2.10800e-01    2.10700e-01    2.10600e-01    2.10500e-01    2.10400e-01    2.10300e-01    2.14200e-01    2.18600e-01    2.19800e-01    2.19800e-01    2.19600e-01    2.19600e-01    2.19700e-01    2.19900e-01    
1.02540e+03    3.03800e-01    3.05600e-01    2.50900e-01    2.20800e-01    2.07400e-01    2.01000e-01    1.97800e-01    1.95800e-01    1.94500e-01    1.93600e-01    1.93000e-01    1.92600e-01    1.92300e-01    1.92100e-01    1.91800e-01    1.91600e-01    1.91400e-01    1.91200e-01    1.91100e-01    1.91000e-01    1.95200e-01    2.00100e-01    2.01500e-01    2.01600e-01    2.01400e-01    2.01300e-01    2.01400e-01    2.01500e-01    
1.02560e+03    2.85800e-01    2.88300e-01    2.37700e-01    2.08700e-01    1.95900e-01    1.89900e-01    1.86700e-01    1.84600e-01    1.83200e-01    1.82300e-01    1.81800e-01    1.81500e-01    1.81300e-01    1.81200e-01    1.81000e-01    1.80900e-01    1.80800e-01    1.80700e-01    1.80700e-01    1.80600e-01    1.85400e-01    1.90500e-01    1.92100e-01    1.92300e-01    1.92200e-01    1.92100e-01    1.92200e-01    1.92300e-01    
1.02580e+03    2.66400e-01    2.69500e-01    2.20300e-01    1.96000e-01    1.85800e-01    1.81200e-01    1.79000e-01    1.77700e-01    1.76900e-01    1.76600e-01    1.76500e-01    1.76600e-01    1.76800e-01    1.77000e-01    1.77200e-01    1.77200e-01    1.77300e-01    1.77400e-01    1.77500e-01    1.77600e-01    1.82800e-01    1.87900e-01    1.89300e-01    1.89400e-01    1.89200e-01    1.89200e-01    1.89400e-01    1.89600e-01    
1.02600e+03    2.59900e-01    2.66400e-01    2.24500e-01    2.03700e-01    1.96200e-01    1.94100e-01    1.93200e-01    1.92400e-01    1.91700e-01    1.91500e-01    1.91600e-01    1.92100e-01    1.92600e-01    1.93100e-01    1.93400e-01    1.93600e-01    1.93800e-01    1.93800e-01    1.93900e-01    1.94000e-01    1.98600e-01    2.03300e-01    2.04500e-01    2.04400e-01    2.04200e-01    2.04100e-01    2.04200e-01    2.04300e-01    
1.02620e+03    2.70800e-01    2.77900e-01    2.45700e-01    2.28800e-01    2.23900e-01    2.23500e-01    2.24200e-01    2.24500e-01    2.24400e-01    2.24400e-01    2.24800e-01    2.25400e-01    2.26100e-01    2.26700e-01    2.27000e-01    2.27300e-01    2.27400e-01    2.27500e-01    2.27500e-01    2.27500e-01    2.31200e-01    2.35100e-01    2.35900e-01    2.35600e-01    2.35200e-01    2.34900e-01    2.34800e-01    2.34900e-01    
1.02640e+03    2.81500e-01    2.89100e-01    2.67100e-01    2.54100e-01    2.51000e-01    2.50600e-01    2.51600e-01    2.52100e-01    2.51700e-01    2.51500e-01    2.51700e-01    2.52300e-01    2.53000e-01    2.53600e-01    2.54000e-01    2.54100e-01    2.54200e-01    2.54100e-01    2.54000e-01    2.53900e-01    2.56500e-01    2.59700e-01    2.60300e-01    2.60100e-01    2.59700e-01    2.59500e-01    2.59500e-01    2.59500e-01    
1.02660e+03    2.98400e-01    3.08500e-01    3.01700e-01    2.94500e-01    2.93800e-01    2.93600e-01    2.94700e-01    2.95100e-01    2.94600e-01    2.94100e-01    2.94400e-01    2.94900e-01    2.95600e-01    2.96200e-01    2.96400e-01    2.96400e-01    2.96300e-01    2.96100e-01    2.95800e-01    2.95400e-01    2.96600e-01    2.99200e-01    2.99300e-01    2.98700e-01    2.98100e-01    2.97800e-01    2.97700e-01    2.97700e-01    
1.02680e+03    3.13500e-01    3.26400e-01    3.32800e-01    3.29400e-01    3.30100e-01    3.29200e-01    3.30600e-01    3.31800e-01    3.31800e-01    3.31800e-01    3.32300e-01    3.33200e-01    3.34200e-01    3.35000e-01    3.35500e-01    3.35500e-01    3.35400e-01    3.35100e-01    3.34800e-01    3.34400e-01    3.34500e-01    3.36200e-01    3.35800e-01    3.34700e-01    3.33800e-01    3.33200e-01    3.33100e-01    3.33100e-01    
1.02700e+03    3.23300e-01    3.36300e-01    3.51600e-01    3.53600e-01    3.57500e-01    3.59300e-01    3.62600e-01    3.65200e-01    3.66400e-01    3.67400e-01    3.68700e-01    3.70200e-01    3.71600e-01    3.72800e-01    3.73400e-01    3.73700e-01    3.73700e-01    3.73600e-01    3.73300e-01    3.72900e-01    3.72200e-01    3.72900e-01    3.71900e-01    3.70600e-01    3.69500e-01    3.68800e-01    3.68300e-01    3.68100e-01    
1.02720e+03    3.36500e-01    3.52500e-01    3.75400e-01    3.81100e-01    3.85700e-01    3.87600e-01    3.91800e-01    3.95500e-01    3.97500e-01    3.99100e-01    4.00800e-01    4.02500e-01    4.04100e-01    4.05300e-01    4.05900e-01    4.06000e-01    4.05900e-01    4.05500e-01    4.05000e-01    4.04300e-01    4.02000e-01    4.02000e-01    4.00700e-01    3.99200e-01    3.98000e-01    3.97200e-01    3.96800e-01    3.96600e-01    
1.02740e+03    3.47600e-01    3.66100e-01    3.94300e-01    4.03400e-01    4.08400e-01    4.11100e-01    4.16400e-01    4.21400e-01    4.24800e-01    4.27500e-01    4.30100e-01    4.32300e-01    4.34100e-01    4.35500e-01    4.36200e-01    4.36400e-01    4.36300e-01    4.35800e-01    4.35300e-01    4.34600e-01    4.31600e-01    4.31200e-01    4.29700e-01    4.28100e-01    4.26900e-01    4.26200e-01    4.26000e-01    4.25900e-01    
1.02760e+03    3.50000e-01    3.68600e-01    3.94600e-01    4.06500e-01    4.12800e-01    4.17700e-01    4.24500e-01    4.30600e-01    4.35200e-01    4.38900e-01    4.42400e-01    4.45400e-01    4.48100e-01    4.50100e-01    4.51500e-01    4.52200e-01    4.52600e-01    4.52700e-01    4.52600e-01    4.52400e-01    4.50800e-01    4.50100e-01    4.48200e-01    4.46300e-01    4.44900e-01    4.44200e-01    4.43900e-01    4.43800e-01    
1.02780e+03    3.47100e-01    3.68200e-01    3.88700e-01    3.94600e-01    3.96900e-01    4.00900e-01    4.07600e-01    4.13700e-01    4.18100e-01    4.22000e-01    4.25600e-01    4.28800e-01    4.31700e-01    4.33900e-01    4.35500e-01    4.36400e-01    4.37000e-01    4.37200e-01    4.37200e-01    4.37100e-01    4.36300e-01    4.36100e-01    4.34400e-01    4.32700e-01    4.31300e-01    4.30400e-01    4.29900e-01    4.29800e-01    
1.02800e+03    3.41700e-01    3.65100e-01    3.80100e-01    3.80100e-01    3.79000e-01    3.80800e-01    3.86300e-01    3.91400e-01    3.95000e-01    3.98100e-01    4.01200e-01    4.04200e-01    4.06900e-01    4.09000e-01    4.10400e-01    4.11200e-01    4.11600e-01    4.11700e-01    4.11600e-01    4.11300e-01    4.10400e-01    4.10700e-01    4.09300e-01    4.07700e-01    4.06400e-01    4.05600e-01    4.05300e-01    4.05200e-01    
1.02820e+03    3.63200e-01    3.90700e-01    4.10600e-01    4.13800e-01    4.13500e-01    4.16800e-01    4.23100e-01    4.29000e-01    4.33400e-01    4.37100e-01    4.40500e-01    4.43500e-01    4.46100e-01    4.48100e-01    4.49400e-01    4.50000e-01    4.50300e-01    4.50300e-01    4.50000e-01    4.49600e-01    4.47800e-01    4.47200e-01    4.45100e-01    4.43100e-01    4.41400e-01    4.40400e-01    4.39800e-01    4.39600e-01    
1.02840e+03    3.85800e-01    4.15800e-01    4.39500e-01    4.47500e-01    4.48900e-01    4.54000e-01    4.60700e-01    4.66500e-01    4.70900e-01    4.74700e-01    4.78200e-01    4.81200e-01    4.83800e-01    4.85800e-01    4.87100e-01    4.87700e-01    4.88000e-01    4.88000e-01    4.87700e-01    4.87300e-01    4.84900e-01    4.83700e-01    4.81300e-01    4.79100e-01    4.77400e-01    4.76200e-01    4.75700e-01    4.75500e-01    
1.02860e+03    4.01400e-01    4.34300e-01    4.56800e-01    4.63500e-01    4.65000e-01    4.71000e-01    4.78800e-01    4.85800e-01    4.91500e-01    4.96300e-01    5.00400e-01    5.03700e-01    5.06400e-01    5.08500e-01    5.09900e-01    5.10700e-01    5.11200e-01    5.11300e-01    5.11300e-01    5.11100e-01    5.09100e-01    5.07500e-01    5.05000e-01    5.02600e-01    5.00800e-01    4.99800e-01    4.99400e-01    4.99200e-01    
1.02880e+03    4.11700e-01    4.48200e-01    4.65500e-01    4.65000e-01    4.65100e-01    4.71700e-01    4.80200e-01    4.87500e-01    4.93000e-01    4.97700e-01    5.02000e-01    5.05700e-01    5.09000e-01    5.11700e-01    5.13800e-01    5.15200e-01    5.16400e-01    5.17200e-01    5.17700e-01    5.18100e-01    5.18900e-01    5.17700e-01    5.15400e-01    5.13200e-01    5.11500e-01    5.10500e-01    5.10000e-01    5.09800e-01    
1.02900e+03    4.39100e-01    4.78700e-01    5.02400e-01    5.10800e-01    5.14900e-01    5.24100e-01    5.34300e-01    5.43100e-01    5.50000e-01    5.55800e-01    5.60600e-01    5.64500e-01    5.67800e-01    5.70500e-01    5.72500e-01    5.73900e-01    5.75000e-01    5.75800e-01    5.76300e-01    5.76700e-01    5.76600e-01    5.74500e-01    5.71800e-01    5.69400e-01    5.67600e-01    5.66400e-01    5.65800e-01    5.65500e-01    
1.02920e+03    4.57500e-01    5.01400e-01    5.29100e-01    5.36200e-01    5.41100e-01    5.51000e-01    5.60800e-01    5.68700e-01    5.75100e-01    5.80300e-01    5.84700e-01    5.88100e-01    5.91000e-01    5.93200e-01    5.94800e-01    5.95800e-01    5.96500e-01    5.96800e-01    5.96900e-01    5.96900e-01    5.94800e-01    5.92200e-01    5.89300e-01    5.86800e-01    5.84900e-01    5.83800e-01    5.83300e-01    5.83000e-01    
1.02940e+03    4.58200e-01    5.02500e-01    5.26200e-01    5.30500e-01    5.36200e-01    5.45400e-01    5.53700e-01    5.60100e-01    5.65200e-01    5.69300e-01    5.72800e-01    5.75500e-01    5.77800e-01    5.79400e-01    5.80500e-01    5.81100e-01    5.81300e-01    5.81300e-01    5.81200e-01    5.80900e-01    5.78000e-01    5.75800e-01    5.73100e-01    5.70800e-01    5.69000e-01    5.67800e-01    5.67200e-01    5.66900e-01    
1.02960e+03    4.59900e-01    5.03300e-01    5.21500e-01    5.24200e-01    5.32400e-01    5.42200e-01    5.50600e-01    5.57300e-01    5.62600e-01    5.66800e-01    5.70100e-01    5.72500e-01    5.74300e-01    5.75600e-01    5.76400e-01    5.76700e-01    5.76800e-01    5.76700e-01    5.76400e-01    5.76000e-01    5.73100e-01    5.71300e-01    5.69100e-01    5.67100e-01    5.65600e-01    5.64500e-01    5.64000e-01    5.63700e-01    
1.02980e+03    4.52200e-01    4.92000e-01    5.08300e-01    5.09600e-01    5.18000e-01    5.27700e-01    5.35500e-01    5.41500e-01    5.46300e-01    5.50100e-01    5.53000e-01    5.55200e-01    5.56900e-01    5.58100e-01    5.58900e-01    5.59400e-01    5.59600e-01    5.59600e-01    5.59500e-01    5.59400e-01    5.58000e-01    5.57000e-01    5.55100e-01    5.53300e-01    5.52000e-01    5.51200e-01    5.50800e-01    5.50500e-01    
1.03000e+03    4.50600e-01    4.87000e-01    5.02200e-01    5.02300e-01    5.11200e-01    5.21600e-01    5.29800e-01    5.36100e-01    5.41100e-01    5.45100e-01    5.48300e-01    5.50800e-01    5.52700e-01    5.54300e-01    5.55400e-01    5.56200e-01    5.56900e-01    5.57300e-01    5.57700e-01    5.57900e-01    5.58700e-01    5.58200e-01    5.56700e-01    5.55100e-01    5.53800e-01    5.52900e-01    5.52400e-01    5.52200e-01    
1.03020e+03    4.50500e-01    4.83100e-01    4.95400e-01    4.92500e-01    5.00200e-01    5.11100e-01    5.19900e-01    5.26400e-01    5.31400e-01    5.35400e-01    5.38400e-01    5.40800e-01    5.42800e-01    5.44300e-01    5.45400e-01    5.46200e-01    5.46900e-01    5.47300e-01    5.47600e-01    5.47900e-01    5.48800e-01    5.48300e-01    5.46800e-01    5.45200e-01    5.44000e-01    5.43300e-01    5.42900e-01    5.42700e-01    
1.03040e+03    4.48200e-01    4.75100e-01    4.78000e-01    4.69400e-01    4.75100e-01    4.84700e-01    4.92300e-01    4.98000e-01    5.02400e-01    5.05900e-01    5.08700e-01    5.10900e-01    5.12600e-01    5.14000e-01    5.15000e-01    5.15800e-01    5.16300e-01    5.16700e-01    5.16900e-01    5.17100e-01    5.18000e-01    5.18000e-01    5.16700e-01    5.15400e-01    5.14300e-01    5.13600e-01    5.13200e-01    5.13000e-01    
1.03060e+03    4.51300e-01    4.71700e-01    4.68900e-01    4.60600e-01    4.68100e-01    4.77800e-01    4.85000e-01    4.89900e-01    4.93400e-01    4.96100e-01    4.98200e-01    4.99900e-01    5.01300e-01    5.02300e-01    5.03000e-01    5.03400e-01    5.03600e-01    5.03700e-01    5.03700e-01    5.03600e-01    5.03200e-01    5.02600e-01    5.01000e-01    4.99500e-01    4.98300e-01    4.97500e-01    4.97200e-01    4.97000e-01    
1.03080e+03    4.58600e-01    4.78100e-01    4.67700e-01    4.58300e-01    4.64900e-01    4.73900e-01    4.81100e-01    4.86000e-01    4.89300e-01    4.91600e-01    4.93300e-01    4.94600e-01    4.95600e-01    4.96200e-01    4.96500e-01    4.96400e-01    4.96200e-01    4.95900e-01    4.95500e-01    4.95000e-01    4.92200e-01    4.90900e-01    4.89000e-01    4.87300e-01    4.86100e-01    4.85400e-01    4.85100e-01    4.85000e-01    
1.03100e+03    4.81100e-01    5.07300e-01    4.99100e-01    4.85200e-01    4.85800e-01    4.89600e-01    4.94600e-01    4.98600e-01    5.01100e-01    5.02900e-01    5.04200e-01    5.05200e-01    5.05900e-01    5.06300e-01    5.06400e-01    5.06300e-01    5.06000e-01    5.05600e-01    5.05200e-01    5.04700e-01    5.01300e-01    4.99400e-01    4.97400e-01    4.95700e-01    4.94500e-01    4.93700e-01    4.93400e-01    4.93200e-01    
1.03120e+03    5.12300e-01    5.41500e-01    5.38300e-01    5.35400e-01    5.41000e-01    5.48000e-01    5.53900e-01    5.58600e-01    5.62000e-01    5.64600e-01    5.66300e-01    5.67500e-01    5.68200e-01    5.68600e-01    5.68600e-01    5.68400e-01    5.68000e-01    5.67500e-01    5.67000e-01    5.66300e-01    5.60600e-01    5.56700e-01    5.53800e-01    5.51700e-01    5.50300e-01    5.49500e-01    5.49100e-01    5.48800e-01    
1.03140e+03    5.49000e-01    5.87100e-01    5.94800e-01    5.96900e-01    6.02900e-01    6.08600e-01    6.13500e-01    6.17900e-01    6.21700e-01    6.24700e-01    6.26900e-01    6.28400e-01    6.29500e-01    6.30300e-01    6.30700e-01    6.30800e-01    6.30800e-01    6.30700e-01    6.30400e-01    6.30100e-01    6.25600e-01    6.21600e-01    6.18700e-01    6.16500e-01    6.15100e-01    6.14200e-01    6.13700e-01    6.13400e-01    
1.03160e+03    5.68000e-01    6.11600e-01    6.19600e-01    6.21300e-01    6.25400e-01    6.28900e-01    6.32200e-01    6.35600e-01    6.38600e-01    6.41400e-01    6.43600e-01    6.45500e-01    6.47000e-01    6.48200e-01    6.49100e-01    6.49700e-01    6.50200e-01    6.50500e-01    6.50700e-01    6.50800e-01    6.48900e-01    6.45900e-01    6.43400e-01    6.41600e-01    6.40200e-01    6.39400e-01    6.39000e-01    6.38900e-01    
1.03180e+03    5.84000e-01    6.27100e-01    6.43100e-01    6.47600e-01    6.50600e-01    6.51700e-01    6.52700e-01    6.54100e-01    6.55400e-01    6.56900e-01    6.58400e-01    6.59900e-01    6.61200e-01    6.62300e-01    6.63100e-01    6.63600e-01    6.63900e-01    6.64100e-01    6.64200e-01    6.64200e-01    6.61800e-01    6.59000e-01    6.56700e-01    6.55000e-01    6.53800e-01    6.53200e-01    6.52900e-01    6.52900e-01    
1.03200e+03    6.03500e-01    6.42900e-01    6.71200e-01    6.80900e-01    6.84300e-01    6.83700e-01    6.82900e-01    6.82500e-01    6.82400e-01    6.82700e-01    6.83400e-01    6.84200e-01    6.85000e-01    6.85500e-01    6.85600e-01    6.85400e-01    6.85000e-01    6.84400e-01    6.83700e-01    6.83000e-01    6.77400e-01    6.74200e-01    6.71900e-01    6.70200e-01    6.69000e-01    6.68100e-01    6.67800e-01    6.67700e-01    
1.03220e+03    6.36500e-01    6.77500e-01    7.20200e-01    7.29100e-01    7.32300e-01    7.28900e-01    7.26300e-01    7.25100e-01    7.24600e-01    7.24800e-01    7.25500e-01    7.26500e-01    7.27500e-01    7.28400e-01    7.28900e-01    7.29100e-01    7.29200e-01    7.29100e-01    7.28800e-01    7.28500e-01    7.24700e-01    7.21600e-01    7.19200e-01    7.17500e-01    7.16200e-01    7.15500e-01    7.15200e-01    7.15000e-01    
1.03240e+03    6.80100e-01    7.27100e-01    7.78900e-01    7.98600e-01    8.06400e-01    8.05500e-01    8.04300e-01    8.04700e-01    8.05800e-01    8.07500e-01    8.09300e-01    8.11000e-01    8.12700e-01    8.14100e-01    8.15300e-01    8.16100e-01    8.16700e-01    8.17200e-01    8.17500e-01    8.17700e-01    8.15800e-01    8.12300e-01    8.09600e-01    8.07600e-01    8.06300e-01    8.05500e-01    8.05200e-01    8.05000e-01    
1.03260e+03    6.98100e-01    7.49900e-01    7.98900e-01    8.15200e-01    8.20400e-01    8.18300e-01    8.16700e-01    8.16700e-01    8.17400e-01    8.18700e-01    8.20300e-01    8.22100e-01    8.23700e-01    8.25200e-01    8.26300e-01    8.27100e-01    8.27800e-01    8.28200e-01    8.28500e-01    8.28700e-01    8.27000e-01    8.23900e-01    8.21600e-01    8.19900e-01    8.18800e-01    8.18100e-01    8.17700e-01    8.17500e-01    
1.03280e+03    6.89000e-01    7.38400e-01    7.74500e-01    7.76800e-01    7.75600e-01    7.69700e-01    7.65900e-01    7.64000e-01    7.63100e-01    7.62800e-01    7.63300e-01    7.64000e-01    7.64800e-01    7.65500e-01    7.65900e-01    7.66000e-01    7.65900e-01    7.65700e-01    7.65400e-01    7.65100e-01    7.61300e-01    7.58700e-01    7.56900e-01    7.55600e-01    7.54800e-01    7.54300e-01    7.54000e-01    7.53900e-01    
1.03300e+03    6.79400e-01    7.23300e-01    7.50000e-01    7.39900e-01    7.34800e-01    7.26600e-01    7.20500e-01    7.16400e-01    7.13300e-01    7.11200e-01    7.10100e-01    7.09500e-01    7.09100e-01    7.08800e-01    7.08300e-01    7.07600e-01    7.06800e-01    7.05900e-01    7.05000e-01    7.04000e-01    6.97500e-01    6.94200e-01    6.92000e-01    6.90500e-01    6.89300e-01    6.88500e-01    6.88300e-01    6.88200e-01    
1.03320e+03    6.93800e-01    7.32700e-01    7.62600e-01    7.54900e-01    7.51300e-01    7.43400e-01    7.37000e-01    7.32400e-01    7.28600e-01    7.25700e-01    7.23600e-01    7.22000e-01    7.20700e-01    7.19500e-01    7.18100e-01    7.16700e-01    7.15300e-01    7.13800e-01    7.12400e-01    7.10900e-01    7.01400e-01    6.96400e-01    6.92800e-01    6.90300e-01    6.88600e-01    6.87300e-01    6.86600e-01    6.86300e-01    
1.03340e+03    7.23400e-01    7.62200e-01    7.92200e-01    7.87800e-01    7.86600e-01    7.81200e-01    7.76800e-01    7.73600e-01    7.70700e-01    7.68100e-01    7.65900e-01    7.64000e-01    7.62100e-01    7.60400e-01    7.58600e-01    7.56800e-01    7.54900e-01    7.53200e-01    7.51500e-01    7.49800e-01    7.38600e-01    7.32700e-01    7.28600e-01    7.25800e-01    7.23800e-01    7.22500e-01    7.21900e-01    7.21700e-01    
1.03360e+03    7.45100e-01    7.85400e-01    8.12300e-01    8.03400e-01    7.97700e-01    7.90900e-01    7.86300e-01    7.82700e-01    7.79300e-01    7.76100e-01    7.73500e-01    7.71200e-01    7.69000e-01    7.67000e-01    7.64900e-01    7.62900e-01    7.60800e-01    7.58800e-01    7.56900e-01    7.55000e-01    7.42400e-01    7.36100e-01    7.32200e-01    7.29600e-01    7.27800e-01    7.26600e-01    7.25800e-01    7.25300e-01    
1.03380e+03    7.61900e-01    8.04000e-01    8.26100e-01    8.08700e-01    7.98500e-01    7.90100e-01    7.84700e-01    7.80500e-01    7.76800e-01    7.73600e-01    7.70900e-01    7.68700e-01    7.66700e-01    7.64800e-01    7.62900e-01    7.61000e-01    7.59100e-01    7.57300e-01    7.55500e-01    7.53800e-01    7.42200e-01    7.36400e-01    7.33000e-01    7.30800e-01    7.29200e-01    7.28100e-01    7.27300e-01    7.27100e-01    
1.03400e+03    7.81500e-01    8.23200e-01    8.44300e-01    8.25800e-01    8.15900e-01    8.09600e-01    8.05700e-01    8.02600e-01    7.99800e-01    7.97300e-01    7.95100e-01    7.93300e-01    7.91600e-01    7.89900e-01    7.88300e-01    7.86700e-01    7.85100e-01    7.83500e-01    7.82000e-01    7.80500e-01    7.70200e-01    7.64600e-01    7.61100e-01    7.58900e-01    7.57300e-01    7.56100e-01    7.55500e-01    7.55300e-01    
1.03420e+03    7.96500e-01    8.35700e-01    8.53700e-01    8.36600e-01    8.27600e-01    8.23300e-01    8.20600e-01    8.18200e-01    8.15900e-01    8.13900e-01    8.12200e-01    8.10700e-01    8.09300e-01    8.08000e-01    8.06500e-01    8.05100e-01    8.03600e-01    8.02200e-01    8.00700e-01    7.99300e-01    7.89000e-01    7.83200e-01    7.79700e-01    7.77400e-01    7.75700e-01    7.74600e-01    7.73900e-01    7.73700e-01    
1.03440e+03    7.99500e-01    8.33200e-01    8.53300e-01    8.39100e-01    8.32000e-01    8.28700e-01    8.26600e-01    8.24700e-01    8.22800e-01    8.21100e-01    8.19800e-01    8.18600e-01    8.17600e-01    8.16600e-01    8.15400e-01    8.14300e-01    8.13100e-01    8.11900e-01    8.10700e-01    8.09500e-01    8.00700e-01    7.95600e-01    7.92500e-01    7.90400e-01    7.89000e-01    7.87800e-01    7.87300e-01    7.87100e-01    
1.03460e+03    7.96300e-01    8.22000e-01    8.42900e-01    8.33000e-01    8.28600e-01    8.26600e-01    8.24900e-01    8.23500e-01    8.22100e-01    8.21000e-01    8.20000e-01    8.19300e-01    8.18500e-01    8.17800e-01    8.17100e-01    8.16200e-01    8.15400e-01    8.14500e-01    8.13700e-01    8.12800e-01    8.05600e-01    8.00900e-01    7.98000e-01    7.96100e-01    7.94800e-01    7.94000e-01    7.93600e-01    7.93400e-01    
1.03480e+03    7.80500e-01    7.94800e-01    8.08800e-01    8.02700e-01    8.00700e-01    7.99700e-01    7.99000e-01    7.98200e-01    7.97100e-01    7.96100e-01    7.95400e-01    7.95000e-01    7.94700e-01    7.94400e-01    7.94100e-01    7.93700e-01    7.93200e-01    7.92800e-01    7.92300e-01    7.91800e-01    7.86300e-01    7.81900e-01    7.78900e-01    7.76800e-01    7.75400e-01    7.74400e-01    7.73900e-01    7.73800e-01    
1.03500e+03    7.69100e-01    7.77900e-01    7.87000e-01    7.73800e-01    7.68300e-01    7.62900e-01    7.59400e-01    7.56800e-01    7.54300e-01    7.52200e-01    7.50900e-01    7.50100e-01    7.49500e-01    7.49100e-01    7.48600e-01    7.48200e-01    7.47600e-01    7.47100e-01    7.46600e-01    7.46000e-01    7.40100e-01    7.35200e-01    7.31800e-01    7.29400e-01    7.27600e-01    7.26500e-01    7.26000e-01    7.25800e-01    
1.03520e+03    7.55600e-01    7.55800e-01    7.58800e-01    7.44000e-01    7.39300e-01    7.33000e-01    7.27900e-01    7.23700e-01    7.19900e-01    7.16600e-01    7.14300e-01    7.12600e-01    7.11200e-01    7.10000e-01    7.08800e-01    7.07500e-01    7.06200e-01    7.05000e-01    7.03800e-01    7.02500e-01    6.92800e-01    6.86800e-01    6.82900e-01    6.80400e-01    6.78600e-01    6.77300e-01    6.76500e-01    6.75900e-01    
1.03540e+03    7.47500e-01    7.47000e-01    7.43300e-01    7.26400e-01    7.20400e-01    7.10500e-01    7.02200e-01    6.95600e-01    6.89700e-01    6.84800e-01    6.81100e-01    6.78400e-01    6.76200e-01    6.74300e-01    6.72500e-01    6.70800e-01    6.69200e-01    6.67700e-01    6.66200e-01    6.64800e-01    6.54100e-01    6.47700e-01    6.43700e-01    6.41100e-01    6.39300e-01    6.38000e-01    6.37200e-01    6.36600e-01    
1.03560e+03    7.43500e-01    7.45500e-01    7.34300e-01    7.16900e-01    7.11100e-01    6.99900e-01    6.90400e-01    6.82500e-01    6.75100e-01    6.68800e-01    6.64000e-01    6.60200e-01    6.57100e-01    6.54300e-01    6.51700e-01    6.49300e-01    6.46900e-01    6.44700e-01    6.42600e-01    6.40500e-01    6.25800e-01    6.17400e-01    6.12500e-01    6.09400e-01    6.07400e-01    6.06200e-01    6.05600e-01    6.05300e-01    
1.03580e+03    7.24300e-01    7.29500e-01    7.02000e-01    6.72900e-01    6.61200e-01    6.47400e-01    6.38600e-01    6.32000e-01    6.25300e-01    6.19300e-01    6.14600e-01    6.10900e-01    6.07800e-01    6.04900e-01    6.02200e-01    5.99700e-01    5.97200e-01    5.94800e-01    5.92500e-01    5.90300e-01    5.74200e-01    5.65100e-01    5.59800e-01    5.56500e-01    5.54300e-01    5.52900e-01    5.52100e-01    5.51600e-01    
1.03600e+03    6.44400e-01    6.37200e-01    5.71200e-01    5.19600e-01    4.97900e-01    4.84700e-01    4.78000e-01    4.73300e-01    4.68500e-01    4.64300e-01    4.61100e-01    4.58700e-01    4.56800e-01    4.55000e-01    4.53300e-01    4.51500e-01    4.49700e-01    4.48000e-01    4.46300e-01    4.44700e-01    4.32100e-01    4.24800e-01    4.20500e-01    4.17800e-01    4.16100e-01    4.15000e-01    4.14400e-01    4.14000e-01    
1.03620e+03    5.56600e-01    5.43300e-01    4.54100e-01    3.95600e-01    3.73300e-01    3.61200e-01    3.53400e-01    3.47200e-01    3.41800e-01    3.37400e-01    3.34400e-01    3.32300e-01    3.30700e-01    3.29400e-01    3.28000e-01    3.26700e-01    3.25400e-01    3.24200e-01    3.22900e-01    3.21700e-01    3.12400e-01    3.07000e-01    3.03700e-01    3.01600e-01    3.00300e-01    2.99500e-01    2.99100e-01    2.99100e-01    
1.03640e+03    5.87100e-01    5.87300e-01    5.25700e-01    4.76600e-01    4.67500e-01    4.57700e-01    4.50000e-01    4.43300e-01    4.36400e-01    4.30200e-01    4.25600e-01    4.22100e-01    4.19200e-01    4.16800e-01    4.14600e-01    4.12500e-01    4.10500e-01    4.08700e-01    4.07000e-01    4.05300e-01    3.92900e-01    3.85600e-01    3.81300e-01    3.78600e-01    3.76900e-01    3.75900e-01    3.75300e-01    3.75000e-01    
1.03660e+03    6.71200e-01    6.76900e-01    6.39400e-01    6.01700e-01    5.95800e-01    5.83800e-01    5.75200e-01    5.67900e-01    5.59800e-01    5.52300e-01    5.46300e-01    5.41700e-01    5.37700e-01    5.34300e-01    5.31100e-01    5.28100e-01    5.25300e-01    5.22600e-01    5.20100e-01    5.17700e-01    5.00700e-01    4.91200e-01    4.85700e-01    4.82200e-01    4.80000e-01    4.78700e-01    4.77900e-01    4.77400e-01    
1.03680e+03    6.44800e-01    6.44300e-01    5.75400e-01    5.20800e-01    5.01200e-01    4.88900e-01    4.81700e-01    4.75500e-01    4.68800e-01    4.62800e-01    4.58300e-01    4.54900e-01    4.52100e-01    4.49700e-01    4.47400e-01    4.45200e-01    4.43000e-01    4.41000e-01    4.39000e-01    4.37100e-01    4.23300e-01    4.15600e-01    4.11200e-01    4.08400e-01    4.06600e-01    4.05500e-01    4.04800e-01    4.04300e-01    
1.03700e+03    6.09400e-01    6.16200e-01    5.63500e-01    5.12500e-01    5.00900e-01    4.91400e-01    4.84600e-01    4.78300e-01    4.71600e-01    4.65600e-01    4.61200e-01    4.57900e-01    4.55300e-01    4.53100e-01    4.51000e-01    4.49000e-01    4.47000e-01    4.45200e-01    4.43400e-01    4.41700e-01    4.28700e-01    4.21000e-01    4.16400e-01    4.13500e-01    4.11700e-01    4.10500e-01    4.09900e-01    4.09500e-01    
1.03720e+03    7.29300e-01    7.25800e-01    7.27900e-01    7.19200e-01    7.20100e-01    7.09900e-01    7.01800e-01    6.94500e-01    6.86500e-01    6.79200e-01    6.73400e-01    6.69000e-01    6.65200e-01    6.61900e-01    6.58800e-01    6.55900e-01    6.53000e-01    6.50400e-01    6.47800e-01    6.45300e-01    6.26500e-01    6.15300e-01    6.08700e-01    6.04500e-01    6.01800e-01    6.00100e-01    5.99200e-01    5.98600e-01    
1.03740e+03    7.92600e-01    7.82900e-01    8.09400e-01    8.19000e-01    8.25100e-01    8.17400e-01    8.10900e-01    8.05300e-01    7.99000e-01    7.93100e-01    7.88500e-01    7.84800e-01    7.81600e-01    7.78700e-01    7.76000e-01    7.73300e-01    7.70700e-01    7.68200e-01    7.65800e-01    7.63400e-01    7.44500e-01    7.32400e-01    7.25200e-01    7.20700e-01    7.17700e-01    7.15700e-01    7.14500e-01    7.13700e-01    
1.03760e+03    8.20200e-01    8.13500e-01    8.51700e-01    8.75900e-01    8.88900e-01    8.82400e-01    8.76200e-01    8.71300e-01    8.65700e-01    8.60500e-01    8.56500e-01    8.53300e-01    8.50700e-01    8.48300e-01    8.45900e-01    8.43700e-01    8.41500e-01    8.39300e-01    8.37200e-01    8.35100e-01    8.17700e-01    8.06100e-01    7.98900e-01    7.94400e-01    7.91300e-01    7.89200e-01    7.87900e-01    7.87000e-01    
1.03780e+03    8.31100e-01    8.26600e-01    8.61200e-01    8.78400e-01    8.88800e-01    8.81600e-01    8.74900e-01    8.69100e-01    8.62700e-01    8.57000e-01    8.52700e-01    8.49700e-01    8.47300e-01    8.45400e-01    8.43600e-01    8.42100e-01    8.40600e-01    8.39200e-01    8.37900e-01    8.36500e-01    8.24000e-01    8.14100e-01    8.07700e-01    8.03400e-01    8.00400e-01    7.98400e-01    7.97100e-01    7.96300e-01    
1.03800e+03    8.08800e-01    8.01900e-01    8.06100e-01    7.91600e-01    7.93100e-01    7.85600e-01    7.78800e-01    7.72200e-01    7.64900e-01    7.58500e-01    7.54200e-01    7.51400e-01    7.49500e-01    7.48100e-01    7.47000e-01    7.45900e-01    7.45000e-01    7.44100e-01    7.43200e-01    7.42400e-01    7.33900e-01    7.26400e-01    7.20900e-01    7.16900e-01    7.14000e-01    7.12200e-01    7.11000e-01    7.10300e-01    
1.03820e+03    8.20700e-01    8.33300e-01    8.69700e-01    8.74400e-01    8.83300e-01    8.75900e-01    8.68600e-01    8.61700e-01    8.54100e-01    8.47300e-01    8.42600e-01    8.39300e-01    8.36800e-01    8.34800e-01    8.33000e-01    8.31400e-01    8.29800e-01    8.28300e-01    8.26800e-01    8.25400e-01    8.14000e-01    8.06100e-01    8.00600e-01    7.96700e-01    7.94000e-01    7.92000e-01    7.90800e-01    7.89900e-01    
1.03840e+03    8.73300e-01    8.83900e-01    9.30600e-01    9.44800e-01    9.54400e-01    9.45900e-01    9.37400e-01    9.30300e-01    9.23300e-01    9.17300e-01    9.13000e-01    9.10000e-01    9.07800e-01    9.06000e-01    9.04400e-01    9.03000e-01    9.01700e-01    9.00500e-01    8.99300e-01    8.98200e-01    8.88500e-01    8.81500e-01    8.77200e-01    8.74200e-01    8.72200e-01    8.70500e-01    8.69500e-01    8.68900e-01    
1.03860e+03    8.88500e-01    8.95200e-01    9.39800e-01    9.42100e-01    9.48300e-01    9.41500e-01    9.33900e-01    9.27300e-01    9.21100e-01    9.15900e-01    9.12400e-01    9.10100e-01    9.08400e-01    9.07100e-01    9.05800e-01    9.04500e-01    9.03300e-01    9.02100e-01    9.00900e-01    8.99800e-01    8.90500e-01    8.84200e-01    8.79900e-01    8.76900e-01    8.74700e-01    8.73100e-01    8.72000e-01    8.71500e-01    
1.03880e+03    9.07500e-01    8.99800e-01    9.43000e-01    9.61100e-01    9.71900e-01    9.71400e-01    9.68600e-01    9.65900e-01    9.63300e-01    9.60900e-01    9.59100e-01    9.57800e-01    9.56700e-01    9.55700e-01    9.54800e-01    9.54000e-01    9.53200e-01    9.52400e-01    9.51600e-01    9.50900e-01    9.44100e-01    9.38900e-01    9.35500e-01    9.33200e-01    9.31600e-01    9.30400e-01    9.29800e-01    9.29500e-01    
1.03900e+03    8.69100e-01    8.52600e-01    8.58100e-01    8.40200e-01    8.33500e-01    8.25400e-01    8.17500e-01    8.11700e-01    8.07700e-01    8.04900e-01    8.03100e-01    8.01900e-01    8.01000e-01    8.00400e-01    7.99900e-01    7.99500e-01    7.99100e-01    7.98700e-01    7.98400e-01    7.98000e-01    7.94100e-01    7.90700e-01    7.88400e-01    7.87000e-01    7.86000e-01    7.85400e-01    7.85100e-01    7.85000e-01    
1.03920e+03    9.19300e-01    8.98600e-01    9.06100e-01    8.98900e-01    9.03600e-01    9.03100e-01    8.99100e-01    8.95100e-01    8.92100e-01    8.89700e-01    8.87900e-01    8.86400e-01    8.85100e-01    8.84000e-01    8.82900e-01    8.81800e-01    8.80700e-01    8.79700e-01    8.78700e-01    8.77700e-01    8.69800e-01    8.64500e-01    8.61000e-01    8.58800e-01    8.57300e-01    8.56200e-01    8.55700e-01    8.55500e-01    
1.03940e+03    1.04560e+00    1.03640e+00    1.09330e+00    1.11460e+00    1.12920e+00    1.13160e+00    1.12850e+00    1.12500e+00    1.12240e+00    1.12010e+00    1.11790e+00    1.11590e+00    1.11400e+00    1.11220e+00    1.11060e+00    1.10910e+00    1.10770e+00    1.10640e+00    1.10520e+00    1.10410e+00    1.09400e+00    1.08740e+00    1.08380e+00    1.08160e+00    1.08020e+00    1.07930e+00    1.07860e+00    1.07820e+00    
1.03960e+03    1.04450e+00    1.02760e+00    1.07080e+00    1.08470e+00    1.09740e+00    1.09890e+00    1.09620e+00    1.09340e+00    1.09140e+00    1.08960e+00    1.08800e+00    1.08660e+00    1.08520e+00    1.08390e+00    1.08270e+00    1.08150e+00    1.08040e+00    1.07940e+00    1.07840e+00    1.07740e+00    1.06900e+00    1.06360e+00    1.06100e+00    1.05960e+00    1.05870e+00    1.05810e+00    1.05760e+00    1.05730e+00    
1.03980e+03    1.02410e+00    9.94900e-01    1.01400e+00    1.01800e+00    1.02800e+00    1.02900e+00    1.02690e+00    1.02450e+00    1.02240e+00    1.02060e+00    1.01900e+00    1.01770e+00    1.01640e+00    1.01510e+00    1.01390e+00    1.01260e+00    1.01140e+00    1.01020e+00    1.00910e+00    1.00790e+00    9.99800e-01    9.95600e-01    9.93500e-01    9.92300e-01    9.91500e-01    9.90900e-01    9.90600e-01    9.90300e-01    
1.04000e+03    1.03650e+00    9.89500e-01    9.80600e-01    9.71600e-01    9.75400e-01    9.73700e-01    9.71100e-01    9.68800e-01    9.66500e-01    9.64400e-01    9.62600e-01    9.61100e-01    9.59700e-01    9.58500e-01    9.57200e-01    9.56000e-01    9.54800e-01    9.53700e-01    9.52700e-01    9.51600e-01    9.45200e-01    9.42500e-01    9.41200e-01    9.40600e-01    9.40100e-01    9.39800e-01    9.39600e-01    9.39500e-01    
1.04020e+03    1.04330e+00    1.00130e+00    9.86800e-01    9.61000e-01    9.55300e-01    9.47200e-01    9.41000e-01    9.36100e-01    9.31300e-01    9.27200e-01    9.24200e-01    9.22100e-01    9.20500e-01    9.19200e-01    9.18000e-01    9.16900e-01    9.15800e-01    9.14900e-01    9.14000e-01    9.13100e-01    9.07800e-01    9.05300e-01    9.03600e-01    9.02500e-01    9.01800e-01    9.01300e-01    9.01000e-01    9.00800e-01    
1.04040e+03    1.09530e+00    1.05910e+00    1.06360e+00    1.05070e+00    1.05050e+00    1.04550e+00    1.04040e+00    1.03620e+00    1.03230e+00    1.02880e+00    1.02560e+00    1.02290e+00    1.02030e+00    1.01810e+00    1.01600e+00    1.01410e+00    1.01240e+00    1.01090e+00    1.00940e+00    1.00800e+00    9.99400e-01    9.95400e-01    9.93300e-01    9.92100e-01    9.91300e-01    9.90700e-01    9.90300e-01    9.90000e-01    
1.04060e+03    1.13610e+00    1.09850e+00    1.11320e+00    1.11170e+00    1.11670e+00    1.11500e+00    1.11140e+00    1.10800e+00    1.10480e+00    1.10180e+00    1.09880e+00    1.09590e+00    1.09310e+00    1.09050e+00    1.08810e+00    1.08590e+00    1.08390e+00    1.08200e+00    1.08020e+00    1.07850e+00    1.06740e+00    1.06180e+00    1.05890e+00    1.05720e+00    1.05610e+00    1.05520e+00    1.05470e+00    1.05430e+00    
1.04080e+03    1.12850e+00    1.08490e+00    1.08410e+00    1.07200e+00    1.07130e+00    1.06650e+00    1.06140e+00    1.05730e+00    1.05390e+00    1.05070e+00    1.04780e+00    1.04510e+00    1.04250e+00    1.04010e+00    1.03770e+00    1.03540e+00    1.03320e+00    1.03110e+00    1.02910e+00    1.02720e+00    1.01490e+00    1.00920e+00    1.00620e+00    1.00450e+00    1.00340e+00    1.00250e+00    1.00190e+00    1.00160e+00    
1.04100e+03    1.10780e+00    1.06130e+00    1.03530e+00    1.00260e+00    9.93800e-01    9.86700e-01    9.80800e-01    9.75800e-01    9.71200e-01    9.67200e-01    9.64300e-01    9.62100e-01    9.60200e-01    9.58700e-01    9.57100e-01    9.55500e-01    9.54000e-01    9.52600e-01    9.51200e-01    9.49800e-01    9.40700e-01    9.35900e-01    9.33000e-01    9.31100e-01    9.29800e-01    9.28900e-01    9.28400e-01    9.28200e-01    
1.04120e+03    1.17930e+00    1.14790e+00    1.14780e+00    1.13110e+00    1.12850e+00    1.12350e+00    1.11780e+00    1.11310e+00    1.10930e+00    1.10610e+00    1.10320e+00    1.10080e+00    1.09850e+00    1.09640e+00    1.09450e+00    1.09270e+00    1.09100e+00    1.08940e+00    1.08790e+00    1.08650e+00    1.07680e+00    1.07190e+00    1.06950e+00    1.06820e+00    1.06740e+00    1.06680e+00    1.06640e+00    1.06610e+00    
1.04140e+03    1.23330e+00    1.20730e+00    1.21220e+00    1.20460e+00    1.20590e+00    1.20450e+00    1.20090e+00    1.19760e+00    1.19540e+00    1.19350e+00    1.19170e+00    1.18990e+00    1.18820e+00    1.18650e+00    1.18500e+00    1.18350e+00    1.18210e+00    1.18070e+00    1.17950e+00    1.17820e+00    1.16900e+00    1.16400e+00    1.16170e+00    1.16050e+00    1.15980e+00    1.15930e+00    1.15890e+00    1.15870e+00    
1.04160e+03    1.24670e+00    1.21870e+00    1.22460e+00    1.21750e+00    1.21980e+00    1.21940e+00    1.21630e+00    1.21330e+00    1.21120e+00    1.20960e+00    1.20830e+00    1.20700e+00    1.20580e+00    1.20460e+00    1.20350e+00    1.20230e+00    1.20110e+00    1.20000e+00    1.19890e+00    1.19780e+00    1.18920e+00    1.18410e+00    1.18130e+00    1.17960e+00    1.17850e+00    1.17770e+00    1.17720e+00    1.17680e+00    
1.04180e+03    1.24620e+00    1.21200e+00    1.21750e+00    1.21030e+00    1.21220e+00    1.21120e+00    1.20770e+00    1.20480e+00    1.20310e+00    1.20200e+00    1.20130e+00    1.20070e+00    1.20020e+00    1.19970e+00    1.19920e+00    1.19860e+00    1.19800e+00    1.19730e+00    1.19670e+00    1.19610e+00    1.19080e+00    1.18780e+00    1.18670e+00    1.18620e+00    1.18590e+00    1.18560e+00    1.18540e+00    1.18540e+00    
1.04200e+03    1.24320e+00    1.20230e+00    1.20700e+00    1.20340e+00    1.20540e+00    1.20470e+00    1.20140e+00    1.19860e+00    1.19720e+00    1.19660e+00    1.19630e+00    1.19620e+00    1.19610e+00    1.19610e+00    1.19590e+00    1.19570e+00    1.19540e+00    1.19510e+00    1.19470e+00    1.19440e+00    1.19030e+00    1.18780e+00    1.18700e+00    1.18690e+00    1.18680e+00    1.18680e+00    1.18670e+00    1.18680e+00    
1.04220e+03    1.23490e+00    1.19660e+00    1.19510e+00    1.18850e+00    1.19170e+00    1.19330e+00    1.19190e+00    1.19040e+00    1.18990e+00    1.19000e+00    1.19040e+00    1.19100e+00    1.19160e+00    1.19220e+00    1.19270e+00    1.19310e+00    1.19340e+00    1.19370e+00    1.19400e+00    1.19420e+00    1.19360e+00    1.19230e+00    1.19210e+00    1.19220e+00    1.19230e+00    1.19230e+00    1.19230e+00    1.19260e+00    
1.04240e+03    1.22180e+00    1.18460e+00    1.17750e+00    1.17010e+00    1.17160e+00    1.17200e+00    1.17040e+00    1.16900e+00    1.16850e+00    1.16860e+00    1.16910e+00    1.16980e+00    1.17050e+00    1.17120e+00    1.17170e+00    1.17210e+00    1.17240e+00    1.17260e+00    1.17270e+00    1.17270e+00    1.17160e+00    1.17030e+00    1.17000e+00    1.16990e+00    1.16980e+00    1.16970e+00    1.16960e+00    1.16970e+00    
1.04260e+03    1.21070e+00    1.17540e+00    1.16790e+00    1.15760e+00    1.15360e+00    1.14970e+00    1.14580e+00    1.14320e+00    1.14200e+00    1.14160e+00    1.14190e+00    1.14240e+00    1.14300e+00    1.14360e+00    1.14390e+00    1.14400e+00    1.14400e+00    1.14390e+00    1.14370e+00    1.14340e+00    1.14010e+00    1.13780e+00    1.13670e+00    1.13620e+00    1.13590e+00    1.13550e+00    1.13530e+00    1.13510e+00    
1.04280e+03    1.21610e+00    1.18210e+00    1.18250e+00    1.17730e+00    1.17450e+00    1.17210e+00    1.16840e+00    1.16550e+00    1.16390e+00    1.16330e+00    1.16320e+00    1.16340e+00    1.16370e+00    1.16410e+00    1.16420e+00    1.16420e+00    1.16420e+00    1.16400e+00    1.16380e+00    1.16350e+00    1.15970e+00    1.15650e+00    1.15470e+00    1.15370e+00    1.15290e+00    1.15230e+00    1.15190e+00    1.15150e+00    
1.04300e+03    1.20770e+00    1.17170e+00    1.16800e+00    1.16370e+00    1.16550e+00    1.16660e+00    1.16570e+00    1.16490e+00    1.16490e+00    1.16530e+00    1.16600e+00    1.16670e+00    1.16740e+00    1.16800e+00    1.16840e+00    1.16860e+00    1.16880e+00    1.16890e+00    1.16890e+00    1.16880e+00    1.16610e+00    1.16330e+00    1.16170e+00    1.16080e+00    1.16020e+00    1.15950e+00    1.15910e+00    1.15870e+00    
1.04320e+03    1.17990e+00    1.13570e+00    1.11240e+00    1.09900e+00    1.09840e+00    1.09970e+00    1.09980e+00    1.09970e+00    1.09980e+00    1.10030e+00    1.10120e+00    1.10220e+00    1.10320e+00    1.10410e+00    1.10480e+00    1.10530e+00    1.10570e+00    1.10590e+00    1.10600e+00    1.10600e+00    1.10440e+00    1.10220e+00    1.10080e+00    1.09970e+00    1.09890e+00    1.09830e+00    1.09790e+00    1.09760e+00    
1.04340e+03    1.18330e+00    1.14250e+00    1.12310e+00    1.10070e+00    1.09350e+00    1.08870e+00    1.08540e+00    1.08330e+00    1.08190e+00    1.08130e+00    1.08150e+00    1.08210e+00    1.08290e+00    1.08370e+00    1.08440e+00    1.08490e+00    1.08540e+00    1.08570e+00    1.08600e+00    1.08620e+00    1.08600e+00    1.08470e+00    1.08350e+00    1.08260e+00    1.08180e+00    1.08120e+00    1.08080e+00    1.08060e+00    
1.04360e+03    1.19920e+00    1.15900e+00    1.14570e+00    1.13600e+00    1.13640e+00    1.13750e+00    1.13660e+00    1.13570e+00    1.13590e+00    1.13670e+00    1.13790e+00    1.13920e+00    1.14050e+00    1.14170e+00    1.14270e+00    1.14360e+00    1.14430e+00    1.14500e+00    1.14550e+00    1.14590e+00    1.14720e+00    1.14690e+00    1.14710e+00    1.14730e+00    1.14740e+00    1.14720e+00    1.14700e+00    1.14690e+00    
1.04380e+03    1.19930e+00    1.16710e+00    1.15390e+00    1.14430e+00    1.14530e+00    1.14700e+00    1.14640e+00    1.14580e+00    1.14630e+00    1.14730e+00    1.14880e+00    1.15040e+00    1.15200e+00    1.15340e+00    1.15470e+00    1.15580e+00    1.15670e+00    1.15750e+00    1.15820e+00    1.15890e+00    1.16160e+00    1.16250e+00    1.16370e+00    1.16460e+00    1.16530e+00    1.16550e+00    1.16550e+00    1.16560e+00    
1.04400e+03    1.19260e+00    1.16620e+00    1.15130e+00    1.14400e+00    1.14500e+00    1.14690e+00    1.14680e+00    1.14650e+00    1.14680e+00    1.14770e+00    1.14890e+00    1.15020e+00    1.15160e+00    1.15280e+00    1.15390e+00    1.15470e+00    1.15540e+00    1.15600e+00    1.15640e+00    1.15680e+00    1.15790e+00    1.15770e+00    1.15790e+00    1.15830e+00    1.15840e+00    1.15830e+00    1.15820e+00    1.15800e+00    
1.04420e+03    1.18040e+00    1.15380e+00    1.13830e+00    1.13120e+00    1.13110e+00    1.13210e+00    1.13250e+00    1.13300e+00    1.13370e+00    1.13460e+00    1.13560e+00    1.13660e+00    1.13750e+00    1.13830e+00    1.13900e+00    1.13940e+00    1.13980e+00    1.14000e+00    1.14010e+00    1.14020e+00    1.13910e+00    1.13770e+00    1.13710e+00    1.13690e+00    1.13670e+00    1.13650e+00    1.13620e+00    1.13610e+00    
1.04440e+03    1.18290e+00    1.15910e+00    1.15450e+00    1.14840e+00    1.14450e+00    1.14170e+00    1.13980e+00    1.13820e+00    1.13680e+00    1.13580e+00    1.13550e+00    1.13570e+00    1.13600e+00    1.13640e+00    1.13660e+00    1.13670e+00    1.13670e+00    1.13660e+00    1.13650e+00    1.13630e+00    1.13300e+00    1.12990e+00    1.12800e+00    1.12670e+00    1.12580e+00    1.12520e+00    1.12470e+00    1.12440e+00    
1.04460e+03    1.18920e+00    1.16700e+00    1.17550e+00    1.17840e+00    1.17650e+00    1.17410e+00    1.17220e+00    1.17060e+00    1.16920e+00    1.16820e+00    1.16750e+00    1.16700e+00    1.16660e+00    1.16620e+00    1.16570e+00    1.16510e+00    1.16450e+00    1.16380e+00    1.16300e+00    1.16230e+00    1.15590e+00    1.15200e+00    1.15010e+00    1.14920e+00    1.14860e+00    1.14800e+00    1.14750e+00    1.14720e+00    
1.04480e+03    1.17430e+00    1.15400e+00    1.16610e+00    1.16980e+00    1.16890e+00    1.16690e+00    1.16500e+00    1.16320e+00    1.16160e+00    1.16020e+00    1.15920e+00    1.15830e+00    1.15750e+00    1.15670e+00    1.15590e+00    1.15490e+00    1.15390e+00    1.15290e+00    1.15180e+00    1.15080e+00    1.14320e+00    1.13940e+00    1.13790e+00    1.13730e+00    1.13690e+00    1.13660e+00    1.13640e+00    1.13620e+00    
1.04500e+03    1.14830e+00    1.13050e+00    1.14100e+00    1.13800e+00    1.13660e+00    1.13440e+00    1.13230e+00    1.12990e+00    1.12750e+00    1.12540e+00    1.12370e+00    1.12230e+00    1.12100e+00    1.11980e+00    1.11830e+00    1.11680e+00    1.11530e+00    1.11370e+00    1.11220e+00    1.11060e+00    1.10060e+00    1.09650e+00    1.09490e+00    1.09420e+00    1.09390e+00    1.09350e+00    1.09330e+00    1.09300e+00    
1.04520e+03    1.13620e+00    1.11690e+00    1.12580e+00    1.12560e+00    1.12550e+00    1.12540e+00    1.12480e+00    1.12370e+00    1.12260e+00    1.12160e+00    1.12080e+00    1.12020e+00    1.11960e+00    1.11910e+00    1.11850e+00    1.11790e+00    1.11720e+00    1.11660e+00    1.11590e+00    1.11520e+00    1.11010e+00    1.10760e+00    1.10690e+00    1.10690e+00    1.10700e+00    1.10700e+00    1.10700e+00    1.10700e+00    
1.04540e+03    1.12850e+00    1.10570e+00    1.11290e+00    1.11640e+00    1.11840e+00    1.12010e+00    1.12040e+00    1.12000e+00    1.11950e+00    1.11910e+00    1.11900e+00    1.11890e+00    1.11900e+00    1.11900e+00    1.11900e+00    1.11900e+00    1.11900e+00    1.11890e+00    1.11880e+00    1.11870e+00    1.11660e+00    1.11500e+00    1.11490e+00    1.11520e+00    1.11550e+00    1.11570e+00    1.11590e+00    1.11610e+00    
1.04560e+03    1.11920e+00    1.09570e+00    1.10430e+00    1.10760e+00    1.10920e+00    1.10970e+00    1.10960e+00    1.10940e+00    1.10910e+00    1.10890e+00    1.10880e+00    1.10870e+00    1.10860e+00    1.10850e+00    1.10830e+00    1.10800e+00    1.10770e+00    1.10730e+00    1.10700e+00    1.10660e+00    1.10230e+00    1.09950e+00    1.09860e+00    1.09830e+00    1.09830e+00    1.09810e+00    1.09800e+00    1.09780e+00    
1.04580e+03    1.09740e+00    1.07100e+00    1.08120e+00    1.08500e+00    1.08600e+00    1.08580e+00    1.08560e+00    1.08520e+00    1.08470e+00    1.08430e+00    1.08410e+00    1.08400e+00    1.08390e+00    1.08370e+00    1.08330e+00    1.08270e+00    1.08200e+00    1.08130e+00    1.08050e+00    1.07970e+00    1.07370e+00    1.07060e+00    1.06930e+00    1.06870e+00    1.06830e+00    1.06790e+00    1.06750e+00    1.06730e+00    
1.04600e+03    1.07610e+00    1.04540e+00    1.05470e+00    1.06000e+00    1.06250e+00    1.06370e+00    1.06430e+00    1.06460e+00    1.06480e+00    1.06510e+00    1.06560e+00    1.06600e+00    1.06640e+00    1.06660e+00    1.06660e+00    1.06630e+00    1.06590e+00    1.06540e+00    1.06480e+00    1.06420e+00    1.05890e+00    1.05590e+00    1.05450e+00    1.05380e+00    1.05340e+00    1.05310e+00    1.05290e+00    1.05270e+00    
1.04620e+03    1.06510e+00    1.03380e+00    1.04070e+00    1.04880e+00    1.05350e+00    1.05680e+00    1.05900e+00    1.06080e+00    1.06260e+00    1.06440e+00    1.06610e+00    1.06760e+00    1.06900e+00    1.07020e+00    1.07120e+00    1.07200e+00    1.07260e+00    1.07320e+00    1.07360e+00    1.07400e+00    1.07400e+00    1.07270e+00    1.07230e+00    1.07230e+00    1.07230e+00    1.07220e+00    1.07210e+00    1.07200e+00    
1.04640e+03    1.06580e+00    1.03920e+00    1.04800e+00    1.05770e+00    1.06180e+00    1.06500e+00    1.06730e+00    1.06950e+00    1.07160e+00    1.07370e+00    1.07560e+00    1.07730e+00    1.07890e+00    1.08030e+00    1.08150e+00    1.08250e+00    1.08340e+00    1.08420e+00    1.08480e+00    1.08540e+00    1.08760e+00    1.08790e+00    1.08870e+00    1.08940e+00    1.08990e+00    1.09010e+00    1.09010e+00    1.09010e+00    
1.04660e+03    1.06840e+00    1.04630e+00    1.05830e+00    1.07000e+00    1.07370e+00    1.07640e+00    1.07860e+00    1.08030e+00    1.08200e+00    1.08360e+00    1.08520e+00    1.08670e+00    1.08810e+00    1.08940e+00    1.09050e+00    1.09140e+00    1.09230e+00    1.09290e+00    1.09360e+00    1.09410e+00    1.09650e+00    1.09730e+00    1.09840e+00    1.09940e+00    1.10010e+00    1.10040e+00    1.10060e+00    1.10100e+00    
1.04680e+03    1.06690e+00    1.04860e+00    1.06160e+00    1.07480e+00    1.07850e+00    1.08070e+00    1.08260e+00    1.08420e+00    1.08570e+00    1.08720e+00    1.08880e+00    1.09040e+00    1.09200e+00    1.09340e+00    1.09460e+00    1.09560e+00    1.09650e+00    1.09730e+00    1.09800e+00    1.09860e+00    1.10090e+00    1.10130e+00    1.10230e+00    1.10320e+00    1.10390e+00    1.10430e+00    1.10460e+00    1.10510e+00    
1.04700e+03    1.05850e+00    1.04340e+00    1.05300e+00    1.06350e+00    1.06550e+00    1.06650e+00    1.06800e+00    1.06970e+00    1.07130e+00    1.07300e+00    1.07480e+00    1.07650e+00    1.07820e+00    1.07980e+00    1.08120e+00    1.08240e+00    1.08340e+00    1.08430e+00    1.08510e+00    1.08580e+00    1.08900e+00    1.09000e+00    1.09120e+00    1.09220e+00    1.09300e+00    1.09350e+00    1.09380e+00    1.09430e+00    
1.04720e+03    1.03770e+00    1.02240e+00    1.02170e+00    1.02850e+00    1.02930e+00    1.02980e+00    1.03070e+00    1.03170e+00    1.03280e+00    1.03420e+00    1.03590e+00    1.03780e+00    1.03970e+00    1.04150e+00    1.04310e+00    1.04450e+00    1.04580e+00    1.04690e+00    1.04790e+00    1.04880e+00    1.05340e+00    1.05520e+00    1.05680e+00    1.05810e+00    1.05900e+00    1.05940e+00    1.05960e+00    1.06000e+00    
1.04740e+03    1.01570e+00    1.00220e+00    9.91000e-01    9.88700e-01    9.86800e-01    9.85600e-01    9.85800e-01    9.86400e-01    9.87100e-01    9.88100e-01    9.89800e-01    9.91800e-01    9.94000e-01    9.96000e-01    9.97900e-01    9.99500e-01    1.00100e+00    1.00230e+00    1.00350e+00    1.00460e+00    1.01030e+00    1.01240e+00    1.01370e+00    1.01460e+00    1.01510e+00    1.01530e+00    1.01540e+00    1.01540e+00    
1.04760e+03    1.00620e+00    9.93200e-01    9.79500e-01    9.80100e-01    9.79100e-01    9.78600e-01    9.79000e-01    9.79600e-01    9.80200e-01    9.81200e-01    9.82700e-01    9.84400e-01    9.86300e-01    9.88000e-01    9.89600e-01    9.91000e-01    9.92200e-01    9.93300e-01    9.94300e-01    9.95200e-01    1.00030e+00    1.00240e+00    1.00380e+00    1.00480e+00    1.00550e+00    1.00580e+00    1.00610e+00    1.00650e+00    
1.04780e+03    9.95100e-01    9.82700e-01    9.66300e-01    9.68300e-01    9.67000e-01    9.64600e-01    9.64200e-01    9.64500e-01    9.64500e-01    9.64800e-01    9.65500e-01    9.66400e-01    9.67400e-01    9.68400e-01    9.69300e-01    9.70100e-01    9.70700e-01    9.71300e-01    9.71800e-01    9.72300e-01    9.75100e-01    9.76600e-01    9.77700e-01    9.78500e-01    9.79000e-01    9.79300e-01    9.79500e-01    9.79600e-01    
1.04800e+03    9.22700e-01    9.04000e-01    8.47400e-01    8.26100e-01    8.15400e-01    8.12500e-01    8.12900e-01    8.13500e-01    8.13600e-01    8.14100e-01    8.15300e-01    8.17000e-01    8.19000e-01    8.20900e-01    8.22700e-01    8.24300e-01    8.25800e-01    8.27200e-01    8.28500e-01    8.29700e-01    8.36600e-01    8.39100e-01    8.40200e-01    8.40700e-01    8.40900e-01    8.41000e-01    8.41100e-01    8.41100e-01    
1.04820e+03    9.18700e-01    9.09000e-01    8.71000e-01    8.65700e-01    8.62400e-01    8.59600e-01    8.59200e-01    8.59400e-01    8.59500e-01    8.59900e-01    8.61000e-01    8.62500e-01    8.64100e-01    8.65800e-01    8.67400e-01    8.68800e-01    8.70200e-01    8.71400e-01    8.72500e-01    8.73500e-01    8.78800e-01    8.80000e-01    8.80100e-01    8.79900e-01    8.79700e-01    8.79500e-01    8.79400e-01    8.79300e-01    
1.04840e+03    9.31300e-01    9.14400e-01    8.93100e-01    9.03800e-01    9.08400e-01    9.08000e-01    9.09400e-01    9.10900e-01    9.11600e-01    9.12400e-01    9.13900e-01    9.15700e-01    9.17600e-01    9.19400e-01    9.21000e-01    9.22200e-01    9.23300e-01    9.24300e-01    9.25100e-01    9.25800e-01    9.29100e-01    9.30000e-01    9.30300e-01    9.30400e-01    9.30400e-01    9.30300e-01    9.30300e-01    9.30200e-01    
1.04860e+03    9.13300e-01    8.89300e-01    8.67000e-01    8.72700e-01    8.75800e-01    8.74600e-01    8.76400e-01    8.78300e-01    8.78600e-01    8.79200e-01    8.80900e-01    8.83200e-01    8.85800e-01    8.88400e-01    8.90600e-01    8.92500e-01    8.94200e-01    8.95700e-01    8.97000e-01    8.98200e-01    9.04800e-01    9.07100e-01    9.07800e-01    9.08000e-01    9.08000e-01    9.08000e-01    9.08000e-01    9.08000e-01    
1.04880e+03    8.95700e-01    8.70300e-01    8.46000e-01    8.49000e-01    8.52200e-01    8.50400e-01    8.52700e-01    8.54900e-01    8.54900e-01    8.55000e-01    8.56300e-01    8.58400e-01    8.61000e-01    8.63400e-01    8.65700e-01    8.67600e-01    8.69300e-01    8.70800e-01    8.72100e-01    8.73300e-01    8.80300e-01    8.82800e-01    8.83300e-01    8.83200e-01    8.83100e-01    8.83100e-01    8.83200e-01    8.83400e-01    
1.04900e+03    8.71800e-01    8.48600e-01    8.12500e-01    7.98600e-01    7.98100e-01    7.94900e-01    7.96500e-01    7.97500e-01    7.95700e-01    7.94000e-01    7.94000e-01    7.95100e-01    7.96900e-01    7.98900e-01    8.00800e-01    8.02500e-01    8.04100e-01    8.05500e-01    8.06900e-01    8.08100e-01    8.15100e-01    8.17000e-01    8.16800e-01    8.16000e-01    8.15300e-01    8.14700e-01    8.14500e-01    8.14500e-01    
1.04920e+03    8.24800e-01    8.03200e-01    7.41500e-01    6.98000e-01    6.92500e-01    6.89000e-01    6.88900e-01    6.87800e-01    6.84000e-01    6.80700e-01    6.79600e-01    6.80200e-01    6.81700e-01    6.83700e-01    6.85900e-01    6.88000e-01    6.90100e-01    6.92100e-01    6.94100e-01    6.96000e-01    7.06000e-01    7.07600e-01    7.06000e-01    7.03900e-01    7.02300e-01    7.01300e-01    7.01100e-01    7.01200e-01    
1.04940e+03    8.20800e-01    7.98100e-01    7.36300e-01    7.00700e-01    6.98600e-01    6.96000e-01    6.97200e-01    6.97100e-01    6.93600e-01    6.90300e-01    6.89200e-01    6.89600e-01    6.90800e-01    6.92500e-01    6.94300e-01    6.95900e-01    6.97600e-01    6.99100e-01    7.00600e-01    7.01900e-01    7.08500e-01    7.08700e-01    7.06600e-01    7.04400e-01    7.02700e-01    7.01900e-01    7.01700e-01    7.01800e-01    
1.04960e+03    8.39000e-01    8.20300e-01    7.71900e-01    7.47200e-01    7.42500e-01    7.39000e-01    7.41800e-01    7.44900e-01    7.45100e-01    7.44500e-01    7.44500e-01    7.44800e-01    7.45400e-01    7.46000e-01    7.46700e-01    7.47300e-01    7.48000e-01    7.48600e-01    7.49100e-01    7.49600e-01    7.52000e-01    7.51500e-01    7.49500e-01    7.47500e-01    7.46000e-01    7.45200e-01    7.45000e-01    7.45000e-01    
1.04980e+03    8.05000e-01    7.86000e-01    7.25600e-01    6.85400e-01    6.73400e-01    6.65000e-01    6.62000e-01    6.58500e-01    6.52800e-01    6.47700e-01    6.45100e-01    6.44300e-01    6.44500e-01    6.45200e-01    6.46000e-01    6.46900e-01    6.47700e-01    6.48500e-01    6.49300e-01    6.50000e-01    6.52600e-01    6.51000e-01    6.47900e-01    6.45200e-01    6.43100e-01    6.41800e-01    6.41300e-01    6.41300e-01    
1.05000e+03    8.19800e-01    7.99000e-01    7.51600e-01    7.29500e-01    7.25900e-01    7.21500e-01    7.21700e-01    7.20900e-01    7.17100e-01    7.13400e-01    7.11700e-01    7.11500e-01    7.12000e-01    7.12900e-01    7.13800e-01    7.14500e-01    7.15200e-01    7.15800e-01    7.16400e-01    7.16900e-01    7.17000e-01    7.14000e-01    7.10600e-01    7.07800e-01    7.05600e-01    7.04200e-01    7.03400e-01    7.03200e-01    
1.05020e+03    8.73700e-01    8.58100e-01    8.46800e-01    8.50000e-01    8.50700e-01    8.46500e-01    8.47000e-01    8.47400e-01    8.45300e-01    8.43300e-01    8.42500e-01    8.42600e-01    8.43200e-01    8.44000e-01    8.44600e-01    8.44900e-01    8.45200e-01    8.45400e-01    8.45500e-01    8.45500e-01    8.43400e-01    8.40400e-01    8.37700e-01    8.35700e-01    8.34200e-01    8.33200e-01    8.32800e-01    8.32600e-01    
1.05040e+03    8.90800e-01    8.73900e-01    8.67900e-01    8.79100e-01    8.82300e-01    8.79400e-01    8.80400e-01    8.81300e-01    8.80100e-01    8.78900e-01    8.78600e-01    8.79000e-01    8.79800e-01    8.80500e-01    8.81100e-01    8.81400e-01    8.81600e-01    8.81700e-01    8.81700e-01    8.81700e-01    8.79800e-01    8.77600e-01    8.75700e-01    8.74300e-01    8.73200e-01    8.72500e-01    8.72100e-01    8.71900e-01    
1.05060e+03    8.88800e-01    8.72200e-01    8.62700e-01    8.65300e-01    8.63000e-01    8.55800e-01    8.53900e-01    8.52800e-01    8.50000e-01    8.47500e-01    8.46300e-01    8.46100e-01    8.46400e-01    8.46900e-01    8.47200e-01    8.47400e-01    8.47400e-01    8.47400e-01    8.47300e-01    8.47200e-01    8.45800e-01    8.44400e-01    8.43100e-01    8.42000e-01    8.41100e-01    8.40500e-01    8.40100e-01    8.40000e-01    
1.05080e+03    8.44500e-01    8.26000e-01    7.87700e-01    7.60400e-01    7.49600e-01    7.40000e-01    7.36600e-01    7.33500e-01    7.28500e-01    7.24000e-01    7.21700e-01    7.20900e-01    7.20900e-01    7.21300e-01    7.21700e-01    7.22000e-01    7.22300e-01    7.22600e-01    7.22800e-01    7.23000e-01    7.23500e-01    7.22300e-01    7.20100e-01    7.17900e-01    7.16300e-01    7.15300e-01    7.15000e-01    7.15000e-01    
1.05100e+03    8.41200e-01    8.24100e-01    7.83800e-01    7.57600e-01    7.48000e-01    7.38700e-01    7.34800e-01    7.31400e-01    7.26100e-01    7.21600e-01    7.19300e-01    7.18700e-01    7.19000e-01    7.19800e-01    7.20800e-01    7.21700e-01    7.22600e-01    7.23500e-01    7.24400e-01    7.25200e-01    7.29400e-01    7.29400e-01    7.27600e-01    7.25700e-01    7.24300e-01    7.23400e-01    7.23100e-01    7.23100e-01    
1.05120e+03    8.79600e-01    8.68300e-01    8.50400e-01    8.42300e-01    8.34100e-01    8.25400e-01    8.22700e-01    8.20800e-01    8.17400e-01    8.14500e-01    8.13200e-01    8.13100e-01    8.13700e-01    8.14600e-01    8.15500e-01    8.16400e-01    8.17400e-01    8.18300e-01    8.19100e-01    8.20000e-01    8.25200e-01    8.27200e-01    8.27900e-01    8.28100e-01    8.28200e-01    8.28300e-01    8.28400e-01    8.28500e-01    
1.05140e+03    8.95600e-01    8.86400e-01    8.69700e-01    8.56600e-01    8.50800e-01    8.44800e-01    8.43100e-01    8.41700e-01    8.39000e-01    8.36800e-01    8.36000e-01    8.36300e-01    8.37200e-01    8.38400e-01    8.39500e-01    8.40700e-01    8.41800e-01    8.42800e-01    8.43800e-01    8.44800e-01    8.51000e-01    8.53400e-01    8.53900e-01    8.53800e-01    8.53600e-01    8.53500e-01    8.53500e-01    8.53500e-01    
1.05160e+03    9.40300e-01    9.30900e-01    9.32900e-01    9.35500e-01    9.33300e-01    9.29300e-01    9.27700e-01    9.27000e-01    9.26000e-01    9.25400e-01    9.25300e-01    9.25600e-01    9.26100e-01    9.26600e-01    9.27200e-01    9.27700e-01    9.28200e-01    9.28600e-01    9.29000e-01    9.29400e-01    9.32400e-01    9.34400e-01    9.35600e-01    9.36500e-01    9.37100e-01    9.37500e-01    9.37800e-01    9.38100e-01    
1.05180e+03    9.63600e-01    9.53700e-01    9.62100e-01    9.66500e-01    9.64500e-01    9.61400e-01    9.59800e-01    9.58700e-01    9.57800e-01    9.57100e-01    9.57000e-01    9.57100e-01    9.57400e-01    9.57700e-01    9.57900e-01    9.58100e-01    9.58200e-01    9.58300e-01    9.58400e-01    9.58400e-01    9.58800e-01    9.59200e-01    9.59500e-01    9.59800e-01    9.60000e-01    9.60200e-01    9.60400e-01    9.60500e-01    
1.05200e+03    9.68700e-01    9.55900e-01    9.60500e-01    9.62200e-01    9.60500e-01    9.58600e-01    9.57500e-01    9.56700e-01    9.56100e-01    9.55800e-01    9.55800e-01    9.56000e-01    9.56200e-01    9.56400e-01    9.56600e-01    9.56700e-01    9.56700e-01    9.56700e-01    9.56700e-01    9.56600e-01    9.56600e-01    9.56900e-01    9.57400e-01    9.57900e-01    9.58200e-01    9.58400e-01    9.58500e-01    9.58600e-01    
1.05220e+03    9.76400e-01    9.60700e-01    9.65000e-01    9.65900e-01    9.61600e-01    9.57700e-01    9.55500e-01    9.53900e-01    9.52300e-01    9.51100e-01    9.50400e-01    9.50000e-01    9.49800e-01    9.49600e-01    9.49400e-01    9.49200e-01    9.49000e-01    9.48700e-01    9.48500e-01    9.48200e-01    9.46900e-01    9.46700e-01    9.46900e-01    9.47200e-01    9.47400e-01    9.47500e-01    9.47500e-01    9.47400e-01    
1.05240e+03    9.78300e-01    9.64200e-01    9.70200e-01    9.68700e-01    9.63700e-01    9.58600e-01    9.55800e-01    9.53800e-01    9.51700e-01    9.49800e-01    9.48300e-01    9.47100e-01    9.46000e-01    9.45100e-01    9.44100e-01    9.43100e-01    9.42200e-01    9.41300e-01    9.40500e-01    9.39600e-01    9.35100e-01    9.33800e-01    9.33300e-01    9.33100e-01    9.33100e-01    9.33200e-01    9.33200e-01    9.33300e-01    
1.05260e+03    9.82000e-01    9.71200e-01    9.82700e-01    9.85100e-01    9.81500e-01    9.77400e-01    9.75100e-01    9.73300e-01    9.71400e-01    9.69600e-01    9.67800e-01    9.66100e-01    9.64500e-01    9.63000e-01    9.61400e-01    9.59900e-01    9.58400e-01    9.56900e-01    9.55600e-01    9.54200e-01    9.46700e-01    9.44200e-01    9.43300e-01    9.42900e-01    9.42700e-01    9.42600e-01    9.42500e-01    9.42400e-01    
1.05280e+03    9.70700e-01    9.58700e-01    9.64500e-01    9.69600e-01    9.67500e-01    9.64300e-01    9.62500e-01    9.61200e-01    9.59800e-01    9.58400e-01    9.57100e-01    9.55900e-01    9.54800e-01    9.53700e-01    9.52500e-01    9.51400e-01    9.50200e-01    9.49000e-01    9.47900e-01    9.46800e-01    9.39900e-01    9.36900e-01    9.35700e-01    9.35100e-01    9.34800e-01    9.34500e-01    9.34400e-01    9.34300e-01    
1.05300e+03    9.60300e-01    9.52200e-01    9.44200e-01    9.40800e-01    9.35500e-01    9.29300e-01    9.26300e-01    9.24300e-01    9.22000e-01    9.20000e-01    9.18200e-01    9.16800e-01    9.15500e-01    9.14300e-01    9.13000e-01    9.11800e-01    9.10600e-01    9.09400e-01    9.08300e-01    9.07200e-01    9.00800e-01    8.98300e-01    8.96800e-01    8.95800e-01    8.95100e-01    8.94700e-01    8.94500e-01    8.94400e-01    
1.05320e+03    9.67200e-01    9.71100e-01    9.61200e-01    9.44300e-01    9.32800e-01    9.22100e-01    9.16800e-01    9.13100e-01    9.09100e-01    9.05400e-01    9.02600e-01    9.00400e-01    8.98600e-01    8.97100e-01    8.95600e-01    8.94100e-01    8.92800e-01    8.91500e-01    8.90300e-01    8.89100e-01    8.82400e-01    8.79800e-01    8.78200e-01    8.77100e-01    8.76400e-01    8.75800e-01    8.75500e-01    8.75300e-01    
1.05340e+03    1.00240e+00    1.00980e+00    1.01080e+00    1.01060e+00    1.00690e+00    1.00330e+00    1.00140e+00    1.00030e+00    9.99300e-01    9.98300e-01    9.97100e-01    9.95900e-01    9.94700e-01    9.93400e-01    9.92200e-01    9.91100e-01    9.90000e-01    9.88900e-01    9.87900e-01    9.87000e-01    9.81800e-01    9.80300e-01    9.79700e-01    9.79500e-01    9.79300e-01    9.79200e-01    9.79100e-01    9.79000e-01    
1.05360e+03    1.00270e+00    1.00360e+00    9.97900e-01    1.00310e+00    1.00200e+00    1.00110e+00    1.00100e+00    1.00120e+00    1.00140e+00    1.00160e+00    1.00140e+00    1.00110e+00    1.00070e+00    1.00030e+00    1.00010e+00    9.99900e-01    9.99800e-01    9.99700e-01    9.99700e-01    9.99700e-01    1.00020e+00    1.00080e+00    1.00140e+00    1.00180e+00    1.00210e+00    1.00230e+00    1.00230e+00    1.00230e+00    
1.05380e+03    9.72000e-01    9.69700e-01    9.43900e-01    9.29200e-01    9.22000e-01    9.17600e-01    9.16200e-01    9.15900e-01    9.15300e-01    9.14800e-01    9.14400e-01    9.14100e-01    9.13900e-01    9.13800e-01    9.13800e-01    9.14000e-01    9.14200e-01    9.14400e-01    9.14700e-01    9.15000e-01    9.17000e-01    9.17800e-01    9.17900e-01    9.17800e-01    9.17700e-01    9.17600e-01    9.17600e-01    9.17500e-01    
1.05400e+03    9.69000e-01    9.66900e-01    9.46500e-01    9.28700e-01    9.19500e-01    9.13600e-01    9.10400e-01    9.08400e-01    9.06900e-01    9.05600e-01    9.04400e-01    9.03400e-01    9.02400e-01    9.01600e-01    9.00700e-01    8.99900e-01    8.99100e-01    8.98400e-01    8.97700e-01    8.97100e-01    8.94100e-01    8.93600e-01    8.93200e-01    8.93000e-01    8.92800e-01    8.92700e-01    8.92500e-01    8.92500e-01    
1.05420e+03    9.72800e-01    9.68500e-01    9.54400e-01    9.39900e-01    9.31300e-01    9.25800e-01    9.22600e-01    9.20700e-01    9.19400e-01    9.18400e-01    9.17500e-01    9.16700e-01    9.15800e-01    9.15000e-01    9.14000e-01    9.13100e-01    9.12100e-01    9.11100e-01    9.10200e-01    9.09300e-01    9.04900e-01    9.04000e-01    9.03800e-01    9.03800e-01    9.03800e-01    9.03800e-01    9.03700e-01    9.03700e-01    
1.05440e+03    9.71700e-01    9.66700e-01    9.52500e-01    9.38500e-01    9.31000e-01    9.27000e-01    9.24500e-01    9.23000e-01    9.22200e-01    9.21500e-01    9.20700e-01    9.19900e-01    9.19100e-01    9.18200e-01    9.17300e-01    9.16400e-01    9.15400e-01    9.14600e-01    9.13700e-01    9.12900e-01    9.08900e-01    9.08200e-01    9.08100e-01    9.08100e-01    9.08200e-01    9.08200e-01    9.08300e-01    9.08200e-01    
1.05460e+03    9.80700e-01    9.85600e-01    9.73800e-01    9.61400e-01    9.53800e-01    9.48900e-01    9.46200e-01    9.44800e-01    9.44000e-01    9.43200e-01    9.42000e-01    9.40700e-01    9.39300e-01    9.37900e-01    9.36400e-01    9.35000e-01    9.33600e-01    9.32300e-01    9.31000e-01    9.29800e-01    9.23800e-01    9.22500e-01    9.22100e-01    9.22000e-01    9.21900e-01    9.21900e-01    9.21800e-01    9.21800e-01    
1.05480e+03    9.88000e-01    1.00200e+00    9.90100e-01    9.78400e-01    9.71000e-01    9.65700e-01    9.62600e-01    9.60900e-01    9.59700e-01    9.58500e-01    9.57100e-01    9.55500e-01    9.53900e-01    9.52300e-01    9.50800e-01    9.49400e-01    9.48100e-01    9.46900e-01    9.45800e-01    9.44700e-01    9.39700e-01    9.38700e-01    9.38300e-01    9.38100e-01    9.38000e-01    9.37900e-01    9.37900e-01    9.37900e-01    
1.05500e+03    9.90800e-01    1.00290e+00    9.93100e-01    9.76500e-01    9.66400e-01    9.58500e-01    9.53000e-01    9.48700e-01    9.45100e-01    9.41900e-01    9.39300e-01    9.37000e-01    9.34900e-01    9.33000e-01    9.31200e-01    9.29600e-01    9.27900e-01    9.26400e-01    9.25000e-01    9.23700e-01    9.17200e-01    9.15800e-01    9.15200e-01    9.14800e-01    9.14600e-01    9.14400e-01    9.14200e-01    9.14100e-01    
1.05520e+03    9.99700e-01    1.00230e+00    9.96700e-01    9.83800e-01    9.77700e-01    9.72600e-01    9.69100e-01    9.66700e-01    9.64500e-01    9.62200e-01    9.59900e-01    9.57500e-01    9.55100e-01    9.52900e-01    9.50800e-01    9.48800e-01    9.46900e-01    9.45200e-01    9.43600e-01    9.42100e-01    9.34300e-01    9.32300e-01    9.31600e-01    9.31300e-01    9.31100e-01    9.31000e-01    9.30800e-01    9.30700e-01    
1.05540e+03    1.01770e+00    1.01380e+00    1.01940e+00    1.01390e+00    1.00930e+00    1.00440e+00    1.00090e+00    9.98400e-01    9.96100e-01    9.93700e-01    9.91200e-01    9.88600e-01    9.86000e-01    9.83500e-01    9.81200e-01    9.79200e-01    9.77200e-01    9.75400e-01    9.73700e-01    9.72200e-01    9.63800e-01    9.61100e-01    9.59900e-01    9.59400e-01    9.59100e-01    9.58900e-01    9.58800e-01    9.58700e-01    
1.05560e+03    1.01790e+00    1.01440e+00    1.01550e+00    1.00770e+00    1.00270e+00    9.98000e-01    9.94500e-01    9.91800e-01    9.89600e-01    9.87400e-01    9.85000e-01    9.82600e-01    9.80200e-01    9.77900e-01    9.75700e-01    9.73600e-01    9.71700e-01    9.69900e-01    9.68200e-01    9.66600e-01    9.58500e-01    9.56300e-01    9.55600e-01    9.55200e-01    9.55100e-01    9.54900e-01    9.54800e-01    9.54600e-01    
1.05580e+03    1.00500e+00    1.00170e+00    9.94100e-01    9.79700e-01    9.72400e-01    9.65900e-01    9.60300e-01    9.55600e-01    9.51900e-01    9.48700e-01    9.45800e-01    9.43100e-01    9.40600e-01    9.38200e-01    9.35700e-01    9.33400e-01    9.31100e-01    9.28800e-01    9.26700e-01    9.24700e-01    9.13900e-01    9.10700e-01    9.09200e-01    9.08400e-01    9.07900e-01    9.07500e-01    9.07200e-01    9.07000e-01    
1.05600e+03    1.00240e+00    1.00050e+00    9.88600e-01    9.75600e-01    9.67700e-01    9.59800e-01    9.52900e-01    9.47500e-01    9.43200e-01    9.39700e-01    9.36700e-01    9.34000e-01    9.31500e-01    9.29100e-01    9.26800e-01    9.24500e-01    9.22200e-01    9.20100e-01    9.18000e-01    9.16000e-01    9.05400e-01    9.02300e-01    9.01000e-01    9.00400e-01    8.99900e-01    8.99600e-01    8.99300e-01    8.99100e-01    
1.05620e+03    9.91400e-01    9.90300e-01    9.66200e-01    9.52800e-01    9.44300e-01    9.36600e-01    9.32100e-01    9.28600e-01    9.25000e-01    9.21600e-01    9.18800e-01    9.16500e-01    9.14500e-01    9.12700e-01    9.10900e-01    9.09400e-01    9.07900e-01    9.06500e-01    9.05200e-01    9.03900e-01    8.96500e-01    8.93400e-01    8.92100e-01    8.91400e-01    8.91000e-01    8.90600e-01    8.90400e-01    8.90300e-01    
1.05640e+03    1.00270e+00    1.01190e+00    9.88600e-01    9.67400e-01    9.56500e-01    9.48300e-01    9.42900e-01    9.38700e-01    9.34600e-01    9.31000e-01    9.28200e-01    9.26100e-01    9.24300e-01    9.23000e-01    9.21800e-01    9.20900e-01    9.20100e-01    9.19500e-01    9.18900e-01    9.18300e-01    9.13700e-01    9.10400e-01    9.08600e-01    9.07500e-01    9.06800e-01    9.06300e-01    9.06000e-01    9.05900e-01    
1.05660e+03    1.01850e+00    1.03070e+00    1.02420e+00    1.01610e+00    1.01130e+00    1.00760e+00    1.00470e+00    1.00240e+00    1.00020e+00    9.98000e-01    9.95800e-01    9.93600e-01    9.91400e-01    9.89300e-01    9.87200e-01    9.85200e-01    9.83200e-01    9.81400e-01    9.79600e-01    9.77900e-01    9.66400e-01    9.60700e-01    9.57600e-01    9.55900e-01    9.54800e-01    9.54100e-01    9.53600e-01    9.53400e-01    
1.05680e+03    1.01540e+00    1.02950e+00    1.02900e+00    1.02330e+00    1.01890e+00    1.01520e+00    1.01260e+00    1.01060e+00    1.00870e+00    1.00690e+00    1.00490e+00    1.00290e+00    1.00090e+00    9.98800e-01    9.96700e-01    9.94700e-01    9.92600e-01    9.90600e-01    9.88700e-01    9.86800e-01    9.72600e-01    9.64600e-01    9.60300e-01    9.57700e-01    9.56000e-01    9.54800e-01    9.54100e-01    9.53700e-01    
1.05700e+03    9.91100e-01    9.98500e-01    9.89800e-01    9.86700e-01    9.83800e-01    9.80900e-01    9.78400e-01    9.76600e-01    9.75200e-01    9.73900e-01    9.72400e-01    9.70800e-01    9.69100e-01    9.67300e-01    9.65500e-01    9.63600e-01    9.61800e-01    9.59900e-01    9.58200e-01    9.56400e-01    9.43500e-01    9.36500e-01    9.32500e-01    9.30100e-01    9.28500e-01    9.27300e-01    9.26700e-01    9.26300e-01    
1.05720e+03    9.90100e-01    9.96700e-01    9.90200e-01    9.80400e-01    9.74400e-01    9.69500e-01    9.65900e-01    9.62900e-01    9.60000e-01    9.57400e-01    9.55300e-01    9.53600e-01    9.52100e-01    9.50600e-01    9.49100e-01    9.47500e-01    9.46000e-01    9.44400e-01    9.42900e-01    9.41400e-01    9.30400e-01    9.24200e-01    9.20700e-01    9.18500e-01    9.17100e-01    9.16100e-01    9.15600e-01    9.15400e-01    
1.05740e+03    1.00730e+00    1.01280e+00    1.01820e+00    1.01400e+00    1.00890e+00    1.00470e+00    1.00260e+00    1.00120e+00    9.99600e-01    9.98000e-01    9.96400e-01    9.94800e-01    9.93200e-01    9.91500e-01    9.89700e-01    9.88000e-01    9.86100e-01    9.84300e-01    9.82600e-01    9.80800e-01    9.68500e-01    9.62200e-01    9.58800e-01    9.56800e-01    9.55600e-01    9.54700e-01    9.54200e-01    9.54000e-01    
1.05760e+03    1.01820e+00    1.02570e+00    1.03270e+00    1.03260e+00    1.03000e+00    1.02770e+00    1.02680e+00    1.02650e+00    1.02600e+00    1.02530e+00    1.02430e+00    1.02320e+00    1.02190e+00    1.02050e+00    1.01900e+00    1.01750e+00    1.01600e+00    1.01450e+00    1.01300e+00    1.01150e+00    1.00120e+00    9.95900e-01    9.93400e-01    9.92000e-01    9.91100e-01    9.90400e-01    9.89900e-01    9.89600e-01    
1.05780e+03    1.01860e+00    1.02960e+00    1.03240e+00    1.02900e+00    1.02670e+00    1.02390e+00    1.02220e+00    1.02070e+00    1.01920e+00    1.01780e+00    1.01660e+00    1.01540e+00    1.01430e+00    1.01310e+00    1.01170e+00    1.01030e+00    1.00890e+00    1.00740e+00    1.00600e+00    1.00450e+00    9.95500e-01    9.91800e-01    9.90200e-01    9.89400e-01    9.88900e-01    9.88500e-01    9.88300e-01    9.88100e-01    
1.05800e+03    1.01760e+00    1.03140e+00    1.03030e+00    1.02610e+00    1.02210e+00    1.01820e+00    1.01520e+00    1.01280e+00    1.01080e+00    1.00930e+00    1.00820e+00    1.00740e+00    1.00680e+00    1.00610e+00    1.00540e+00    1.00460e+00    1.00380e+00    1.00290e+00    1.00210e+00    1.00120e+00    9.95700e-01    9.93300e-01    9.92400e-01    9.92000e-01    9.91800e-01    9.91800e-01    9.91800e-01    9.91700e-01    
1.05820e+03    1.01810e+00    1.03530e+00    1.03200e+00    1.02830e+00    1.02520e+00    1.02220e+00    1.02010e+00    1.01910e+00    1.01900e+00    1.01900e+00    1.01880e+00    1.01840e+00    1.01790e+00    1.01730e+00    1.01670e+00    1.01610e+00    1.01550e+00    1.01490e+00    1.01440e+00    1.01380e+00    1.01020e+00    1.00870e+00    1.00850e+00    1.00870e+00    1.00890e+00    1.00900e+00    1.00900e+00    1.00890e+00    
1.05840e+03    1.01740e+00    1.04010e+00    1.03690e+00    1.02910e+00    1.02330e+00    1.01900e+00    1.01570e+00    1.01350e+00    1.01210e+00    1.01110e+00    1.01020e+00    1.00940e+00    1.00860e+00    1.00780e+00    1.00710e+00    1.00630e+00    1.00560e+00    1.00480e+00    1.00410e+00    1.00350e+00    9.99500e-01    9.98200e-01    9.97900e-01    9.97900e-01    9.97900e-01    9.97800e-01    9.97700e-01    9.97600e-01    
1.05860e+03    1.01430e+00    1.03520e+00    1.03050e+00    1.02270e+00    1.01750e+00    1.01350e+00    1.01030e+00    1.00820e+00    1.00720e+00    1.00650e+00    1.00600e+00    1.00550e+00    1.00510e+00    1.00460e+00    1.00420e+00    1.00390e+00    1.00350e+00    1.00320e+00    1.00290e+00    1.00260e+00    1.00080e+00    1.00020e+00    1.00020e+00    1.00040e+00    1.00040e+00    1.00040e+00    1.00030e+00    1.00020e+00    
1.05880e+03    1.01800e+00    1.03540e+00    1.03500e+00    1.02940e+00    1.02470e+00    1.02070e+00    1.01740e+00    1.01520e+00    1.01410e+00    1.01340e+00    1.01290e+00    1.01250e+00    1.01210e+00    1.01170e+00    1.01140e+00    1.01110e+00    1.01090e+00    1.01060e+00    1.01040e+00    1.01020e+00    1.00910e+00    1.00890e+00    1.00910e+00    1.00940e+00    1.00960e+00    1.00970e+00    1.00980e+00    1.00980e+00    
1.05900e+03    1.01880e+00    1.03330e+00    1.03680e+00    1.03010e+00    1.02420e+00    1.01910e+00    1.01530e+00    1.01250e+00    1.01060e+00    1.00920e+00    1.00810e+00    1.00720e+00    1.00640e+00    1.00570e+00    1.00490e+00    1.00420e+00    1.00350e+00    1.00280e+00    1.00210e+00    1.00150e+00    9.98300e-01    9.97800e-01    9.98000e-01    9.98300e-01    9.98500e-01    9.98500e-01    9.98500e-01    9.98400e-01    
1.05920e+03    1.02060e+00    1.02990e+00    1.03320e+00    1.03060e+00    1.02770e+00    1.02440e+00    1.02250e+00    1.02170e+00    1.02100e+00    1.02040e+00    1.01950e+00    1.01850e+00    1.01750e+00    1.01660e+00    1.01580e+00    1.01510e+00    1.01460e+00    1.01410e+00    1.01360e+00    1.01330e+00    1.01160e+00    1.01140e+00    1.01170e+00    1.01190e+00    1.01210e+00    1.01220e+00    1.01220e+00    1.01210e+00    
1.05940e+03    1.02270e+00    1.02950e+00    1.03550e+00    1.03240e+00    1.02860e+00    1.02470e+00    1.02270e+00    1.02180e+00    1.02110e+00    1.02030e+00    1.01920e+00    1.01790e+00    1.01650e+00    1.01520e+00    1.01390e+00    1.01280e+00    1.01170e+00    1.01080e+00    1.00990e+00    1.00910e+00    1.00500e+00    1.00400e+00    1.00380e+00    1.00380e+00    1.00390e+00    1.00390e+00    1.00400e+00    1.00400e+00    
1.05960e+03    1.03350e+00    1.04300e+00    1.05110e+00    1.04720e+00    1.04340e+00    1.03980e+00    1.03730e+00    1.03580e+00    1.03470e+00    1.03360e+00    1.03230e+00    1.03100e+00    1.02960e+00    1.02840e+00    1.02730e+00    1.02650e+00    1.02570e+00    1.02510e+00    1.02460e+00    1.02410e+00    1.02200e+00    1.02140e+00    1.02110e+00    1.02090e+00    1.02070e+00    1.02070e+00    1.02070e+00    1.02070e+00    
1.05980e+03    1.03710e+00    1.05100e+00    1.05180e+00    1.04600e+00    1.04270e+00    1.03930e+00    1.03690e+00    1.03530e+00    1.03400e+00    1.03300e+00    1.03200e+00    1.03110e+00    1.03020e+00    1.02950e+00    1.02880e+00    1.02820e+00    1.02770e+00    1.02720e+00    1.02680e+00    1.02640e+00    1.02570e+00    1.02620e+00    1.02610e+00    1.02580e+00    1.02560e+00    1.02550e+00    1.02540e+00    1.02540e+00    
1.06000e+03    1.03530e+00    1.05370e+00    1.04680e+00    1.03680e+00    1.03200e+00    1.02830e+00    1.02580e+00    1.02400e+00    1.02250e+00    1.02120e+00    1.02010e+00    1.01910e+00    1.01830e+00    1.01740e+00    1.01640e+00    1.01540e+00    1.01430e+00    1.01330e+00    1.01230e+00    1.01120e+00    1.00380e+00    1.00000e+00    9.98300e-01    9.97400e-01    9.96900e-01    9.96600e-01    9.96400e-01    9.96200e-01    
