                                             NORMALIZED SPECTRUM
               |-------------------------------------------------------------------------------------------------------------------------------------------------------------------------------------------------------------------------------------------------------------------------------------------------------|
WAVELENGTH [A]    1 Myr          2 Myr          3 Myr          4 Myr          5 Myr          6 Myr          7 Myr          8 Myr          9 Myr          10 Myr         11 Myr         12 Myr         13 Myr        14 Myr         15 Myr         16 Myr          17 Myr        18 Myr         19 Myr         20 Myr
1.01600e+03    9.81000e-01    9.75800e-01    9.82000e-01    9.86600e-01    9.89100e-01    9.90700e-01    9.91900e-01    9.92800e-01    9.93400e-01    9.93900e-01    9.94400e-01    9.94800e-01    9.95100e-01    9.95400e-01    9.95700e-01    9.96000e-01    9.96200e-01    9.96400e-01    9.96600e-01    9.96800e-01    9.98600e-01    1.00060e+00    1.00320e+00    1.00560e+00    1.00720e+00    1.00800e+00    1.00810e+00    1.00810e+00    
1.01620e+03    9.86600e-01    9.82000e-01    9.86300e-01    9.89600e-01    9.91400e-01    9.92500e-01    9.93300e-01    9.93900e-01    9.94300e-01    9.94600e-01    9.94900e-01    9.95200e-01    9.95400e-01    9.95500e-01    9.95700e-01    9.95800e-01    9.95900e-01    9.96000e-01    9.96100e-01    9.96200e-01    9.96900e-01    9.97400e-01    9.97900e-01    9.98300e-01    9.98600e-01    9.98700e-01    9.98800e-01    9.98800e-01    
1.01640e+03    9.89200e-01    9.83700e-01    9.86900e-01    9.89800e-01    9.91300e-01    9.92300e-01    9.92900e-01    9.93400e-01    9.93700e-01    9.94000e-01    9.94200e-01    9.94300e-01    9.94400e-01    9.94500e-01    9.94600e-01    9.94600e-01    9.94700e-01    9.94700e-01    9.94700e-01    9.94700e-01    9.94100e-01    9.93200e-01    9.92700e-01    9.92400e-01    9.92300e-01    9.92200e-01    9.92300e-01    9.92300e-01    
1.01660e+03    9.97000e-01    9.91300e-01    9.94600e-01    9.96000e-01    9.96500e-01    9.96900e-01    9.97200e-01    9.97400e-01    9.97500e-01    9.97600e-01    9.97700e-01    9.97800e-01    9.97800e-01    9.97900e-01    9.97900e-01    9.97900e-01    9.97900e-01    9.97900e-01    9.97900e-01    9.97900e-01    9.96600e-01    9.96200e-01    9.97900e-01    9.99800e-01    1.00130e+00    1.00210e+00    1.00220e+00    1.00220e+00    
1.01680e+03    9.98300e-01    9.93400e-01    9.96500e-01    9.96900e-01    9.96700e-01    9.96600e-01    9.96600e-01    9.96500e-01    9.96400e-01    9.96200e-01    9.96100e-01    9.95900e-01    9.95800e-01    9.95600e-01    9.95400e-01    9.95200e-01    9.95000e-01    9.94800e-01    9.94600e-01    9.94300e-01    9.89800e-01    9.86100e-01    9.85500e-01    9.85800e-01    9.86400e-01    9.86700e-01    9.86900e-01    9.87000e-01    
1.01700e+03    9.92800e-01    9.90500e-01    9.92400e-01    9.92900e-01    9.92700e-01    9.92600e-01    9.92400e-01    9.92200e-01    9.92000e-01    9.91700e-01    9.91500e-01    9.91100e-01    9.90800e-01    9.90400e-01    9.90100e-01    9.89700e-01    9.89300e-01    9.88900e-01    9.88400e-01    9.87900e-01    9.79900e-01    9.72200e-01    9.68100e-01    9.65700e-01    9.64500e-01    9.64100e-01    9.64200e-01    9.64400e-01    
1.01720e+03    9.88800e-01    9.89000e-01    9.89600e-01    9.90300e-01    9.90100e-01    9.90100e-01    9.89800e-01    9.89700e-01    9.89400e-01    9.89100e-01    9.88700e-01    9.88300e-01    9.87900e-01    9.87500e-01    9.87000e-01    9.86500e-01    9.86000e-01    9.85500e-01    9.85000e-01    9.84300e-01    9.74600e-01    9.64900e-01    9.58800e-01    9.54900e-01    9.52600e-01    9.51800e-01    9.51900e-01    9.52100e-01    
1.01740e+03    9.88000e-01    9.87100e-01    9.86500e-01    9.87800e-01    9.88100e-01    9.88300e-01    9.88200e-01    9.88200e-01    9.88000e-01    9.87800e-01    9.87500e-01    9.87200e-01    9.86800e-01    9.86400e-01    9.86000e-01    9.85500e-01    9.85000e-01    9.84500e-01    9.84000e-01    9.83400e-01    9.73600e-01    9.64000e-01    9.58200e-01    9.54700e-01    9.52600e-01    9.51900e-01    9.52000e-01    9.52300e-01    
1.01760e+03    9.84800e-01    9.82200e-01    9.80400e-01    9.81300e-01    9.81900e-01    9.81800e-01    9.81400e-01    9.80900e-01    9.80000e-01    9.78800e-01    9.77300e-01    9.75600e-01    9.73900e-01    9.72500e-01    9.71500e-01    9.70800e-01    9.70300e-01    9.69900e-01    9.69700e-01    9.69500e-01    9.65000e-01    9.59700e-01    9.56900e-01    9.55400e-01    9.54700e-01    9.54600e-01    9.54800e-01    9.55100e-01    
1.01780e+03    9.90100e-01    9.85700e-01    9.83600e-01    9.86700e-01    9.88600e-01    9.89900e-01    9.90700e-01    9.91400e-01    9.91900e-01    9.92400e-01    9.92900e-01    9.93400e-01    9.93700e-01    9.94000e-01    9.94200e-01    9.94200e-01    9.94100e-01    9.94000e-01    9.93800e-01    9.93500e-01    9.88600e-01    9.84100e-01    9.81900e-01    9.80700e-01    9.80200e-01    9.80100e-01    9.80100e-01    9.80200e-01    
1.01800e+03    9.44400e-01    9.40800e-01    9.40400e-01    9.41400e-01    9.39200e-01    9.33200e-01    9.27300e-01    9.22300e-01    9.18500e-01    9.16400e-01    9.16200e-01    9.17400e-01    9.19200e-01    9.21200e-01    9.23200e-01    9.24900e-01    9.26500e-01    9.28000e-01    9.29300e-01    9.30500e-01    9.35900e-01    9.36200e-01    9.35600e-01    9.35000e-01    9.34600e-01    9.34500e-01    9.34900e-01    9.35000e-01    
1.01820e+03    9.19500e-01    9.15200e-01    9.14400e-01    9.09700e-01    9.07500e-01    9.04000e-01    9.01800e-01    9.00000e-01    8.98300e-01    8.97600e-01    8.98300e-01    8.99800e-01    9.01600e-01    9.03200e-01    9.04000e-01    9.04100e-01    9.03800e-01    9.03200e-01    9.02400e-01    9.01600e-01    9.00200e-01    9.03400e-01    9.04000e-01    9.03600e-01    9.03100e-01    9.02500e-01    9.02100e-01    9.02200e-01    
1.01840e+03    9.72100e-01    9.68600e-01    9.72500e-01    9.76600e-01    9.78500e-01    9.80400e-01    9.80800e-01    9.80800e-01    9.81100e-01    9.82000e-01    9.83400e-01    9.85000e-01    9.86700e-01    9.88100e-01    9.89200e-01    9.89900e-01    9.90400e-01    9.90600e-01    9.90700e-01    9.90700e-01    9.89900e-01    9.88800e-01    9.87000e-01    9.85400e-01    9.84200e-01    9.83600e-01    9.83500e-01    9.83600e-01    
1.01860e+03    1.01960e+00    1.01810e+00    1.02390e+00    1.03220e+00    1.03620e+00    1.03990e+00    1.04180e+00    1.04300e+00    1.04390e+00    1.04450e+00    1.04480e+00    1.04500e+00    1.04510e+00    1.04530e+00    1.04570e+00    1.04620e+00    1.04690e+00    1.04760e+00    1.04840e+00    1.04910e+00    1.05150e+00    1.04960e+00    1.04730e+00    1.04540e+00    1.04400e+00    1.04310e+00    1.04260e+00    1.04240e+00    
1.01880e+03    1.04400e+00    1.04580e+00    1.05150e+00    1.05580e+00    1.05800e+00    1.05990e+00    1.06100e+00    1.06190e+00    1.06280e+00    1.06350e+00    1.06380e+00    1.06400e+00    1.06400e+00    1.06420e+00    1.06450e+00    1.06500e+00    1.06560e+00    1.06630e+00    1.06690e+00    1.06760e+00    1.06850e+00    1.06540e+00    1.06260e+00    1.06040e+00    1.05880e+00    1.05760e+00    1.05700e+00    1.05650e+00    
1.01900e+03    1.03160e+00    1.03480e+00    1.03770e+00    1.04060e+00    1.04110e+00    1.04070e+00    1.04030e+00    1.03970e+00    1.03890e+00    1.03840e+00    1.03870e+00    1.03930e+00    1.04030e+00    1.04120e+00    1.04220e+00    1.04300e+00    1.04370e+00    1.04440e+00    1.04500e+00    1.04540e+00    1.04410e+00    1.03890e+00    1.03420e+00    1.03060e+00    1.02820e+00    1.02710e+00    1.02690e+00    1.02670e+00    
1.01920e+03    9.67500e-01    9.71800e-01    9.65400e-01    9.56700e-01    9.49400e-01    9.44900e-01    9.41400e-01    9.36700e-01    9.31100e-01    9.26400e-01    9.24100e-01    9.23500e-01    9.23700e-01    9.24400e-01    9.25200e-01    9.25800e-01    9.26400e-01    9.26900e-01    9.27300e-01    9.27700e-01    9.27000e-01    9.22900e-01    9.18500e-01    9.14800e-01    9.12200e-01    9.10900e-01    9.10300e-01    9.10000e-01    
1.01940e+03    9.50000e-01    9.56500e-01    9.51600e-01    9.39500e-01    9.29800e-01    9.21000e-01    9.14400e-01    9.08300e-01    9.02000e-01    8.96800e-01    8.93400e-01    8.91400e-01    8.90000e-01    8.89000e-01    8.87900e-01    8.86700e-01    8.85400e-01    8.84100e-01    8.82800e-01    8.81400e-01    8.70700e-01    8.62300e-01    8.54400e-01    8.48200e-01    8.43600e-01    8.41100e-01    8.40100e-01    8.39600e-01    
1.01960e+03    9.65200e-01    9.72200e-01    9.74000e-01    9.67000e-01    9.58500e-01    9.49100e-01    9.40900e-01    9.33900e-01    9.28200e-01    9.23900e-01    9.21200e-01    9.19300e-01    9.17800e-01    9.16300e-01    9.14200e-01    9.11800e-01    9.09000e-01    9.06100e-01    9.03200e-01    9.00200e-01    8.80200e-01    8.69900e-01    8.61900e-01    8.55900e-01    8.51600e-01    8.49000e-01    8.48000e-01    8.47300e-01    
1.01980e+03    9.57900e-01    9.64600e-01    9.68500e-01    9.61700e-01    9.52800e-01    9.42700e-01    9.33600e-01    9.25500e-01    9.18600e-01    9.13300e-01    9.10100e-01    9.08000e-01    9.06400e-01    9.04900e-01    9.02800e-01    9.00300e-01    8.97600e-01    8.94600e-01    8.91600e-01    8.88600e-01    8.69100e-01    8.59400e-01    8.51400e-01    8.45300e-01    8.41000e-01    8.38700e-01    8.37900e-01    8.37400e-01    
1.02000e+03    9.63600e-01    9.69200e-01    9.75000e-01    9.74800e-01    9.69600e-01    9.63500e-01    9.58400e-01    9.54600e-01    9.51700e-01    9.49300e-01    9.46900e-01    9.44700e-01    9.42400e-01    9.40000e-01    9.37400e-01    9.34600e-01    9.31700e-01    9.28900e-01    9.26100e-01    9.23300e-01    9.04200e-01    8.93400e-01    8.84600e-01    8.77900e-01    8.73200e-01    8.70500e-01    8.69300e-01    8.68600e-01    
1.02020e+03    9.31600e-01    9.33900e-01    9.33600e-01    9.35600e-01    9.35500e-01    9.33200e-01    9.31700e-01    9.31000e-01    9.30300e-01    9.29500e-01    9.28200e-01    9.26700e-01    9.25100e-01    9.23300e-01    9.21400e-01    9.19400e-01    9.17400e-01    9.15400e-01    9.13400e-01    9.11500e-01    8.96900e-01    8.86800e-01    8.78000e-01    8.71100e-01    8.66100e-01    8.63500e-01    8.62500e-01    8.61900e-01    
1.02040e+03    8.28400e-01    8.28200e-01    8.13800e-01    7.99600e-01    7.86600e-01    7.80900e-01    7.80000e-01    7.80900e-01    7.81800e-01    7.82300e-01    7.81900e-01    7.81100e-01    7.80100e-01    7.79100e-01    7.78100e-01    7.77400e-01    7.76700e-01    7.76100e-01    7.75500e-01    7.75000e-01    7.71000e-01    7.66300e-01    7.59700e-01    7.54000e-01    7.49900e-01    7.48100e-01    7.47700e-01    7.47700e-01    
1.02060e+03    7.51300e-01    7.49400e-01    7.24100e-01    7.00700e-01    6.90700e-01    6.86600e-01    6.85500e-01    6.84700e-01    6.83300e-01    6.81900e-01    6.80800e-01    6.80000e-01    6.79500e-01    6.79300e-01    6.79300e-01    6.79400e-01    6.79700e-01    6.80100e-01    6.80500e-01    6.80900e-01    6.83100e-01    6.80700e-01    6.74700e-01    6.68800e-01    6.64400e-01    6.62100e-01    6.61400e-01    6.61200e-01    
1.02080e+03    7.81400e-01    7.83500e-01    7.73600e-01    7.65200e-01    7.56100e-01    7.47900e-01    7.42400e-01    7.38500e-01    7.35200e-01    7.32400e-01    7.29800e-01    7.27400e-01    7.25200e-01    7.23200e-01    7.21300e-01    7.19600e-01    7.17900e-01    7.16400e-01    7.15000e-01    7.13700e-01    7.05600e-01    6.99900e-01    6.92300e-01    6.85600e-01    6.80600e-01    6.77700e-01    6.76400e-01    6.75700e-01    
1.02100e+03    7.73300e-01    7.77800e-01    7.68700e-01    7.54000e-01    7.41500e-01    7.31400e-01    7.24200e-01    7.18900e-01    7.14500e-01    7.10600e-01    7.06800e-01    7.03200e-01    6.99800e-01    6.96600e-01    6.93600e-01    6.90700e-01    6.88000e-01    6.85500e-01    6.83100e-01    6.80900e-01    6.68500e-01    6.62300e-01    6.55500e-01    6.49800e-01    6.45700e-01    6.43600e-01    6.43000e-01    6.42900e-01    
1.02120e+03    7.60300e-01    7.69400e-01    7.60900e-01    7.42500e-01    7.28300e-01    7.16100e-01    7.08400e-01    7.03300e-01    6.99100e-01    6.95100e-01    6.91000e-01    6.87000e-01    6.83100e-01    6.79400e-01    6.76100e-01    6.73000e-01    6.70200e-01    6.67600e-01    6.65200e-01    6.62900e-01    6.50000e-01    6.42700e-01    6.34900e-01    6.28400e-01    6.23600e-01    6.20800e-01    6.19600e-01    6.19100e-01    
1.02140e+03    7.66700e-01    7.77200e-01    7.70100e-01    7.59200e-01    7.48500e-01    7.39000e-01    7.32600e-01    7.27200e-01    7.22000e-01    7.17500e-01    7.13900e-01    7.11100e-01    7.08600e-01    7.06400e-01    7.04000e-01    7.01500e-01    6.99100e-01    6.96700e-01    6.94300e-01    6.92000e-01    6.77900e-01    6.70300e-01    6.62700e-01    6.56500e-01    6.51900e-01    6.49400e-01    6.48500e-01    6.47900e-01    
1.02160e+03    8.05300e-01    8.16200e-01    8.14400e-01    8.12400e-01    8.09700e-01    8.06500e-01    8.04900e-01    8.03300e-01    8.01000e-01    7.99200e-01    7.98400e-01    7.98300e-01    7.98300e-01    7.98100e-01    7.97100e-01    7.95600e-01    7.93700e-01    7.91500e-01    7.89100e-01    7.86700e-01    7.68200e-01    7.56800e-01    7.47300e-01    7.39900e-01    7.34700e-01    7.31600e-01    7.30100e-01    7.29100e-01    
1.02180e+03    8.38300e-01    8.50200e-01    8.55500e-01    8.62500e-01    8.64700e-01    8.66100e-01    8.68100e-01    8.69200e-01    8.69000e-01    8.68500e-01    8.68400e-01    8.68300e-01    8.68100e-01    8.67500e-01    8.66200e-01    8.64300e-01    8.62100e-01    8.59600e-01    8.56900e-01    8.54100e-01    8.31900e-01    8.17100e-01    8.05400e-01    7.96600e-01    7.90400e-01    7.86500e-01    7.84400e-01    7.83100e-01    
1.02200e+03    8.28800e-01    8.41400e-01    8.50200e-01    8.57600e-01    8.60500e-01    8.62100e-01    8.64700e-01    8.65900e-01    8.65400e-01    8.64300e-01    8.63800e-01    8.63400e-01    8.63000e-01    8.62200e-01    8.60800e-01    8.58900e-01    8.56600e-01    8.54100e-01    8.51500e-01    8.48700e-01    8.25600e-01    8.09000e-01    7.95500e-01    7.85400e-01    7.78200e-01    7.73800e-01    7.71700e-01    7.70400e-01    
1.02220e+03    8.07300e-01    8.18800e-01    8.27800e-01    8.34400e-01    8.38200e-01    8.41700e-01    8.46900e-01    8.51200e-01    8.53600e-01    8.55000e-01    8.55900e-01    8.56200e-01    8.56200e-01    8.55500e-01    8.54300e-01    8.52500e-01    8.50300e-01    8.47900e-01    8.45300e-01    8.42600e-01    8.18100e-01    7.99400e-01    7.84200e-01    7.73000e-01    7.65000e-01    7.60500e-01    7.58400e-01    7.57100e-01    
1.02240e+03    7.63100e-01    7.73700e-01    7.80600e-01    7.81900e-01    7.83500e-01    7.86800e-01    7.91600e-01    7.95600e-01    7.97700e-01    7.99000e-01    7.99900e-01    8.00300e-01    8.00200e-01    7.99700e-01    7.98400e-01    7.96600e-01    7.94400e-01    7.91900e-01    7.89300e-01    7.86600e-01    7.64000e-01    7.48000e-01    7.34800e-01    7.24800e-01    7.17800e-01    7.13700e-01    7.11900e-01    7.10700e-01    
1.02260e+03    7.20000e-01    7.30200e-01    7.34600e-01    7.33600e-01    7.33900e-01    7.36600e-01    7.41000e-01    7.44200e-01    7.45700e-01    7.46400e-01    7.47100e-01    7.47600e-01    7.47800e-01    7.47400e-01    7.46200e-01    7.44400e-01    7.42200e-01    7.39700e-01    7.37000e-01    7.34200e-01    7.12900e-01    6.99200e-01    6.87600e-01    6.78700e-01    6.72200e-01    6.68000e-01    6.65700e-01    6.64400e-01    
1.02280e+03    6.90500e-01    7.00100e-01    7.03300e-01    7.05300e-01    7.07400e-01    7.10900e-01    7.16700e-01    7.21300e-01    7.23500e-01    7.24900e-01    7.26200e-01    7.27200e-01    7.27900e-01    7.27900e-01    7.27100e-01    7.25400e-01    7.23300e-01    7.20800e-01    7.18200e-01    7.15400e-01    6.94000e-01    6.81000e-01    6.70700e-01    6.62900e-01    6.57300e-01    6.53700e-01    6.51800e-01    6.50700e-01    
1.02300e+03    6.80300e-01    6.90100e-01    6.91900e-01    6.97900e-01    7.03500e-01    7.10300e-01    7.19000e-01    7.26100e-01    7.30400e-01    7.33200e-01    7.35300e-01    7.36700e-01    7.37600e-01    7.37700e-01    7.36900e-01    7.35400e-01    7.33400e-01    7.31100e-01    7.28600e-01    7.25900e-01    7.04500e-01    6.90900e-01    6.80600e-01    6.73200e-01    6.67900e-01    6.64700e-01    6.62900e-01    6.61800e-01    
1.02320e+03    6.60400e-01    6.72700e-01    6.71700e-01    6.73200e-01    6.77900e-01    6.84100e-01    6.93200e-01    7.00300e-01    7.03900e-01    7.05900e-01    7.07300e-01    7.08200e-01    7.08700e-01    7.08400e-01    7.07300e-01    7.05400e-01    7.03100e-01    7.00500e-01    6.97600e-01    6.94600e-01    6.72100e-01    6.58200e-01    6.46900e-01    6.38300e-01    6.32300e-01    6.28800e-01    6.27100e-01    6.26100e-01    
1.02340e+03    6.42800e-01    6.57400e-01    6.53500e-01    6.52400e-01    6.58200e-01    6.65000e-01    6.74700e-01    6.82200e-01    6.85800e-01    6.87500e-01    6.88500e-01    6.89000e-01    6.88900e-01    6.88200e-01    6.86600e-01    6.84200e-01    6.81400e-01    6.78300e-01    6.75100e-01    6.71700e-01    6.47900e-01    6.34300e-01    6.22900e-01    6.14200e-01    6.07900e-01    6.04300e-01    6.02600e-01    6.01600e-01    
1.02360e+03    6.16700e-01    6.33100e-01    6.27800e-01    6.21900e-01    6.25800e-01    6.31400e-01    6.40700e-01    6.47600e-01    6.50200e-01    6.51200e-01    6.51800e-01    6.52100e-01    6.52100e-01    6.51400e-01    6.49800e-01    6.47400e-01    6.44600e-01    6.41400e-01    6.38100e-01    6.34700e-01    6.12800e-01    6.01700e-01    5.91700e-01    5.83800e-01    5.78000e-01    5.74500e-01    5.72800e-01    5.71800e-01    
1.02380e+03    5.61500e-01    5.77100e-01    5.64200e-01    5.50100e-01    5.50800e-01    5.55000e-01    5.63400e-01    5.69300e-01    5.70600e-01    5.70500e-01    5.70600e-01    5.70700e-01    5.70800e-01    5.70400e-01    5.69100e-01    5.67200e-01    5.64800e-01    5.62200e-01    5.59400e-01    5.56600e-01    5.40300e-01    5.33500e-01    5.26100e-01    5.19800e-01    5.15100e-01    5.12300e-01    5.11000e-01    5.10400e-01    
1.02400e+03    5.00600e-01    5.14400e-01    4.94700e-01    4.71600e-01    4.67000e-01    4.69800e-01    4.77100e-01    4.81800e-01    4.82400e-01    4.81500e-01    4.81100e-01    4.81000e-01    4.80900e-01    4.80500e-01    4.79500e-01    4.78100e-01    4.76500e-01    4.74600e-01    4.72600e-01    4.70700e-01    4.61200e-01    4.58400e-01    4.53200e-01    4.48200e-01    4.44300e-01    4.41900e-01    4.40700e-01    4.40100e-01    
1.02420e+03    4.39100e-01    4.48200e-01    4.24200e-01    3.97200e-01    3.88700e-01    3.91300e-01    3.98500e-01    4.02700e-01    4.02700e-01    4.01500e-01    4.01000e-01    4.01000e-01    4.01300e-01    4.01400e-01    4.01100e-01    4.00500e-01    3.99600e-01    3.98600e-01    3.97500e-01    3.96400e-01    3.93300e-01    3.93200e-01    3.88800e-01    3.83700e-01    3.79600e-01    3.76900e-01    3.75500e-01    3.74900e-01    
1.02440e+03    4.04600e-01    4.08100e-01    3.82500e-01    3.59500e-01    3.52400e-01    3.56500e-01    3.65500e-01    3.71700e-01    3.73600e-01    3.73900e-01    3.74300e-01    3.74700e-01    3.75200e-01    3.75400e-01    3.75200e-01    3.74700e-01    3.74100e-01    3.73400e-01    3.72600e-01    3.71700e-01    3.71800e-01    3.74700e-01    3.73000e-01    3.70300e-01    3.68000e-01    3.66900e-01    3.66700e-01    3.66600e-01    
1.02460e+03    3.74400e-01    3.77700e-01    3.50400e-01    3.26100e-01    3.17200e-01    3.19500e-01    3.27000e-01    3.32300e-01    3.34100e-01    3.34600e-01    3.35200e-01    3.35900e-01    3.36600e-01    3.37100e-01    3.37200e-01    3.37000e-01    3.36700e-01    3.36300e-01    3.35800e-01    3.35300e-01    3.38500e-01    3.43800e-01    3.43400e-01    3.41500e-01    3.39700e-01    3.38800e-01    3.38600e-01    3.38500e-01    
1.02480e+03    3.28600e-01    3.30900e-01    2.97500e-01    2.73000e-01    2.62400e-01    2.62600e-01    2.67400e-01    2.71000e-01    2.72300e-01    2.73000e-01    2.73800e-01    2.74900e-01    2.75900e-01    2.76800e-01    2.77400e-01    2.77600e-01    2.77800e-01    2.77900e-01    2.77800e-01    2.77800e-01    2.85600e-01    2.94000e-01    2.95100e-01    2.94000e-01    2.92700e-01    2.92100e-01    2.92200e-01    2.92400e-01    
1.02500e+03    2.92800e-01    2.95000e-01    2.58500e-01    2.33300e-01    2.21700e-01    2.18500e-01    2.20300e-01    2.22100e-01    2.22800e-01    2.23300e-01    2.24200e-01    2.25400e-01    2.26700e-01    2.27800e-01    2.28600e-01    2.29300e-01    2.29800e-01    2.30200e-01    2.30500e-01    2.30900e-01    2.42100e-01    2.53300e-01    2.57100e-01    2.57900e-01    2.57900e-01    2.57700e-01    2.57700e-01    2.57700e-01    
1.02520e+03    2.60400e-01    2.60000e-01    2.23300e-01    1.98900e-01    1.87400e-01    1.83100e-01    1.83000e-01    1.83700e-01    1.84300e-01    1.84900e-01    1.85900e-01    1.87000e-01    1.88100e-01    1.89100e-01    1.89800e-01    1.90400e-01    1.90900e-01    1.91300e-01    1.91800e-01    1.92200e-01    2.04600e-01    2.16500e-01    2.19700e-01    2.19900e-01    2.19400e-01    2.19500e-01    2.20100e-01    2.20700e-01    
1.02540e+03    2.41700e-01    2.40200e-01    2.06500e-01    1.83500e-01    1.72400e-01    1.68300e-01    1.67000e-01    1.66600e-01    1.66700e-01    1.67000e-01    1.67600e-01    1.68200e-01    1.68800e-01    1.69400e-01    1.69800e-01    1.70200e-01    1.70600e-01    1.70900e-01    1.71300e-01    1.71800e-01    1.85300e-01    1.98400e-01    2.02100e-01    2.02500e-01    2.02000e-01    2.01700e-01    2.01900e-01    2.02300e-01    
1.02560e+03    2.28400e-01    2.27500e-01    1.96200e-01    1.73800e-01    1.63300e-01    1.59400e-01    1.58000e-01    1.57400e-01    1.57200e-01    1.57500e-01    1.58100e-01    1.58900e-01    1.59800e-01    1.60600e-01    1.61200e-01    1.61800e-01    1.62300e-01    1.62900e-01    1.63400e-01    1.64000e-01    1.78300e-01    1.91900e-01    1.96100e-01    1.96800e-01    1.96500e-01    1.96300e-01    1.96400e-01    1.96700e-01    
1.02580e+03    2.17400e-01    2.16600e-01    1.85900e-01    1.67400e-01    1.59200e-01    1.56900e-01    1.56600e-01    1.56800e-01    1.57400e-01    1.58300e-01    1.59600e-01    1.60900e-01    1.62200e-01    1.63400e-01    1.64400e-01    1.65300e-01    1.66000e-01    1.66700e-01    1.67400e-01    1.68100e-01    1.82600e-01    1.95700e-01    1.99200e-01    1.99300e-01    1.98800e-01    1.98800e-01    1.99400e-01    2.00100e-01    
1.02600e+03    2.23400e-01    2.24400e-01    1.97900e-01    1.81700e-01    1.76200e-01    1.76400e-01    1.77400e-01    1.77800e-01    1.78200e-01    1.79000e-01    1.80300e-01    1.81900e-01    1.83600e-01    1.85200e-01    1.86300e-01    1.87200e-01    1.87900e-01    1.88500e-01    1.89000e-01    1.89500e-01    2.01900e-01    2.13700e-01    2.16500e-01    2.16200e-01    2.15300e-01    2.14900e-01    2.15100e-01    2.15500e-01    
1.02620e+03    2.46200e-01    2.47900e-01    2.27200e-01    2.13500e-01    2.10400e-01    2.12200e-01    2.14900e-01    2.16500e-01    2.17300e-01    2.18100e-01    2.19400e-01    2.21000e-01    2.22700e-01    2.24100e-01    2.25100e-01    2.25800e-01    2.26400e-01    2.26700e-01    2.27000e-01    2.27200e-01    2.36700e-01    2.46100e-01    2.47700e-01    2.46700e-01    2.45200e-01    2.44100e-01    2.43600e-01    2.43400e-01    
1.02640e+03    2.66200e-01    2.68600e-01    2.54200e-01    2.43400e-01    2.41700e-01    2.42700e-01    2.45400e-01    2.46900e-01    2.47000e-01    2.47000e-01    2.47900e-01    2.49400e-01    2.50900e-01    2.52300e-01    2.53200e-01    2.53700e-01    2.54000e-01    2.54100e-01    2.54000e-01    2.53900e-01    2.60700e-01    2.68600e-01    2.69800e-01    2.68900e-01    2.67700e-01    2.66900e-01    2.66700e-01    2.66800e-01    
1.02660e+03    2.97800e-01    3.02000e-01    2.96900e-01    2.90500e-01    2.90400e-01    2.90800e-01    2.92700e-01    2.93600e-01    2.93000e-01    2.92400e-01    2.93000e-01    2.94100e-01    2.95500e-01    2.96600e-01    2.97200e-01    2.97200e-01    2.97000e-01    2.96600e-01    2.96000e-01    2.95400e-01    2.98800e-01    3.05100e-01    3.05000e-01    3.03100e-01    3.01100e-01    3.00000e-01    2.99600e-01    2.99500e-01    
1.02680e+03    3.26000e-01    3.32100e-01    3.35100e-01    3.30800e-01    3.31500e-01    3.30400e-01    3.32400e-01    3.34100e-01    3.33900e-01    3.33800e-01    3.34700e-01    3.36300e-01    3.37900e-01    3.39300e-01    3.40000e-01    3.40000e-01    3.39600e-01    3.39000e-01    3.38100e-01    3.37200e-01    3.37500e-01    3.41300e-01    3.39600e-01    3.36500e-01    3.33700e-01    3.32100e-01    3.31500e-01    3.31300e-01    
1.02700e+03    3.50000e-01    3.56300e-01    3.64500e-01    3.64000e-01    3.67800e-01    3.69300e-01    3.73400e-01    3.76800e-01    3.78000e-01    3.79000e-01    3.80700e-01    3.82800e-01    3.85000e-01    3.86600e-01    3.87400e-01    3.87400e-01    3.87100e-01    3.86400e-01    3.85400e-01    3.84400e-01    3.81300e-01    3.82000e-01    3.78600e-01    3.74600e-01    3.71200e-01    3.68800e-01    3.67600e-01    3.67000e-01    
1.02720e+03    3.73000e-01    3.81000e-01    3.93800e-01    3.95900e-01    3.99800e-01    4.01100e-01    4.06100e-01    4.10600e-01    4.12800e-01    4.14500e-01    4.16700e-01    4.18900e-01    4.21000e-01    4.22400e-01    4.22900e-01    4.22500e-01    4.21600e-01    4.20400e-01    4.18800e-01    4.17200e-01    4.10100e-01    4.09000e-01    4.04700e-01    4.00200e-01    3.96500e-01    3.94000e-01    3.92600e-01    3.92000e-01    
1.02740e+03    3.94000e-01    4.03100e-01    4.18900e-01    4.23300e-01    4.27300e-01    4.29300e-01    4.35600e-01    4.41900e-01    4.46100e-01    4.49400e-01    4.52500e-01    4.55300e-01    4.57700e-01    4.59200e-01    4.59700e-01    4.59200e-01    4.58100e-01    4.56700e-01    4.54900e-01    4.53000e-01    4.43600e-01    4.41200e-01    4.36400e-01    4.31700e-01    4.28000e-01    4.25700e-01    4.24700e-01    4.24100e-01    
1.02760e+03    4.02800e-01    4.11400e-01    4.25600e-01    4.32000e-01    4.37400e-01    4.42100e-01    4.50400e-01    4.58500e-01    4.64300e-01    4.69200e-01    4.73800e-01    4.77900e-01    4.81400e-01    4.84000e-01    4.85500e-01    4.85900e-01    4.85800e-01    4.85100e-01    4.84100e-01    4.82900e-01    4.75000e-01    4.70800e-01    4.64400e-01    4.58500e-01    4.54000e-01    4.51300e-01    4.50200e-01    4.49600e-01    
1.02780e+03    3.92800e-01    4.02500e-01    4.13200e-01    4.14300e-01    4.15800e-01    4.20200e-01    4.29000e-01    4.37400e-01    4.43500e-01    4.48800e-01    4.53900e-01    4.58600e-01    4.62700e-01    4.65900e-01    4.67900e-01    4.68800e-01    4.69000e-01    4.68600e-01    4.67900e-01    4.66900e-01    4.61100e-01    4.58000e-01    4.52200e-01    4.46600e-01    4.42100e-01    4.39200e-01    4.37700e-01    4.37000e-01    
1.02800e+03    3.77100e-01    3.87800e-01    3.95200e-01    3.91600e-01    3.89900e-01    3.92100e-01    3.99800e-01    4.07200e-01    4.12300e-01    4.16700e-01    4.21400e-01    4.26000e-01    4.30100e-01    4.33200e-01    4.35200e-01    4.36000e-01    4.36100e-01    4.35600e-01    4.34800e-01    4.33700e-01    4.28800e-01    4.27500e-01    4.22600e-01    4.17600e-01    4.13400e-01    4.10800e-01    4.09700e-01    4.09200e-01    
1.02820e+03    4.07600e-01    4.20300e-01    4.30500e-01    4.29300e-01    4.27900e-01    4.31700e-01    4.40300e-01    4.48500e-01    4.54500e-01    4.59700e-01    4.64500e-01    4.68800e-01    4.72500e-01    4.75200e-01    4.76600e-01    4.77000e-01    4.76700e-01    4.75900e-01    4.74700e-01    4.73300e-01    4.65500e-01    4.61900e-01    4.55100e-01    4.48700e-01    4.43500e-01    4.40200e-01    4.38400e-01    4.37600e-01    
1.02840e+03    4.38800e-01    4.52600e-01    4.65000e-01    4.67900e-01    4.67900e-01    4.73600e-01    4.82200e-01    4.89800e-01    4.95600e-01    5.00600e-01    5.05300e-01    5.09500e-01    5.13000e-01    5.15500e-01    5.16900e-01    5.17100e-01    5.16700e-01    5.15800e-01    5.14500e-01    5.13000e-01    5.03300e-01    4.98100e-01    4.90500e-01    4.83500e-01    4.78100e-01    4.74600e-01    4.72800e-01    4.71900e-01    
1.02860e+03    4.57900e-01    4.72900e-01    4.84200e-01    4.85400e-01    4.85700e-01    4.92700e-01    5.02900e-01    5.12400e-01    5.20200e-01    5.26800e-01    5.32400e-01    5.36900e-01    5.40600e-01    5.43200e-01    5.44600e-01    5.45100e-01    5.44900e-01    5.44300e-01    5.43300e-01    5.42100e-01    5.32700e-01    5.26100e-01    5.17800e-01    5.10500e-01    5.04900e-01    5.01500e-01    4.99800e-01    4.98800e-01    
1.02880e+03    4.66000e-01    4.82400e-01    4.90000e-01    4.84300e-01    4.83900e-01    4.92400e-01    5.04300e-01    5.14700e-01    5.22600e-01    5.29300e-01    5.35400e-01    5.40900e-01    5.45800e-01    5.49600e-01    5.52400e-01    5.54200e-01    5.55400e-01    5.56100e-01    5.56300e-01    5.56300e-01    5.52200e-01    5.46100e-01    5.38100e-01    5.31000e-01    5.25600e-01    5.22100e-01    5.20300e-01    5.19100e-01    
1.02900e+03    5.10100e-01    5.27800e-01    5.39000e-01    5.40600e-01    5.43900e-01    5.54700e-01    5.68200e-01    5.80200e-01    5.89600e-01    5.97400e-01    6.04000e-01    6.09300e-01    6.13800e-01    6.17200e-01    6.19600e-01    6.21000e-01    6.21900e-01    6.22300e-01    6.22200e-01    6.21900e-01    6.14600e-01    6.05800e-01    5.96500e-01    5.88700e-01    5.82800e-01    5.78800e-01    5.76600e-01    5.75100e-01    
1.02920e+03    5.30500e-01    5.50700e-01    5.64300e-01    5.64700e-01    5.68900e-01    5.80500e-01    5.92900e-01    6.03300e-01    6.11700e-01    6.18600e-01    6.24200e-01    6.28700e-01    6.32400e-01    6.34900e-01    6.36400e-01    6.37100e-01    6.37100e-01    6.36600e-01    6.35800e-01    6.34800e-01    6.23800e-01    6.14200e-01    6.04600e-01    5.96700e-01    5.90800e-01    5.86900e-01    5.84800e-01    5.83400e-01    
1.02940e+03    5.23400e-01    5.44000e-01    5.55200e-01    5.53800e-01    5.59300e-01    5.70100e-01    5.80400e-01    5.88600e-01    5.95000e-01    6.00300e-01    6.04600e-01    6.08000e-01    6.10700e-01    6.12400e-01    6.13200e-01    6.13200e-01    6.12600e-01    6.11700e-01    6.10400e-01    6.09000e-01    5.97700e-01    5.89700e-01    5.81100e-01    5.73900e-01    5.68300e-01    5.64500e-01    5.62300e-01    5.60900e-01    
1.02960e+03    5.21500e-01    5.41600e-01    5.49100e-01    5.46900e-01    5.55700e-01    5.67300e-01    5.77700e-01    5.86100e-01    5.92900e-01    5.98200e-01    6.02100e-01    6.04900e-01    6.06900e-01    6.07900e-01    6.08200e-01    6.07800e-01    6.06900e-01    6.05700e-01    6.04200e-01    6.02700e-01    5.91700e-01    5.85100e-01    5.77900e-01    5.71800e-01    5.67000e-01    5.63600e-01    5.61600e-01    5.60200e-01    
1.02980e+03    5.09700e-01    5.27900e-01    5.34500e-01    5.31300e-01    5.40500e-01    5.52000e-01    5.61700e-01    5.69400e-01    5.75500e-01    5.80300e-01    5.83900e-01    5.86400e-01    5.88300e-01    5.89300e-01    5.89800e-01    5.89600e-01    5.89200e-01    5.88400e-01    5.87500e-01    5.86400e-01    5.79200e-01    5.74400e-01    5.68100e-01    5.62500e-01    5.58200e-01    5.55300e-01    5.53600e-01    5.52500e-01    
1.03000e+03    5.07700e-01    5.24200e-01    5.30100e-01    5.25600e-01    5.35500e-01    5.48200e-01    5.58500e-01    5.66700e-01    5.73300e-01    5.78700e-01    5.82700e-01    5.85800e-01    5.88200e-01    5.89900e-01    5.91000e-01    5.91600e-01    5.92000e-01    5.92100e-01    5.92000e-01    5.91800e-01    5.88700e-01    5.84800e-01    5.79000e-01    5.73600e-01    5.69300e-01    5.66200e-01    5.64200e-01    5.62800e-01    
1.03020e+03    5.01400e-01    5.16000e-01    5.20300e-01    5.13200e-01    5.22200e-01    5.35900e-01    5.47300e-01    5.56000e-01    5.62700e-01    5.67900e-01    5.71900e-01    5.74900e-01    5.77200e-01    5.78900e-01    5.80100e-01    5.80700e-01    5.81100e-01    5.81200e-01    5.81100e-01    5.80900e-01    5.78100e-01    5.74400e-01    5.68800e-01    5.63600e-01    5.59500e-01    5.56700e-01    5.55000e-01    5.54000e-01    
1.03040e+03    4.82500e-01    4.94400e-01    4.93400e-01    4.82000e-01    4.89600e-01    5.02300e-01    5.12700e-01    5.20500e-01    5.26600e-01    5.31400e-01    5.35200e-01    5.38200e-01    5.40500e-01    5.42200e-01    5.43300e-01    5.44000e-01    5.44400e-01    5.44500e-01    5.44400e-01    5.44200e-01    5.42400e-01    5.40100e-01    5.35400e-01    5.30900e-01    5.27100e-01    5.24500e-01    5.22800e-01    5.21800e-01    
1.03060e+03    4.75600e-01    4.84400e-01    4.80200e-01    4.70200e-01    4.80000e-01    4.92800e-01    5.02400e-01    5.08900e-01    5.13500e-01    5.17000e-01    5.19800e-01    5.21800e-01    5.23400e-01    5.24500e-01    5.25000e-01    5.25100e-01    5.24900e-01    5.24500e-01    5.24000e-01    5.23400e-01    5.19200e-01    5.16100e-01    5.10900e-01    5.06000e-01    5.02100e-01    4.99500e-01    4.98000e-01    4.97100e-01    
1.03080e+03    4.73100e-01    4.81400e-01    4.72700e-01    4.62600e-01    4.71800e-01    4.84000e-01    4.93700e-01    5.00300e-01    5.04400e-01    5.07200e-01    5.09300e-01    5.10700e-01    5.11600e-01    5.11900e-01    5.11700e-01    5.11000e-01    5.10000e-01    5.08800e-01    5.07400e-01    5.06000e-01    4.97500e-01    4.93200e-01    4.87500e-01    4.82500e-01    4.78800e-01    4.76500e-01    4.75400e-01    4.74900e-01    
1.03100e+03    4.90000e-01    5.01900e-01    4.94700e-01    4.80700e-01    4.83000e-01    4.89000e-01    4.96300e-01    5.02200e-01    5.05800e-01    5.08200e-01    5.09900e-01    5.11000e-01    5.11700e-01    5.12000e-01    5.11700e-01    5.11000e-01    5.10100e-01    5.09000e-01    5.07700e-01    5.06400e-01    4.97500e-01    4.92300e-01    4.86600e-01    4.81700e-01    4.78100e-01    4.75700e-01    4.74400e-01    4.73600e-01    
1.03120e+03    5.36700e-01    5.49900e-01    5.45500e-01    5.41100e-01    5.48100e-01    5.57000e-01    5.64600e-01    5.70500e-01    5.74900e-01    5.77900e-01    5.79800e-01    5.80700e-01    5.81000e-01    5.80800e-01    5.80000e-01    5.78800e-01    5.77400e-01    5.75800e-01    5.74100e-01    5.72200e-01    5.56800e-01    5.46100e-01    5.38100e-01    5.32300e-01    5.28200e-01    5.25500e-01    5.24000e-01    5.23000e-01    
1.03140e+03    5.90200e-01    6.07900e-01    6.09700e-01    6.08800e-01    6.15400e-01    6.21900e-01    6.27800e-01    6.33300e-01    6.38100e-01    6.41900e-01    6.44500e-01    6.46100e-01    6.47100e-01    6.47400e-01    6.47300e-01    6.46700e-01    6.45900e-01    6.44900e-01    6.43700e-01    6.42400e-01    6.28800e-01    6.17600e-01    6.09100e-01    6.02900e-01    5.98500e-01    5.95500e-01    5.93700e-01    5.92600e-01    
1.03160e+03    6.12200e-01    6.32300e-01    6.34100e-01    6.32700e-01    6.36900e-01    6.40700e-01    6.44800e-01    6.49200e-01    6.53300e-01    6.57100e-01    6.60200e-01    6.62600e-01    6.64600e-01    6.66100e-01    6.67000e-01    6.67600e-01    6.67800e-01    6.67800e-01    6.67600e-01    6.67300e-01    6.59200e-01    6.50300e-01    6.42900e-01    6.37500e-01    6.33700e-01    6.31400e-01    6.30200e-01    6.29500e-01    
1.03180e+03    6.29200e-01    6.49700e-01    6.56700e-01    6.58100e-01    6.60400e-01    6.60600e-01    6.61300e-01    6.62700e-01    6.64300e-01    6.66100e-01    6.68200e-01    6.70200e-01    6.72000e-01    6.73500e-01    6.74500e-01    6.74900e-01    6.75100e-01    6.75000e-01    6.74600e-01    6.74100e-01    6.66100e-01    6.58000e-01    6.51600e-01    6.46900e-01    6.43600e-01    6.41700e-01    6.40800e-01    6.40200e-01    
1.03200e+03    6.50300e-01    6.69900e-01    6.85400e-01    6.91600e-01    6.93300e-01    6.90600e-01    6.88000e-01    6.86300e-01    6.85400e-01    6.85200e-01    6.85700e-01    6.86500e-01    6.87300e-01    6.87700e-01    6.87400e-01    6.86500e-01    6.85300e-01    6.83700e-01    6.82000e-01    6.80200e-01    6.66500e-01    6.58700e-01    6.52600e-01    6.48100e-01    6.44900e-01    6.42800e-01    6.41700e-01    6.40800e-01    
1.03220e+03    6.91900e-01    7.13000e-01    7.37400e-01    7.41700e-01    7.42600e-01    7.35900e-01    7.30900e-01    7.28300e-01    7.27000e-01    7.26700e-01    7.27600e-01    7.28900e-01    7.30300e-01    7.31500e-01    7.32100e-01    7.32100e-01    7.31800e-01    7.31200e-01    7.30400e-01    7.29500e-01    7.19300e-01    7.11100e-01    7.04700e-01    7.00000e-01    6.96700e-01    6.94400e-01    6.93200e-01    6.92200e-01    
1.03240e+03    7.60700e-01    7.84400e-01    8.13600e-01    8.26300e-01    8.31400e-01    8.26700e-01    8.22900e-01    8.22000e-01    8.22800e-01    8.24600e-01    8.26800e-01    8.29100e-01    8.31300e-01    8.33200e-01    8.34600e-01    8.35400e-01    8.36000e-01    8.36200e-01    8.36200e-01    8.36000e-01    8.27600e-01    8.17200e-01    8.09300e-01    8.03500e-01    7.99300e-01    7.96600e-01    7.94900e-01    7.93800e-01    
1.03260e+03    7.76100e-01    8.01700e-01    8.29100e-01    8.38900e-01    8.41300e-01    8.35600e-01    8.31600e-01    8.30400e-01    8.30700e-01    8.32100e-01    8.34300e-01    8.36700e-01    8.39100e-01    8.41100e-01    8.42600e-01    8.43600e-01    8.44200e-01    8.44600e-01    8.44600e-01    8.44500e-01    8.37000e-01    8.27900e-01    8.21000e-01    8.16100e-01    8.12500e-01    8.09900e-01    8.08200e-01    8.07100e-01    
1.03280e+03    7.37600e-01    7.62300e-01    7.82300e-01    7.81300e-01    7.77800e-01    7.68600e-01    7.62600e-01    7.59600e-01    7.57900e-01    7.57500e-01    7.58200e-01    7.59400e-01    7.60700e-01    7.61800e-01    7.62400e-01    7.62400e-01    7.62100e-01    7.61500e-01    7.60700e-01    7.59700e-01    7.50700e-01    7.44200e-01    7.39600e-01    7.36400e-01    7.34000e-01    7.32400e-01    7.31300e-01    7.30600e-01    
1.03300e+03    6.99500e-01    7.22000e-01    7.37100e-01    7.26500e-01    7.19900e-01    7.08900e-01    7.00300e-01    6.94300e-01    6.89800e-01    6.86700e-01    6.85100e-01    6.84400e-01    6.84100e-01    6.83800e-01    6.82900e-01    6.81700e-01    6.80300e-01    6.78700e-01    6.77000e-01    6.75200e-01    6.62600e-01    6.55800e-01    6.51000e-01    6.47500e-01    6.45000e-01    6.43200e-01    6.42100e-01    6.41400e-01    
1.03320e+03    7.08900e-01    7.29700e-01    7.47300e-01    7.39400e-01    7.34300e-01    7.23200e-01    7.13700e-01    7.06400e-01    7.00400e-01    6.95700e-01    6.92300e-01    6.89700e-01    6.87400e-01    6.85300e-01    6.82900e-01    6.80300e-01    6.77600e-01    6.74900e-01    6.72100e-01    6.69400e-01    6.50600e-01    6.40200e-01    6.32200e-01    6.26300e-01    6.22100e-01    6.19300e-01    6.17700e-01    6.16700e-01    
1.03340e+03    7.42700e-01    7.63400e-01    7.80900e-01    7.76000e-01    7.73500e-01    7.65200e-01    7.58000e-01    7.52200e-01    7.47100e-01    7.42500e-01    7.38500e-01    7.34900e-01    7.31400e-01    7.28100e-01    7.24600e-01    7.21100e-01    7.17600e-01    7.14100e-01    7.10700e-01    7.07400e-01    6.84700e-01    6.72000e-01    6.62700e-01    6.55900e-01    6.51100e-01    6.48100e-01    6.46400e-01    6.45500e-01    
1.03360e+03    7.55400e-01    7.77000e-01    7.92800e-01    7.84300e-01    7.77000e-01    7.67600e-01    7.60500e-01    7.54600e-01    7.48800e-01    7.43500e-01    7.38800e-01    7.34700e-01    7.30900e-01    7.27200e-01    7.23400e-01    7.19500e-01    7.15600e-01    7.11800e-01    7.08100e-01    7.04400e-01    6.79600e-01    6.66500e-01    6.58000e-01    6.52200e-01    6.48100e-01    6.45300e-01    6.43500e-01    6.42300e-01    
1.03380e+03    7.62600e-01    7.84900e-01    7.97800e-01    7.81800e-01    7.70100e-01    7.59700e-01    7.52300e-01    7.46200e-01    7.40500e-01    7.35400e-01    7.31200e-01    7.27600e-01    7.24200e-01    7.21000e-01    7.17700e-01    7.14400e-01    7.11000e-01    7.07600e-01    7.04400e-01    7.01200e-01    6.79200e-01    6.67600e-01    6.60300e-01    6.55400e-01    6.52100e-01    6.49700e-01    6.48100e-01    6.47000e-01    
1.03400e+03    7.85200e-01    8.07000e-01    8.19100e-01    8.01600e-01    7.90500e-01    7.82900e-01    7.77600e-01    7.73200e-01    7.68900e-01    7.64900e-01    7.61400e-01    7.58300e-01    7.55400e-01    7.52600e-01    7.49700e-01    7.46800e-01    7.43800e-01    7.40900e-01    7.38100e-01    7.35300e-01    7.15000e-01    7.03400e-01    6.95900e-01    6.90800e-01    6.87200e-01    6.84600e-01    6.82800e-01    6.81700e-01    
1.03420e+03    8.00700e-01    8.21000e-01    8.31100e-01    8.14900e-01    8.05000e-01    7.99900e-01    7.96200e-01    7.92700e-01    7.89000e-01    7.85700e-01    7.82800e-01    7.80300e-01    7.77800e-01    7.75400e-01    7.72800e-01    7.70100e-01    7.67300e-01    7.64500e-01    7.61700e-01    7.59000e-01    7.38100e-01    7.25600e-01    7.17600e-01    7.12300e-01    7.08500e-01    7.05800e-01    7.04000e-01    7.02700e-01    
1.03440e+03    8.07300e-01    8.25000e-01    8.36500e-01    8.22400e-01    8.14400e-01    8.10500e-01    8.07500e-01    8.04500e-01    8.01400e-01    7.98600e-01    7.96300e-01    7.94300e-01    7.92400e-01    7.90500e-01    7.88400e-01    7.86100e-01    7.83800e-01    7.81400e-01    7.79000e-01    7.76700e-01    7.58600e-01    7.47600e-01    7.40400e-01    7.35600e-01    7.32100e-01    7.29400e-01    7.27400e-01    7.26200e-01    
1.03460e+03    8.06700e-01    8.20400e-01    8.32700e-01    8.22200e-01    8.17000e-01    8.14400e-01    8.11900e-01    8.09400e-01    8.07000e-01    8.05000e-01    8.03300e-01    8.01800e-01    8.00400e-01    7.99000e-01    7.97500e-01    7.95800e-01    7.94100e-01    7.92300e-01    7.90500e-01    7.88700e-01    7.73400e-01    7.62900e-01    7.55900e-01    7.51200e-01    7.47900e-01    7.45500e-01    7.44000e-01    7.42900e-01    
1.03480e+03    7.85600e-01    7.93400e-01    8.01800e-01    7.95200e-01    7.92800e-01    7.91500e-01    7.90300e-01    7.88700e-01    7.86600e-01    7.84800e-01    7.83600e-01    7.82700e-01    7.82000e-01    7.81300e-01    7.80600e-01    7.79600e-01    7.78700e-01    7.77600e-01    7.76500e-01    7.75400e-01    7.62800e-01    7.52300e-01    7.44800e-01    7.39600e-01    7.35900e-01    7.33100e-01    7.31400e-01    7.30200e-01    
1.03500e+03    7.54900e-01    7.60300e-01    7.66300e-01    7.54200e-01    7.48600e-01    7.42100e-01    7.37700e-01    7.34200e-01    7.30600e-01    7.27600e-01    7.25800e-01    7.24600e-01    7.23900e-01    7.23300e-01    7.22600e-01    7.21800e-01    7.20900e-01    7.20000e-01    7.19000e-01    7.17900e-01    7.05500e-01    6.94300e-01    6.86000e-01    6.80000e-01    6.75700e-01    6.72800e-01    6.71100e-01    6.70200e-01    
1.03520e+03    7.23900e-01    7.25400e-01    7.28500e-01    7.16400e-01    7.12200e-01    7.04500e-01    6.97700e-01    6.91700e-01    6.85900e-01    6.81100e-01    6.77500e-01    6.74900e-01    6.72800e-01    6.70800e-01    6.68700e-01    6.66500e-01    6.64300e-01    6.62000e-01    6.59700e-01    6.57400e-01    6.38200e-01    6.25300e-01    6.16600e-01    6.10700e-01    6.06600e-01    6.03600e-01    6.01800e-01    6.00700e-01    
1.03540e+03    7.01300e-01    7.02300e-01    7.01700e-01    6.89300e-01    6.83800e-01    6.71800e-01    6.60700e-01    6.51300e-01    6.42700e-01    6.35400e-01    6.30000e-01    6.26000e-01    6.22700e-01    6.19900e-01    6.17200e-01    6.14500e-01    6.11800e-01    6.09300e-01    6.06800e-01    6.04300e-01    5.84500e-01    5.71400e-01    5.62800e-01    5.57000e-01    5.53000e-01    5.50200e-01    5.48500e-01    5.47500e-01    
1.03560e+03    6.86300e-01    6.88300e-01    6.83200e-01    6.71900e-01    6.66900e-01    6.53100e-01    6.40200e-01    6.28600e-01    6.17600e-01    6.08000e-01    6.00500e-01    5.94700e-01    5.89800e-01    5.85500e-01    5.81300e-01    5.77300e-01    5.73300e-01    5.69400e-01    5.65700e-01    5.62100e-01    5.34600e-01    5.17900e-01    5.07500e-01    5.00700e-01    4.96200e-01    4.93300e-01    4.91700e-01    4.90800e-01    
1.03580e+03    6.47500e-01    6.50400e-01    6.35100e-01    6.14100e-01    6.04000e-01    5.88300e-01    5.77600e-01    5.68900e-01    5.59400e-01    5.50700e-01    5.43700e-01    5.38200e-01    5.33400e-01    5.29100e-01    5.24800e-01    5.20600e-01    5.16400e-01    5.12300e-01    5.08400e-01    5.04500e-01    4.74600e-01    4.56500e-01    4.45200e-01    4.37900e-01    4.33100e-01    4.30000e-01    4.28300e-01    4.27300e-01    
1.03600e+03    5.24400e-01    5.19900e-01    4.81200e-01    4.41200e-01    4.23200e-01    4.11800e-01    4.06500e-01    4.02400e-01    3.97200e-01    3.92400e-01    3.88800e-01    3.86200e-01    3.84100e-01    3.82000e-01    3.79700e-01    3.77300e-01    3.74700e-01    3.72000e-01    3.69300e-01    3.66600e-01    3.44500e-01    3.30400e-01    3.21700e-01    3.16100e-01    3.12500e-01    3.10400e-01    3.09300e-01    3.08800e-01    
1.03620e+03    4.15500e-01    4.07400e-01    3.54500e-01    3.09600e-01    2.92500e-01    2.83700e-01    2.77700e-01    2.72200e-01    2.66700e-01    2.62100e-01    2.59300e-01    2.57700e-01    2.56600e-01    2.55600e-01    2.54500e-01    2.53100e-01    2.51700e-01    2.50100e-01    2.48500e-01    2.46800e-01    2.32500e-01    2.22800e-01    2.16600e-01    2.12600e-01    2.10000e-01    2.08600e-01    2.08100e-01    2.08000e-01    
1.03640e+03    4.80100e-01    4.79800e-01    4.42800e-01    4.05100e-01    4.01300e-01    3.92800e-01    3.84900e-01    3.76900e-01    3.67700e-01    3.59300e-01    3.53000e-01    3.48300e-01    3.44500e-01    3.41300e-01    3.38100e-01    3.35200e-01    3.32300e-01    3.29500e-01    3.26800e-01    3.24200e-01    3.02900e-01    2.89000e-01    2.80300e-01    2.74800e-01    2.71300e-01    2.69300e-01    2.68500e-01    2.68200e-01    
1.03660e+03    5.83900e-01    5.86700e-01    5.64900e-01    5.36900e-01    5.34800e-01    5.21600e-01    5.11100e-01    5.01100e-01    4.89300e-01    4.78000e-01    4.69000e-01    4.61800e-01    4.55700e-01    4.50400e-01    4.45300e-01    4.40500e-01    4.35800e-01    4.31300e-01    4.27100e-01    4.22900e-01    3.91800e-01    3.73100e-01    3.61800e-01    3.54600e-01    3.49900e-01    3.47100e-01    3.45600e-01    3.44800e-01    
1.03680e+03    5.23400e-01    5.21500e-01    4.80700e-01    4.38700e-01    4.23500e-01    4.13100e-01    4.06800e-01    4.00200e-01    3.91900e-01    3.84100e-01    3.78300e-01    3.74000e-01    3.70400e-01    3.67300e-01    3.64200e-01    3.61000e-01    3.57800e-01    3.54700e-01    3.51600e-01    3.48500e-01    3.24700e-01    3.10300e-01    3.01500e-01    2.95900e-01    2.92200e-01    2.89800e-01    2.88400e-01    2.87700e-01    
1.03700e+03    5.11100e-01    5.13900e-01    4.82300e-01    4.41800e-01    4.35000e-01    4.27000e-01    4.20200e-01    4.12800e-01    4.03900e-01    3.95700e-01    3.89700e-01    3.85300e-01    3.81900e-01    3.79000e-01    3.76000e-01    3.73100e-01    3.70100e-01    3.67200e-01    3.64300e-01    3.61500e-01    3.38500e-01    3.23600e-01    3.14100e-01    3.08000e-01    3.04000e-01    3.01600e-01    3.00500e-01    3.00000e-01    
1.03720e+03    6.81900e-01    6.81600e-01    6.85100e-01    6.81200e-01    6.82800e-01    6.68800e-01    6.56600e-01    6.45000e-01    6.31900e-01    6.19800e-01    6.10300e-01    6.02700e-01    5.96400e-01    5.90800e-01    5.85300e-01    5.80000e-01    5.74900e-01    5.69900e-01    5.65100e-01    5.60500e-01    5.23400e-01    4.99700e-01    4.85000e-01    4.75400e-01    4.69000e-01    4.65100e-01    4.63000e-01    4.61800e-01    
1.03740e+03    7.75200e-01    7.72300e-01    7.91100e-01    8.01800e-01    8.07000e-01    7.94200e-01    7.82900e-01    7.72800e-01    7.61500e-01    7.51000e-01    7.42600e-01    7.35700e-01    7.29700e-01    7.24300e-01    7.19100e-01    7.13900e-01    7.08800e-01    7.03900e-01    6.99000e-01    6.94300e-01    6.54700e-01    6.28000e-01    6.11300e-01    6.00500e-01    5.93200e-01    5.88600e-01    5.85900e-01    5.84400e-01    
1.03760e+03    8.28300e-01    8.26900e-01    8.52400e-01    8.75300e-01    8.86700e-01    8.73800e-01    8.61900e-01    8.51900e-01    8.41300e-01    8.31500e-01    8.23700e-01    8.17400e-01    8.12000e-01    8.07200e-01    8.02500e-01    7.97800e-01    7.93200e-01    7.88700e-01    7.84300e-01    7.80000e-01    7.42100e-01    7.15500e-01    6.98500e-01    6.87200e-01    6.79500e-01    6.74200e-01    6.70900e-01    6.68900e-01    
1.03780e+03    8.35800e-01    8.35200e-01    8.58300e-01    8.74700e-01    8.83800e-01    8.70700e-01    8.58700e-01    8.48300e-01    8.36900e-01    8.26700e-01    8.19000e-01    8.13400e-01    8.09000e-01    8.05400e-01    8.02100e-01    7.99000e-01    7.96100e-01    7.93300e-01    7.90600e-01    7.87900e-01    7.60600e-01    7.37900e-01    7.22200e-01    7.11300e-01    7.03700e-01    6.98600e-01    6.95700e-01    6.93900e-01    
1.03800e+03    7.71500e-01    7.69000e-01    7.73300e-01    7.62100e-01    7.64900e-01    7.55100e-01    7.45500e-01    7.35600e-01    7.24200e-01    7.14200e-01    7.07500e-01    7.03300e-01    7.00600e-01    6.98600e-01    6.97000e-01    6.95400e-01    6.93900e-01    6.92500e-01    6.91100e-01    6.89700e-01    6.72800e-01    6.56100e-01    6.42600e-01    6.32600e-01    6.25400e-01    6.20600e-01    6.18100e-01    6.16700e-01    
1.03820e+03    8.27700e-01    8.36500e-01    8.59600e-01    8.64200e-01    8.72300e-01    8.59800e-01    8.47500e-01    8.35700e-01    8.22700e-01    8.11200e-01    8.03000e-01    7.97300e-01    7.93100e-01    7.89700e-01    7.86500e-01    7.83400e-01    7.80500e-01    7.77700e-01    7.74900e-01    7.72200e-01    7.48900e-01    7.31300e-01    7.18100e-01    7.08500e-01    7.01600e-01    6.96600e-01    6.93600e-01    6.91700e-01    
1.03840e+03    8.93500e-01    9.01600e-01    9.31200e-01    9.43800e-01    9.51500e-01    9.36700e-01    9.22300e-01    9.10000e-01    8.98000e-01    8.87800e-01    8.80400e-01    8.75200e-01    8.71300e-01    8.68200e-01    8.65400e-01    8.62800e-01    8.60400e-01    8.58100e-01    8.55900e-01    8.53800e-01    8.33900e-01    8.18400e-01    8.08100e-01    8.01000e-01    7.95800e-01    7.91500e-01    7.88600e-01    7.86700e-01    
1.03860e+03    8.98900e-01    9.05300e-01    9.33700e-01    9.35000e-01    9.40100e-01    9.28600e-01    9.16200e-01    9.05100e-01    8.94600e-01    8.85900e-01    8.80000e-01    8.76100e-01    8.73200e-01    8.70900e-01    8.68700e-01    8.66400e-01    8.64100e-01    8.61800e-01    8.59600e-01    8.57400e-01    8.38300e-01    8.24400e-01    8.14100e-01    8.06700e-01    8.01200e-01    7.96700e-01    7.93600e-01    7.91800e-01    
1.03880e+03    9.32500e-01    9.31200e-01    9.59000e-01    9.73800e-01    9.83200e-01    9.79000e-01    9.72600e-01    9.66600e-01    9.61000e-01    9.56100e-01    9.52400e-01    9.49400e-01    9.46900e-01    9.44800e-01    9.42800e-01    9.40800e-01    9.39000e-01    9.37200e-01    9.35500e-01    9.33800e-01    9.18000e-01    9.05600e-01    8.96900e-01    8.90700e-01    8.86200e-01    8.82600e-01    8.80100e-01    8.78500e-01    
1.03900e+03    8.28200e-01    8.22000e-01    8.27600e-01    8.12500e-01    8.06200e-01    7.96600e-01    7.86600e-01    7.78900e-01    7.73800e-01    7.70400e-01    7.68300e-01    7.67100e-01    7.66400e-01    7.65900e-01    7.65600e-01    7.65200e-01    7.64900e-01    7.64600e-01    7.64300e-01    7.64000e-01    7.57500e-01    7.50600e-01    7.45800e-01    7.42500e-01    7.40300e-01    7.38700e-01    7.37900e-01    7.37400e-01    
1.03920e+03    8.91900e-01    8.83600e-01    8.90100e-01    8.84400e-01    8.90600e-01    8.89400e-01    8.82900e-01    8.76400e-01    8.71400e-01    8.67400e-01    8.64300e-01    8.61700e-01    8.59400e-01    8.57400e-01    8.55300e-01    8.53300e-01    8.51200e-01    8.49300e-01    8.47300e-01    8.45400e-01    8.28800e-01    8.17000e-01    8.09000e-01    8.03500e-01    7.99500e-01    7.96400e-01    7.94400e-01    7.93200e-01    
1.03940e+03    1.07970e+00    1.07860e+00    1.11500e+00    1.13220e+00    1.14530e+00    1.14390e+00    1.13600e+00    1.12810e+00    1.12190e+00    1.11660e+00    1.11180e+00    1.10730e+00    1.10310e+00    1.09920e+00    1.09560e+00    1.09240e+00    1.08930e+00    1.08650e+00    1.08380e+00    1.08110e+00    1.05850e+00    1.04290e+00    1.03410e+00    1.02880e+00    1.02520e+00    1.02240e+00    1.02030e+00    1.01890e+00    
1.03960e+03    1.06240e+00    1.05710e+00    1.08530e+00    1.09630e+00    1.10840e+00    1.10700e+00    1.10050e+00    1.09440e+00    1.08960e+00    1.08570e+00    1.08210e+00    1.07890e+00    1.07580e+00    1.07300e+00    1.07030e+00    1.06780e+00    1.06530e+00    1.06300e+00    1.06070e+00    1.05850e+00    1.03980e+00    1.02750e+00    1.02140e+00    1.01800e+00    1.01580e+00    1.01390e+00    1.01230e+00    1.01120e+00    
1.03980e+03    1.01150e+00    9.99600e-01    1.01340e+00    1.01720e+00    1.02820e+00    1.02780e+00    1.02310e+00    1.01820e+00    1.01400e+00    1.01040e+00    1.00720e+00    1.00430e+00    1.00170e+00    9.99200e-01    9.96600e-01    9.94100e-01    9.91500e-01    9.89100e-01    9.86700e-01    9.84300e-01    9.67300e-01    9.58200e-01    9.53500e-01    9.50800e-01    9.49000e-01    9.47400e-01    9.46200e-01    9.45400e-01    
1.04000e+03    9.83300e-01    9.61600e-01    9.59300e-01    9.53600e-01    9.59800e-01    9.57900e-01    9.54100e-01    9.50600e-01    9.47000e-01    9.43600e-01    9.40800e-01    9.38300e-01    9.36000e-01    9.33900e-01    9.31700e-01    9.29600e-01    9.27500e-01    9.25500e-01    9.23600e-01    9.21700e-01    9.09900e-01    9.05000e-01    9.02800e-01    9.01800e-01    9.01100e-01    9.00300e-01    8.99600e-01    8.99400e-01    
1.04020e+03    9.66700e-01    9.47800e-01    9.42400e-01    9.22300e-01    9.18800e-01    9.10300e-01    9.03300e-01    8.97200e-01    8.90800e-01    8.85300e-01    8.81400e-01    8.78700e-01    8.76700e-01    8.75200e-01    8.73700e-01    8.72300e-01    8.70900e-01    8.69600e-01    8.68400e-01    8.67200e-01    8.59600e-01    8.55700e-01    8.52900e-01    8.50900e-01    8.49300e-01    8.48100e-01    8.47400e-01    8.47000e-01    
1.04040e+03    1.04430e+00    1.02890e+00    1.03490e+00    1.02560e+00    1.02650e+00    1.02030e+00    1.01320e+00    1.00680e+00    1.00090e+00    9.95400e-01    9.90300e-01    9.85800e-01    9.81600e-01    9.77800e-01    9.74300e-01    9.71200e-01    9.68200e-01    9.65500e-01    9.63000e-01    9.60600e-01    9.45300e-01    9.37900e-01    9.34100e-01    9.31800e-01    9.30200e-01    9.28700e-01    9.27500e-01    9.26600e-01    
1.04060e+03    1.10070e+00    1.08490e+00    1.09730e+00    1.09770e+00    1.10340e+00    1.10010e+00    1.09370e+00    1.08750e+00    1.08190e+00    1.07640e+00    1.07090e+00    1.06560e+00    1.06050e+00    1.05570e+00    1.05120e+00    1.04710e+00    1.04320e+00    1.03960e+00    1.03620e+00    1.03300e+00    1.01120e+00    9.99800e-01    9.93700e-01    9.90100e-01    9.87500e-01    9.85200e-01    9.83400e-01    9.82200e-01    
1.04080e+03    1.06620e+00    1.04740e+00    1.05080e+00    1.04280e+00    1.04350e+00    1.03760e+00    1.03040e+00    1.02410e+00    1.01860e+00    1.01360e+00    1.00870e+00    1.00410e+00    9.99700e-01    9.95400e-01    9.91200e-01    9.87100e-01    9.83100e-01    9.79300e-01    9.75600e-01    9.72000e-01    9.48700e-01    9.37600e-01    9.31700e-01    9.28200e-01    9.25700e-01    9.23400e-01    9.21600e-01    9.20600e-01    
1.04100e+03    1.01130e+00    9.90400e-01    9.78400e-01    9.53000e-01    9.47100e-01    9.40800e-01    9.34600e-01    9.28500e-01    9.22400e-01    9.17100e-01    9.13200e-01    9.10300e-01    9.07900e-01    9.05800e-01    9.03600e-01    9.01300e-01    8.98900e-01    8.96600e-01    8.94300e-01    8.92100e-01    8.76200e-01    8.67500e-01    8.61700e-01    8.57600e-01    8.54600e-01    8.52300e-01    8.50700e-01    8.49900e-01    
1.04120e+03    1.12350e+00    1.11080e+00    1.11380e+00    1.10110e+00    1.09980e+00    1.09410e+00    1.08650e+00    1.07960e+00    1.07400e+00    1.06910e+00    1.06470e+00    1.06080e+00    1.05710e+00    1.05370e+00    1.05040e+00    1.04740e+00    1.04450e+00    1.04180e+00    1.03920e+00    1.03670e+00    1.01880e+00    1.00940e+00    1.00480e+00    1.00240e+00    1.00090e+00    9.99400e-01    9.98200e-01    9.97700e-01    
1.04140e+03    1.19790e+00    1.18750e+00    1.19290e+00    1.18750e+00    1.18970e+00    1.18780e+00    1.18230e+00    1.17710e+00    1.17340e+00    1.17020e+00    1.16700e+00    1.16390e+00    1.16080e+00    1.15790e+00    1.15500e+00    1.15230e+00    1.14960e+00    1.14700e+00    1.14460e+00    1.14220e+00    1.12390e+00    1.11350e+00    1.10870e+00    1.10630e+00    1.10480e+00    1.10370e+00    1.10300e+00    1.10260e+00    
1.04160e+03    1.21300e+00    1.20190e+00    1.20790e+00    1.20240e+00    1.20590e+00    1.20520e+00    1.20020e+00    1.19540e+00    1.19190e+00    1.18910e+00    1.18670e+00    1.18440e+00    1.18220e+00    1.18000e+00    1.17770e+00    1.17550e+00    1.17320e+00    1.17100e+00    1.16880e+00    1.16660e+00    1.14880e+00    1.13750e+00    1.13110e+00    1.12720e+00    1.12450e+00    1.12220e+00    1.12050e+00    1.11960e+00    
1.04180e+03    1.21240e+00    1.19820e+00    1.20410e+00    1.19830e+00    1.20130e+00    1.20010e+00    1.19500e+00    1.19060e+00    1.18800e+00    1.18650e+00    1.18540e+00    1.18460e+00    1.18380e+00    1.18300e+00    1.18200e+00    1.18100e+00    1.17980e+00    1.17860e+00    1.17740e+00    1.17620e+00    1.16560e+00    1.15940e+00    1.15710e+00    1.15630e+00    1.15590e+00    1.15540e+00    1.15490e+00    1.15470e+00    
1.04200e+03    1.20910e+00    1.19160e+00    1.19730e+00    1.19470e+00    1.19760e+00    1.19670e+00    1.19190e+00    1.18780e+00    1.18580e+00    1.18490e+00    1.18470e+00    1.18460e+00    1.18460e+00    1.18460e+00    1.18440e+00    1.18400e+00    1.18350e+00    1.18280e+00    1.18210e+00    1.18140e+00    1.17300e+00    1.16750e+00    1.16610e+00    1.16610e+00    1.16640e+00    1.16650e+00    1.16630e+00    1.16630e+00    
1.04220e+03    1.20480e+00    1.18790e+00    1.18900e+00    1.18320e+00    1.18810e+00    1.19060e+00    1.18870e+00    1.18670e+00    1.18620e+00    1.18660e+00    1.18760e+00    1.18870e+00    1.18990e+00    1.19110e+00    1.19210e+00    1.19280e+00    1.19350e+00    1.19400e+00    1.19450e+00    1.19480e+00    1.19290e+00    1.18970e+00    1.18930e+00    1.18970e+00    1.19030e+00    1.19020e+00    1.19000e+00    1.19000e+00    
1.04240e+03    1.18660e+00    1.16980e+00    1.16760e+00    1.16150e+00    1.16470e+00    1.16590e+00    1.16410e+00    1.16240e+00    1.16200e+00    1.16260e+00    1.16380e+00    1.16520e+00    1.16670e+00    1.16800e+00    1.16910e+00    1.16980e+00    1.17030e+00    1.17060e+00    1.17080e+00    1.17090e+00    1.16810e+00    1.16490e+00    1.16400e+00    1.16380e+00    1.16390e+00    1.16360e+00    1.16320e+00    1.16310e+00    
1.04260e+03    1.16530e+00    1.14970e+00    1.14760e+00    1.13950e+00    1.13650e+00    1.13240e+00    1.12790e+00    1.12500e+00    1.12390e+00    1.12400e+00    1.12510e+00    1.12650e+00    1.12790e+00    1.12920e+00    1.13000e+00    1.13040e+00    1.13050e+00    1.13030e+00    1.13000e+00    1.12950e+00    1.12270e+00    1.11750e+00    1.11510e+00    1.11400e+00    1.11330e+00    1.11240e+00    1.11160e+00    1.11100e+00    
1.04280e+03    1.17930e+00    1.16470e+00    1.16760e+00    1.16370e+00    1.16120e+00    1.15850e+00    1.15370e+00    1.14980e+00    1.14790e+00    1.14730e+00    1.14750e+00    1.14820e+00    1.14900e+00    1.14970e+00    1.15010e+00    1.15020e+00    1.15010e+00    1.14980e+00    1.14930e+00    1.14880e+00    1.14040e+00    1.13280e+00    1.12850e+00    1.12580e+00    1.12380e+00    1.12180e+00    1.12030e+00    1.11930e+00    
1.04300e+03    1.17660e+00    1.16050e+00    1.16040e+00    1.15670e+00    1.15990e+00    1.16170e+00    1.16050e+00    1.15940e+00    1.15960e+00    1.16040e+00    1.16160e+00    1.16280e+00    1.16400e+00    1.16490e+00    1.16560e+00    1.16590e+00    1.16610e+00    1.16600e+00    1.16590e+00    1.16560e+00    1.15850e+00    1.15120e+00    1.14700e+00    1.14450e+00    1.14240e+00    1.14040e+00    1.13860e+00    1.13750e+00    
1.04320e+03    1.12610e+00    1.10540e+00    1.09350e+00    1.08270e+00    1.08470e+00    1.08810e+00    1.08940e+00    1.09010e+00    1.09080e+00    1.09200e+00    1.09380e+00    1.09580e+00    1.09780e+00    1.09950e+00    1.10080e+00    1.10170e+00    1.10230e+00    1.10260e+00    1.10270e+00    1.10270e+00    1.09820e+00    1.09250e+00    1.08840e+00    1.08540e+00    1.08310e+00    1.08100e+00    1.07950e+00    1.07870e+00    
1.04340e+03    1.11930e+00    1.10100e+00    1.09180e+00    1.07300e+00    1.06780e+00    1.06400e+00    1.06150e+00    1.06010e+00    1.05940e+00    1.05960e+00    1.06100e+00    1.06290e+00    1.06510e+00    1.06710e+00    1.06890e+00    1.07020e+00    1.07130e+00    1.07210e+00    1.07280e+00    1.07340e+00    1.07350e+00    1.07050e+00    1.06740e+00    1.06480e+00    1.06260e+00    1.06070e+00    1.05920e+00    1.05860e+00    
1.04360e+03    1.16010e+00    1.14170e+00    1.13560e+00    1.12740e+00    1.12970e+00    1.13240e+00    1.13190e+00    1.13150e+00    1.13240e+00    1.13430e+00    1.13680e+00    1.13940e+00    1.14200e+00    1.14440e+00    1.14640e+00    1.14810e+00    1.14950e+00    1.15070e+00    1.15170e+00    1.15250e+00    1.15440e+00    1.15320e+00    1.15320e+00    1.15350e+00    1.15370e+00    1.15310e+00    1.15240e+00    1.15190e+00    
1.04380e+03    1.16930e+00    1.15440e+00    1.14770e+00    1.13910e+00    1.14210e+00    1.14550e+00    1.14550e+00    1.14550e+00    1.14700e+00    1.14930e+00    1.15230e+00    1.15540e+00    1.15850e+00    1.16130e+00    1.16380e+00    1.16590e+00    1.16770e+00    1.16930e+00    1.17070e+00    1.17190e+00    1.17700e+00    1.17860e+00    1.18130e+00    1.18370e+00    1.18550e+00    1.18600e+00    1.18570e+00    1.18550e+00    
1.04400e+03    1.16490e+00    1.15260e+00    1.14450e+00    1.13830e+00    1.14120e+00    1.14460e+00    1.14520e+00    1.14530e+00    1.14640e+00    1.14820e+00    1.15050e+00    1.15310e+00    1.15570e+00    1.15800e+00    1.16000e+00    1.16150e+00    1.16280e+00    1.16380e+00    1.16460e+00    1.16530e+00    1.16660e+00    1.16550e+00    1.16590e+00    1.16650e+00    1.16680e+00    1.16640e+00    1.16570e+00    1.16520e+00    
1.04420e+03    1.14900e+00    1.13680e+00    1.12860e+00    1.12290e+00    1.12440e+00    1.12660e+00    1.12800e+00    1.12930e+00    1.13070e+00    1.13230e+00    1.13420e+00    1.13600e+00    1.13780e+00    1.13920e+00    1.14030e+00    1.14110e+00    1.14160e+00    1.14190e+00    1.14200e+00    1.14210e+00    1.13870e+00    1.13490e+00    1.13330e+00    1.13260e+00    1.13210e+00    1.13130e+00    1.13040e+00    1.12970e+00    
1.04440e+03    1.14960e+00    1.13970e+00    1.13880e+00    1.13410e+00    1.13050e+00    1.12760e+00    1.12570e+00    1.12390e+00    1.12200e+00    1.12080e+00    1.12070e+00    1.12120e+00    1.12210e+00    1.12290e+00    1.12340e+00    1.12360e+00    1.12360e+00    1.12350e+00    1.12320e+00    1.12280e+00    1.11540e+00    1.10800e+00    1.10310e+00    1.09980e+00    1.09730e+00    1.09510e+00    1.09360e+00    1.09270e+00    
1.04460e+03    1.16880e+00    1.16020e+00    1.16750e+00    1.17080e+00    1.16810e+00    1.16470e+00    1.16170e+00    1.15910e+00    1.15670e+00    1.15490e+00    1.15360e+00    1.15270e+00    1.15190e+00    1.15110e+00    1.15010e+00    1.14890e+00    1.14750e+00    1.14610e+00    1.14460e+00    1.14310e+00    1.12930e+00    1.12050e+00    1.11630e+00    1.11410e+00    1.11250e+00    1.11080e+00    1.10920e+00    1.10820e+00    
1.04480e+03    1.15750e+00    1.14980e+00    1.15930e+00    1.16320e+00    1.16150e+00    1.15840e+00    1.15510e+00    1.15190e+00    1.14900e+00    1.14650e+00    1.14450e+00    1.14290e+00    1.14140e+00    1.13980e+00    1.13810e+00    1.13620e+00    1.13410e+00    1.13210e+00    1.13000e+00    1.12800e+00    1.11240e+00    1.10430e+00    1.10130e+00    1.10020e+00    1.09970e+00    1.09910e+00    1.09850e+00    1.09820e+00    
1.04500e+03    1.12430e+00    1.11790e+00    1.12640e+00    1.12460e+00    1.12310e+00    1.12000e+00    1.11650e+00    1.11240e+00    1.10830e+00    1.10450e+00    1.10150e+00    1.09890e+00    1.09660e+00    1.09420e+00    1.09160e+00    1.08870e+00    1.08570e+00    1.08260e+00    1.07960e+00    1.07660e+00    1.05690e+00    1.04880e+00    1.04610e+00    1.04520e+00    1.04480e+00    1.04410e+00    1.04350e+00    1.04300e+00    
1.04520e+03    1.12160e+00    1.11380e+00    1.12090e+00    1.12100e+00    1.12080e+00    1.12050e+00    1.11920e+00    1.11720e+00    1.11510e+00    1.11330e+00    1.11180e+00    1.11060e+00    1.10950e+00    1.10850e+00    1.10730e+00    1.10610e+00    1.10480e+00    1.10350e+00    1.10210e+00    1.10080e+00    1.09030e+00    1.08510e+00    1.08420e+00    1.08470e+00    1.08540e+00    1.08570e+00    1.08570e+00    1.08580e+00    
1.04540e+03    1.11970e+00    1.10970e+00    1.11560e+00    1.11870e+00    1.12060e+00    1.12250e+00    1.12240e+00    1.12140e+00    1.12030e+00    1.11950e+00    1.11910e+00    1.11890e+00    1.11890e+00    1.11890e+00    1.11880e+00    1.11870e+00    1.11850e+00    1.11830e+00    1.11800e+00    1.11770e+00    1.11270e+00    1.10900e+00    1.10910e+00    1.11010e+00    1.11130e+00    1.11210e+00    1.11260e+00    1.11300e+00    
1.04560e+03    1.10740e+00    1.09740e+00    1.10440e+00    1.10730e+00    1.10880e+00    1.10890e+00    1.10840e+00    1.10760e+00    1.10680e+00    1.10610e+00    1.10560e+00    1.10520e+00    1.10490e+00    1.10450e+00    1.10390e+00    1.10320e+00    1.10250e+00    1.10160e+00    1.10080e+00    1.09980e+00    1.09010e+00    1.08360e+00    1.08170e+00    1.08130e+00    1.08140e+00    1.08100e+00    1.08050e+00    1.08020e+00    
1.04580e+03    1.08200e+00    1.07090e+00    1.07920e+00    1.08270e+00    1.08350e+00    1.08280e+00    1.08180e+00    1.08070e+00    1.07950e+00    1.07850e+00    1.07780e+00    1.07740e+00    1.07690e+00    1.07620e+00    1.07520e+00    1.07390e+00    1.07240e+00    1.07080e+00    1.06910e+00    1.06730e+00    1.05420e+00    1.04740e+00    1.04450e+00    1.04300e+00    1.04200e+00    1.04070e+00    1.03960e+00    1.03890e+00    
1.04600e+03    1.06220e+00    1.04890e+00    1.05660e+00    1.06130e+00    1.06380e+00    1.06470e+00    1.06490e+00    1.06480e+00    1.06460e+00    1.06460e+00    1.06490e+00    1.06530e+00    1.06570e+00    1.06570e+00    1.06530e+00    1.06440e+00    1.06340e+00    1.06210e+00    1.06070e+00    1.05920e+00    1.04680e+00    1.03970e+00    1.03630e+00    1.03460e+00    1.03350e+00    1.03260e+00    1.03200e+00    1.03160e+00    
1.04620e+03    1.06220e+00    1.04790e+00    1.05360e+00    1.05980e+00    1.06480e+00    1.06840e+00    1.07100e+00    1.07340e+00    1.07590e+00    1.07840e+00    1.08080e+00    1.08300e+00    1.08510e+00    1.08690e+00    1.08830e+00    1.08940e+00    1.09030e+00    1.09100e+00    1.09150e+00    1.09190e+00    1.08930e+00    1.08500e+00    1.08350e+00    1.08310e+00    1.08290e+00    1.08230e+00    1.08180e+00    1.08150e+00    
1.04640e+03    1.07100e+00    1.05880e+00    1.06530e+00    1.07260e+00    1.07660e+00    1.08000e+00    1.08290e+00    1.08590e+00    1.08900e+00    1.09200e+00    1.09490e+00    1.09760e+00    1.10010e+00    1.10230e+00    1.10420e+00    1.10570e+00    1.10710e+00    1.10830e+00    1.10930e+00    1.11010e+00    1.11240e+00    1.11190e+00    1.11320e+00    1.11480e+00    1.11600e+00    1.11620e+00    1.11590e+00    1.11580e+00    
1.04660e+03    1.07890e+00    1.06900e+00    1.07730e+00    1.08640e+00    1.08950e+00    1.09210e+00    1.09460e+00    1.09690e+00    1.09910e+00    1.10140e+00    1.10380e+00    1.10620e+00    1.10850e+00    1.11050e+00    1.11230e+00    1.11370e+00    1.11500e+00    1.11610e+00    1.11700e+00    1.11780e+00    1.12090e+00    1.12190e+00    1.12420e+00    1.12660e+00    1.12850e+00    1.12940e+00    1.12970e+00    1.13000e+00    
1.04680e+03    1.08140e+00    1.07300e+00    1.08180e+00    1.09210e+00    1.09500e+00    1.09680e+00    1.09880e+00    1.10090e+00    1.10290e+00    1.10510e+00    1.10750e+00    1.11000e+00    1.11250e+00    1.11480e+00    1.11670e+00    1.11840e+00    1.11980e+00    1.12110e+00    1.12210e+00    1.12310e+00    1.12580e+00    1.12580e+00    1.12770e+00    1.13000e+00    1.13190e+00    1.13300e+00    1.13370e+00    1.13420e+00    
1.04700e+03    1.07110e+00    1.06390e+00    1.07040e+00    1.07840e+00    1.07960e+00    1.08030e+00    1.08220e+00    1.08460e+00    1.08710e+00    1.08970e+00    1.09260e+00    1.09550e+00    1.09840e+00    1.10110e+00    1.10340e+00    1.10540e+00    1.10710e+00    1.10870e+00    1.11000e+00    1.11120e+00    1.11590e+00    1.11720e+00    1.11980e+00    1.12240e+00    1.12440e+00    1.12560e+00    1.12650e+00    1.12690e+00    
1.04720e+03    1.04140e+00    1.03350e+00    1.03350e+00    1.03890e+00    1.03950e+00    1.04000e+00    1.04160e+00    1.04350e+00    1.04540e+00    1.04790e+00    1.05100e+00    1.05440e+00    1.05790e+00    1.06120e+00    1.06410e+00    1.06660e+00    1.06890e+00    1.07090e+00    1.07270e+00    1.07440e+00    1.08260e+00    1.08600e+00    1.08960e+00    1.09270e+00    1.09500e+00    1.09610e+00    1.09660e+00    1.09700e+00    
1.04740e+03    1.00610e+00    9.98800e-01    9.92200e-01    9.89800e-01    9.88500e-01    9.87800e-01    9.89200e-01    9.91200e-01    9.93000e-01    9.95400e-01    9.98800e-01    1.00280e+00    1.00700e+00    1.01090e+00    1.01450e+00    1.01770e+00    1.02050e+00    1.02310e+00    1.02540e+00    1.02750e+00    1.03830e+00    1.04210e+00    1.04470e+00    1.04660e+00    1.04790e+00    1.04830e+00    1.04830e+00    1.04850e+00    
1.04760e+03    9.97100e-01    9.89900e-01    9.81800e-01    9.82400e-01    9.81900e-01    9.81900e-01    9.83400e-01    9.85100e-01    9.86700e-01    9.88800e-01    9.91800e-01    9.95300e-01    9.98800e-01    1.00220e+00    1.00530e+00    1.00790e+00    1.01030e+00    1.01240e+00    1.01440e+00    1.01610e+00    1.02590e+00    1.03020e+00    1.03330e+00    1.03560e+00    1.03720e+00    1.03830e+00    1.03910e+00    1.03980e+00    
1.04780e+03    9.80100e-01    9.73300e-01    9.63700e-01    9.66700e-01    9.65600e-01    9.63000e-01    9.63300e-01    9.64400e-01    9.65100e-01    9.66000e-01    9.67600e-01    9.69500e-01    9.71700e-01    9.73700e-01    9.75500e-01    9.77000e-01    9.78400e-01    9.79600e-01    9.80600e-01    9.81600e-01    9.87600e-01    9.91000e-01    9.93700e-01    9.95700e-01    9.97100e-01    9.98000e-01    9.98500e-01    9.99000e-01    
1.04800e+03    8.63100e-01    8.51900e-01    8.17500e-01    8.01200e-01    7.93000e-01    7.93200e-01    7.97000e-01    8.00400e-01    8.02600e-01    8.05000e-01    8.08500e-01    8.12600e-01    8.17000e-01    8.21200e-01    8.25200e-01    8.28700e-01    8.32000e-01    8.35000e-01    8.37800e-01    8.40400e-01    8.55400e-01    8.60900e-01    8.63100e-01    8.64100e-01    8.64400e-01    8.64400e-01    8.64300e-01    8.64600e-01    
1.04820e+03    8.87400e-01    8.81400e-01    8.58000e-01    8.55100e-01    8.53400e-01    8.51500e-01    8.52600e-01    8.54400e-01    8.55700e-01    8.57400e-01    8.60100e-01    8.63300e-01    8.66800e-01    8.70300e-01    8.73600e-01    8.76500e-01    8.79200e-01    8.81700e-01    8.83900e-01    8.86000e-01    8.96400e-01    8.98200e-01    8.97800e-01    8.96900e-01    8.95900e-01    8.94900e-01    8.94200e-01    8.94100e-01    
1.04840e+03    9.22400e-01    9.13000e-01    9.00000e-01    9.10800e-01    9.16200e-01    9.15400e-01    9.17700e-01    9.20300e-01    9.21500e-01    9.22900e-01    9.25500e-01    9.28700e-01    9.32100e-01    9.35400e-01    9.38200e-01    9.40400e-01    9.42400e-01    9.44000e-01    9.45400e-01    9.46600e-01    9.51800e-01    9.52700e-01    9.52600e-01    9.52300e-01    9.51900e-01    9.51300e-01    9.50900e-01    9.50900e-01    
1.04860e+03    8.99000e-01    8.85800e-01    8.72600e-01    8.78400e-01    8.82500e-01    8.81400e-01    8.84900e-01    8.88300e-01    8.89400e-01    8.90800e-01    8.94100e-01    8.98500e-01    9.03400e-01    9.08200e-01    9.12400e-01    9.16000e-01    9.19200e-01    9.22000e-01    9.24400e-01    9.26600e-01    9.38700e-01    9.42400e-01    9.43100e-01    9.42700e-01    9.42200e-01    9.41700e-01    9.41500e-01    9.41700e-01    
1.04880e+03    8.77400e-01    8.63400e-01    8.49000e-01    8.52500e-01    8.57100e-01    8.55400e-01    8.59700e-01    8.63800e-01    8.64400e-01    8.65000e-01    8.67800e-01    8.71900e-01    8.76700e-01    8.81500e-01    8.85700e-01    8.89300e-01    8.92600e-01    8.95400e-01    8.97900e-01    9.00200e-01    9.13500e-01    9.17700e-01    9.17800e-01    9.16700e-01    9.15800e-01    9.15700e-01    9.16200e-01    9.16800e-01    
1.04900e+03    8.30300e-01    8.17400e-01    7.95700e-01    7.84800e-01    7.87000e-01    7.85000e-01    7.89400e-01    7.92400e-01    7.90700e-01    7.88900e-01    7.89800e-01    7.92700e-01    7.96700e-01    8.00900e-01    8.04900e-01    8.08500e-01    8.11800e-01    8.14800e-01    8.17500e-01    8.20100e-01    8.34400e-01    8.37700e-01    8.36000e-01    8.33300e-01    8.30700e-01    8.28700e-01    8.27600e-01    8.27400e-01    
1.04920e+03    7.44900e-01    7.32400e-01    6.94700e-01    6.58100e-01    6.58300e-01    6.58500e-01    6.62600e-01    6.63900e-01    6.60200e-01    6.56900e-01    6.57000e-01    6.59800e-01    6.64000e-01    6.68900e-01    6.73900e-01    6.78800e-01    6.83500e-01    6.88100e-01    6.92400e-01    6.96500e-01    7.18000e-01    7.20400e-01    7.15200e-01    7.09000e-01    7.03900e-01    7.01000e-01    7.00100e-01    7.00200e-01    
1.04940e+03    7.45300e-01    7.32100e-01    6.94400e-01    6.65400e-01    6.68800e-01    6.69500e-01    6.74600e-01    6.76700e-01    6.73000e-01    6.69100e-01    6.68600e-01    6.70700e-01    6.74100e-01    6.78200e-01    6.82200e-01    6.86000e-01    6.89600e-01    6.93000e-01    6.96200e-01    6.99200e-01    7.13100e-01    7.12400e-01    7.06200e-01    6.99800e-01    6.94900e-01    6.92300e-01    6.91600e-01    6.91900e-01    
1.04960e+03    7.80100e-01    7.69100e-01    7.39800e-01    7.20000e-01    7.18800e-01    7.17400e-01    7.24200e-01    7.30500e-01    7.32000e-01    7.31900e-01    7.32500e-01    7.33700e-01    7.35200e-01    7.36800e-01    7.38400e-01    7.39900e-01    7.41300e-01    7.42600e-01    7.43700e-01    7.44900e-01    7.49800e-01    7.47900e-01    7.42100e-01    7.36500e-01    7.32100e-01    7.29700e-01    7.28900e-01    7.28900e-01    
1.04980e+03    7.11400e-01    7.00600e-01    6.64800e-01    6.33000e-01    6.25000e-01    6.18900e-01    6.18600e-01    6.16200e-01    6.09500e-01    6.03300e-01    6.00900e-01    6.01300e-01    6.03300e-01    6.05900e-01    6.08600e-01    6.11100e-01    6.13500e-01    6.15700e-01    6.17800e-01    6.19700e-01    6.27000e-01    6.23200e-01    6.15400e-01    6.08000e-01    6.02300e-01    5.98900e-01    5.97500e-01    5.97200e-01    
1.05000e+03    7.53400e-01    7.41700e-01    7.13600e-01    6.97000e-01    6.96800e-01    6.93800e-01    6.96500e-01    6.96900e-01    6.92000e-01    6.86900e-01    6.85000e-01    6.85500e-01    6.87300e-01    6.89600e-01    6.91800e-01    6.93600e-01    6.95300e-01    6.96700e-01    6.98000e-01    6.99100e-01    6.99200e-01    6.91400e-01    6.82300e-01    6.74600e-01    6.68700e-01    6.64800e-01    6.62700e-01    6.61800e-01    
1.05020e+03    8.52600e-01    8.44500e-01    8.38500e-01    8.42700e-01    8.43800e-01    8.38300e-01    8.39400e-01    8.40100e-01    8.36900e-01    8.33500e-01    8.32400e-01    8.32800e-01    8.34000e-01    8.35400e-01    8.36500e-01    8.37300e-01    8.37700e-01    8.38000e-01    8.38000e-01    8.38000e-01    8.32300e-01    8.24400e-01    8.17300e-01    8.11600e-01    8.07300e-01    8.04100e-01    8.02100e-01    8.01000e-01    
1.05040e+03    8.81200e-01    8.72300e-01    8.69700e-01    8.80700e-01    8.83800e-01    8.79300e-01    8.80500e-01    8.81500e-01    8.79400e-01    8.77100e-01    8.76600e-01    8.77200e-01    8.78400e-01    8.79600e-01    8.80500e-01    8.81000e-01    8.81200e-01    8.81200e-01    8.81000e-01    8.80700e-01    8.75300e-01    8.69400e-01    8.64200e-01    8.60100e-01    8.56900e-01    8.54400e-01    8.52600e-01    8.51800e-01    
1.05060e+03    8.63400e-01    8.55000e-01    8.50500e-01    8.54800e-01    8.52200e-01    8.42900e-01    8.41000e-01    8.39800e-01    8.35800e-01    8.32100e-01    8.30600e-01    8.30700e-01    8.31700e-01    8.32800e-01    8.33700e-01    8.34200e-01    8.34500e-01    8.34600e-01    8.34500e-01    8.34400e-01    8.31800e-01    8.28800e-01    8.25400e-01    8.22400e-01    8.19900e-01    8.17900e-01    8.16400e-01    8.15700e-01    
1.05080e+03    7.72500e-01    7.62700e-01    7.40800e-01    7.19700e-01    7.11000e-01    7.01800e-01    6.99900e-01    6.97500e-01    6.91300e-01    6.85600e-01    6.83300e-01    6.83300e-01    6.84600e-01    6.86400e-01    6.88000e-01    6.89400e-01    6.90600e-01    6.91700e-01    6.92600e-01    6.93400e-01    6.96700e-01    6.94700e-01    6.89100e-01    6.83600e-01    6.79200e-01    6.76400e-01    6.75200e-01    6.74900e-01    
1.05100e+03    7.73300e-01    7.64000e-01    7.40500e-01    7.20200e-01    7.12900e-01    7.04000e-01    7.01700e-01    6.98800e-01    6.92500e-01    6.86900e-01    6.84900e-01    6.85400e-01    6.87400e-01    6.90100e-01    6.92900e-01    6.95500e-01    6.98000e-01    7.00400e-01    7.02700e-01    7.04800e-01    7.15600e-01    7.15600e-01    7.11000e-01    7.05900e-01    7.01800e-01    6.99300e-01    6.98300e-01    6.98100e-01    
1.05120e+03    8.47700e-01    8.41400e-01    8.31400e-01    8.26000e-01    8.17600e-01    8.07900e-01    8.06100e-01    8.04900e-01    8.01000e-01    7.97500e-01    7.96600e-01    7.97700e-01    7.99700e-01    8.02200e-01    8.04800e-01    8.07200e-01    8.09500e-01    8.11700e-01    8.13900e-01    8.15900e-01    8.28600e-01    8.33800e-01    8.35600e-01    8.36200e-01    8.36300e-01    8.36400e-01    8.36700e-01    8.37300e-01    
1.05140e+03    8.67600e-01    8.62500e-01    8.52700e-01    8.41900e-01    8.36800e-01    8.30800e-01    8.30400e-01    8.29900e-01    8.26900e-01    8.24400e-01    8.24300e-01    8.25900e-01    8.28500e-01    8.31400e-01    8.34300e-01    8.36900e-01    8.39500e-01    8.42000e-01    8.44300e-01    8.46500e-01    8.60800e-01    8.66300e-01    8.67000e-01    8.66400e-01    8.65600e-01    8.65000e-01    8.65000e-01    8.65300e-01    
1.05160e+03    9.36100e-01    9.31500e-01    9.33400e-01    9.36000e-01    9.33000e-01    9.27800e-01    9.26100e-01    9.25500e-01    9.24500e-01    9.23900e-01    9.24200e-01    9.25100e-01    9.26400e-01    9.27800e-01    9.29000e-01    9.30200e-01    9.31300e-01    9.32400e-01    9.33300e-01    9.34300e-01    9.41500e-01    9.46300e-01    9.49500e-01    9.51800e-01    9.53600e-01    9.54900e-01    9.55700e-01    9.56600e-01    
1.05180e+03    9.61500e-01    9.57200e-01    9.63300e-01    9.67200e-01    9.64200e-01    9.59900e-01    9.57700e-01    9.56200e-01    9.54900e-01    9.54100e-01    9.54100e-01    9.54500e-01    9.55200e-01    9.55900e-01    9.56500e-01    9.56900e-01    9.57200e-01    9.57400e-01    9.57600e-01    9.57800e-01    9.58900e-01    9.60100e-01    9.61200e-01    9.62000e-01    9.62800e-01    9.63500e-01    9.64100e-01    9.64400e-01    
1.05200e+03    9.61700e-01    9.55900e-01    9.59800e-01    9.61400e-01    9.59100e-01    9.56600e-01    9.55200e-01    9.54200e-01    9.53500e-01    9.53100e-01    9.53300e-01    9.53800e-01    9.54300e-01    9.54900e-01    9.55300e-01    9.55500e-01    9.55600e-01    9.55700e-01    9.55700e-01    9.55700e-01    9.56000e-01    9.57200e-01    9.58700e-01    9.60000e-01    9.61000e-01    9.61700e-01    9.62100e-01    9.62300e-01    
1.05220e+03    9.60700e-01    9.53900e-01    9.58100e-01    9.59600e-01    9.54300e-01    9.49400e-01    9.46600e-01    9.44500e-01    9.42400e-01    9.40700e-01    9.39800e-01    9.39500e-01    9.39400e-01    9.39300e-01    9.39200e-01    9.39000e-01    9.38700e-01    9.38400e-01    9.38100e-01    9.37700e-01    9.36100e-01    9.36400e-01    9.37400e-01    9.38500e-01    9.39200e-01    9.39400e-01    9.39500e-01    9.39500e-01    
1.05240e+03    9.57300e-01    9.51600e-01    9.57000e-01    9.56900e-01    9.50900e-01    9.44400e-01    9.40700e-01    9.37800e-01    9.34700e-01    9.31800e-01    9.29500e-01    9.27700e-01    9.26100e-01    9.24600e-01    9.23000e-01    9.21400e-01    9.19900e-01    9.18300e-01    9.16900e-01    9.15400e-01    9.07900e-01    9.06300e-01    9.06000e-01    9.06300e-01    9.06600e-01    9.07000e-01    9.07600e-01    9.07800e-01    
1.05260e+03    9.67400e-01    9.63500e-01    9.72300e-01    9.75600e-01    9.70700e-01    9.64900e-01    9.61300e-01    9.58200e-01    9.55000e-01    9.51700e-01    9.48600e-01    9.45700e-01    9.42800e-01    9.40000e-01    9.37100e-01    9.34300e-01    9.31500e-01    9.28800e-01    9.26200e-01    9.23700e-01    9.09900e-01    9.05800e-01    9.04600e-01    9.04300e-01    9.04400e-01    9.04300e-01    9.04100e-01    9.04100e-01    
1.05280e+03    9.56500e-01    9.51500e-01    9.56600e-01    9.62500e-01    9.59400e-01    9.54600e-01    9.51700e-01    9.49300e-01    9.46800e-01    9.44300e-01    9.42000e-01    9.39800e-01    9.37700e-01    9.35600e-01    9.33400e-01    9.31100e-01    9.28900e-01    9.26700e-01    9.24500e-01    9.22400e-01    9.08800e-01    9.03100e-01    9.00800e-01    8.99900e-01    8.99500e-01    8.99000e-01    8.98500e-01    8.98200e-01    
1.05300e+03    9.29800e-01    9.26300e-01    9.22800e-01    9.22100e-01    9.16400e-01    9.08900e-01    9.05000e-01    9.02300e-01    8.99100e-01    8.96000e-01    8.93300e-01    8.91000e-01    8.89000e-01    8.87000e-01    8.84900e-01    8.82900e-01    8.80700e-01    8.78700e-01    8.76600e-01    8.74700e-01    8.63300e-01    8.58900e-01    8.56100e-01    8.54100e-01    8.52800e-01    8.51800e-01    8.51200e-01    8.50800e-01    
1.05320e+03    9.25300e-01    9.28000e-01    9.23100e-01    9.10500e-01    8.98800e-01    8.86500e-01    8.80500e-01    8.76100e-01    8.70700e-01    8.65600e-01    8.61700e-01    8.58700e-01    8.56200e-01    8.54000e-01    8.51900e-01    8.49800e-01    8.47700e-01    8.45700e-01    8.43700e-01    8.41900e-01    8.31400e-01    8.27500e-01    8.24900e-01    8.23100e-01    8.21500e-01    8.20000e-01    8.18900e-01    8.18400e-01    
1.05340e+03    9.95700e-01    9.99700e-01    1.00060e+00    1.00150e+00    9.97000e-01    9.92400e-01    9.89600e-01    9.87800e-01    9.86200e-01    9.84500e-01    9.82500e-01    9.80400e-01    9.78200e-01    9.76000e-01    9.73900e-01    9.71800e-01    9.69800e-01    9.67800e-01    9.66000e-01    9.64300e-01    9.55000e-01    9.52700e-01    9.52100e-01    9.52000e-01    9.52000e-01    9.51800e-01    9.51600e-01    9.51400e-01    
1.05360e+03    1.00220e+00    1.00220e+00    9.98600e-01    1.00420e+00    1.00250e+00    1.00140e+00    1.00110e+00    1.00140e+00    1.00190e+00    1.00220e+00    1.00190e+00    1.00130e+00    1.00060e+00    1.00000e+00    9.99500e-01    9.99300e-01    9.99100e-01    9.99100e-01    9.99100e-01    9.99200e-01    1.00080e+00    1.00240e+00    1.00390e+00    1.00520e+00    1.00600e+00    1.00650e+00    1.00660e+00    1.00650e+00    
1.05380e+03    9.38900e-01    9.37000e-01    9.21300e-01    9.10000e-01    9.03700e-01    9.00100e-01    9.00000e-01    9.00900e-01    9.01100e-01    9.01100e-01    9.01200e-01    9.01400e-01    9.01600e-01    9.02000e-01    9.02500e-01    9.03200e-01    9.03900e-01    9.04700e-01    9.05500e-01    9.06400e-01    9.12100e-01    9.14300e-01    9.14700e-01    9.14600e-01    9.14200e-01    9.13800e-01    9.13500e-01    9.13600e-01    
1.05400e+03    9.28000e-01    9.27200e-01    9.15300e-01    9.01600e-01    8.93200e-01    8.87700e-01    8.84700e-01    8.83000e-01    8.81600e-01    8.80400e-01    8.79200e-01    8.78000e-01    8.76900e-01    8.75800e-01    8.74600e-01    8.73500e-01    8.72400e-01    8.71400e-01    8.70400e-01    8.69500e-01    8.66000e-01    8.66300e-01    8.66500e-01    8.66400e-01    8.66300e-01    8.65900e-01    8.65500e-01    8.65300e-01    
1.05420e+03    9.36100e-01    9.34700e-01    9.27000e-01    9.15900e-01    9.07700e-01    9.02200e-01    8.99000e-01    8.97100e-01    8.95900e-01    8.95000e-01    8.94000e-01    8.93000e-01    8.91900e-01    8.90700e-01    8.89300e-01    8.87900e-01    8.86300e-01    8.84800e-01    8.83200e-01    8.81700e-01    8.75000e-01    8.74800e-01    8.75300e-01    8.75900e-01    8.76400e-01    8.76600e-01    8.76500e-01    8.76700e-01    
1.05440e+03    9.37300e-01    9.35500e-01    9.27600e-01    9.16900e-01    9.09800e-01    9.06300e-01    9.04000e-01    9.02500e-01    9.01900e-01    9.01300e-01    9.00500e-01    8.99500e-01    8.98400e-01    8.97100e-01    8.95700e-01    8.94200e-01    8.92800e-01    8.91300e-01    8.89900e-01    8.88500e-01    8.82500e-01    8.82400e-01    8.83100e-01    8.83900e-01    8.84600e-01    8.84900e-01    8.85100e-01    8.85400e-01    
1.05460e+03    9.52400e-01    9.55300e-01    9.48500e-01    9.39400e-01    9.31900e-01    9.26900e-01    9.23900e-01    9.22400e-01    9.21600e-01    9.20700e-01    9.19100e-01    9.17100e-01    9.14800e-01    9.12400e-01    9.09900e-01    9.07500e-01    9.05100e-01    9.02800e-01    9.00500e-01    8.98400e-01    8.88600e-01    8.87500e-01    8.87700e-01    8.88200e-01    8.88600e-01    8.88700e-01    8.88700e-01    8.88900e-01    
1.05480e+03    9.66100e-01    9.73100e-01    9.65700e-01    9.57200e-01    9.49700e-01    9.44100e-01    9.40600e-01    9.38600e-01    9.37300e-01    9.35800e-01    9.33700e-01    9.31300e-01    9.28700e-01    9.26100e-01    9.23600e-01    9.21300e-01    9.19100e-01    9.17100e-01    9.15200e-01    9.13400e-01    9.05700e-01    9.05200e-01    9.05300e-01    9.05600e-01    9.05800e-01    9.05900e-01    9.06100e-01    9.06300e-01    
1.05500e+03    9.57000e-01    9.63800e-01    9.58300e-01    9.46000e-01    9.35700e-01    9.27000e-01    9.20300e-01    9.14700e-01    9.09800e-01    9.05400e-01    9.01700e-01    8.98400e-01    8.95400e-01    8.92600e-01    8.89900e-01    8.87200e-01    8.84700e-01    8.82200e-01    8.80000e-01    8.77800e-01    8.68400e-01    8.67900e-01    8.67900e-01    8.67900e-01    8.67900e-01    8.67700e-01    8.67300e-01    8.67200e-01    
1.05520e+03    9.69000e-01    9.71600e-01    9.68900e-01    9.59600e-01    9.53700e-01    9.47900e-01    9.43500e-01    9.40100e-01    9.36900e-01    9.33600e-01    9.29800e-01    9.26000e-01    9.22100e-01    9.18300e-01    9.14700e-01    9.11300e-01    9.08000e-01    9.05000e-01    9.02200e-01    8.99600e-01    8.86700e-01    8.84500e-01    8.84200e-01    8.84500e-01    8.84800e-01    8.84700e-01    8.84400e-01    8.84400e-01    
1.05540e+03    9.93600e-01    9.93800e-01    9.98600e-01    9.95500e-01    9.90300e-01    9.84000e-01    9.79000e-01    9.75000e-01    9.71400e-01    9.67600e-01    9.63300e-01    9.58800e-01    9.54300e-01    9.50000e-01    9.46000e-01    9.42300e-01    9.38800e-01    9.35600e-01    9.32600e-01    9.29800e-01    9.15200e-01    9.11300e-01    9.09900e-01    9.09500e-01    9.09400e-01    9.09100e-01    9.08900e-01    9.08900e-01    
1.05560e+03    9.90700e-01    9.90700e-01    9.92600e-01    9.87700e-01    9.82300e-01    9.76600e-01    9.71800e-01    9.67700e-01    9.64300e-01    9.60800e-01    9.56900e-01    9.52900e-01    9.48700e-01    9.44800e-01    9.40900e-01    9.37300e-01    9.33900e-01    9.30700e-01    9.27700e-01    9.24800e-01    9.11100e-01    9.08600e-01    9.08200e-01    9.08300e-01    9.08500e-01    9.08300e-01    9.08000e-01    9.08000e-01    
1.05580e+03    9.60900e-01    9.60800e-01    9.57800e-01    9.47900e-01    9.40900e-01    9.33500e-01    9.26000e-01    9.19300e-01    9.13800e-01    9.09000e-01    9.04500e-01    9.00300e-01    8.96200e-01    8.92200e-01    8.88100e-01    8.84000e-01    8.80000e-01    8.76100e-01    8.72300e-01    8.68800e-01    8.50200e-01    8.45900e-01    8.44100e-01    8.43300e-01    8.42700e-01    8.41900e-01    8.41200e-01    8.40700e-01    
1.05600e+03    9.55600e-01    9.55900e-01    9.50100e-01    9.42100e-01    9.34300e-01    9.25100e-01    9.16000e-01    9.08300e-01    9.02200e-01    8.97100e-01    8.92600e-01    8.88400e-01    8.84500e-01    8.80700e-01    8.76800e-01    8.73000e-01    8.69100e-01    8.65400e-01    8.61800e-01    8.58400e-01    8.40600e-01    8.36600e-01    8.35400e-01    8.35000e-01    8.34700e-01    8.34100e-01    8.33500e-01    8.33000e-01    
1.05620e+03    9.42100e-01    9.42000e-01    9.28300e-01    9.20100e-01    9.12100e-01    9.03700e-01    8.98500e-01    8.94100e-01    8.89200e-01    8.84400e-01    8.80400e-01    8.77000e-01    8.74000e-01    8.71200e-01    8.68600e-01    8.66100e-01    8.63700e-01    8.61500e-01    8.59300e-01    8.57300e-01    8.45100e-01    8.40500e-01    8.38700e-01    8.37900e-01    8.37500e-01    8.36900e-01    8.36500e-01    8.36100e-01    
1.05640e+03    9.55800e-01    9.60800e-01    9.46900e-01    9.30900e-01    9.20800e-01    9.12300e-01    9.06500e-01    9.01400e-01    8.96200e-01    8.91500e-01    8.87800e-01    8.85100e-01    8.82900e-01    8.81200e-01    8.79800e-01    8.78700e-01    8.77800e-01    8.77100e-01    8.76400e-01    8.75800e-01    8.69100e-01    8.63000e-01    8.59600e-01    8.57400e-01    8.56000e-01    8.54900e-01    8.54200e-01    8.53700e-01    
1.05660e+03    9.94600e-01    1.00150e+00    9.97900e-01    9.92800e-01    9.87900e-01    9.83500e-01    9.79500e-01    9.75700e-01    9.72200e-01    9.68500e-01    9.64700e-01    9.60700e-01    9.56800e-01    9.52900e-01    9.49000e-01    9.45300e-01    9.41700e-01    9.38200e-01    9.34900e-01    9.31600e-01    9.09000e-01    8.97300e-01    8.91000e-01    8.87300e-01    8.84800e-01    8.83000e-01    8.81900e-01    8.81100e-01    
1.05680e+03    9.96300e-01    1.00420e+00    1.00440e+00    1.00090e+00    9.96200e-01    9.91500e-01    9.87400e-01    9.83800e-01    9.80500e-01    9.77100e-01    9.73500e-01    9.69700e-01    9.65700e-01    9.61800e-01    9.57700e-01    9.53700e-01    9.49600e-01    9.45700e-01    9.41800e-01    9.38000e-01    9.08600e-01    8.91200e-01    8.81400e-01    8.75400e-01    8.71200e-01    8.67900e-01    8.65400e-01    8.63700e-01    
1.05700e+03    9.67400e-01    9.71600e-01    9.66800e-01    9.66300e-01    9.63400e-01    9.59700e-01    9.55900e-01    9.52700e-01    9.50200e-01    9.47700e-01    9.44800e-01    9.41700e-01    9.38400e-01    9.34900e-01    9.31300e-01    9.27600e-01    9.23900e-01    9.20300e-01    9.16600e-01    9.13100e-01    8.86400e-01    8.71000e-01    8.62000e-01    8.56400e-01    8.52500e-01    8.49200e-01    8.46700e-01    8.45100e-01    
1.05720e+03    9.59900e-01    9.64300e-01    9.61000e-01    9.54300e-01    9.48300e-01    9.42600e-01    9.37900e-01    9.33400e-01    9.28900e-01    9.24800e-01    9.21500e-01    9.18600e-01    9.15900e-01    9.13400e-01    9.10600e-01    9.07800e-01    9.04900e-01    9.02000e-01    8.99100e-01    8.96300e-01    8.74300e-01    8.61200e-01    8.53400e-01    8.48400e-01    8.45000e-01    8.42400e-01    8.40500e-01    8.39600e-01    
1.05740e+03    9.89000e-01    9.93700e-01    9.97900e-01    9.95200e-01    9.89300e-01    9.84000e-01    9.80800e-01    9.78300e-01    9.75400e-01    9.72500e-01    9.69500e-01    9.66400e-01    9.63300e-01    9.60200e-01    9.56800e-01    9.53300e-01    9.49700e-01    9.46100e-01    9.42600e-01    9.39100e-01    9.14000e-01    9.00400e-01    8.93100e-01    8.88700e-01    8.85700e-01    8.83500e-01    8.82000e-01    8.81100e-01    
1.05760e+03    1.01150e+00    1.01680e+00    1.02150e+00    1.02200e+00    1.01870e+00    1.01540e+00    1.01360e+00    1.01250e+00    1.01120e+00    1.00960e+00    1.00750e+00    1.00500e+00    1.00240e+00    9.99600e-01    9.96600e-01    9.93600e-01    9.90400e-01    9.87300e-01    9.84300e-01    9.81300e-01    9.59600e-01    9.48300e-01    9.42800e-01    9.39700e-01    9.37700e-01    9.35800e-01    9.34300e-01    9.33300e-01    
1.05780e+03    1.00990e+00    1.01660e+00    1.01850e+00    1.01630e+00    1.01370e+00    1.01000e+00    1.00720e+00    1.00470e+00    1.00210e+00    9.99600e-01    9.97300e-01    9.95100e-01    9.92900e-01    9.90600e-01    9.88100e-01    9.85400e-01    9.82600e-01    9.79700e-01    9.76900e-01    9.74100e-01    9.56300e-01    9.49100e-01    9.46000e-01    9.44600e-01    9.43700e-01    9.42900e-01    9.42100e-01    9.41500e-01    
1.05800e+03    1.00920e+00    1.01680e+00    1.01600e+00    1.01320e+00    1.00870e+00    1.00390e+00    9.99800e-01    9.96400e-01    9.93500e-01    9.91200e-01    9.89700e-01    9.88500e-01    9.87400e-01    9.86400e-01    9.85200e-01    9.83800e-01    9.82300e-01    9.80800e-01    9.79300e-01    9.77800e-01    9.67400e-01    9.63000e-01    9.61500e-01    9.61200e-01    9.61100e-01    9.61200e-01    9.61300e-01    9.61400e-01    
1.05820e+03    1.01660e+00    1.02530e+00    1.02260e+00    1.01980e+00    1.01650e+00    1.01300e+00    1.01010e+00    1.00890e+00    1.00890e+00    1.00920e+00    1.00890e+00    1.00830e+00    1.00740e+00    1.00640e+00    1.00530e+00    1.00430e+00    1.00320e+00    1.00210e+00    1.00110e+00    1.00010e+00    9.93300e-01    9.90700e-01    9.91000e-01    9.91900e-01    9.92700e-01    9.93000e-01    9.93100e-01    9.92900e-01    
1.05840e+03    1.01230e+00    1.02380e+00    1.02110e+00    1.01490e+00    1.00870e+00    1.00380e+00    9.99600e-01    9.96600e-01    9.94900e-01    9.93700e-01    9.92500e-01    9.91400e-01    9.90300e-01    9.89100e-01    9.87900e-01    9.86700e-01    9.85500e-01    9.84300e-01    9.83100e-01    9.81900e-01    9.75300e-01    9.73500e-01    9.73500e-01    9.74000e-01    9.74400e-01    9.74300e-01    9.74100e-01    9.73900e-01    
1.05860e+03    1.01020e+00    1.02070e+00    1.01690e+00    1.01060e+00    1.00510e+00    1.00070e+00    9.96700e-01    9.94200e-01    9.93200e-01    9.92700e-01    9.92200e-01    9.91700e-01    9.91200e-01    9.90800e-01    9.90300e-01    9.89800e-01    9.89300e-01    9.88900e-01    9.88400e-01    9.88000e-01    9.85700e-01    9.85300e-01    9.85800e-01    9.86400e-01    9.86800e-01    9.86700e-01    9.86500e-01    9.86300e-01    
1.05880e+03    1.01630e+00    1.02550e+00    1.02460e+00    1.01990e+00    1.01480e+00    1.01000e+00    1.00570e+00    1.00300e+00    1.00180e+00    1.00130e+00    1.00090e+00    1.00050e+00    1.00010e+00    9.99800e-01    9.99400e-01    9.99100e-01    9.98900e-01    9.98600e-01    9.98400e-01    9.98100e-01    9.97100e-01    9.97400e-01    9.98600e-01    9.99700e-01    1.00060e+00    1.00110e+00    1.00130e+00    1.00130e+00    
1.05900e+03    1.01220e+00    1.02050e+00    1.02250e+00    1.01710e+00    1.01050e+00    1.00430e+00    9.99300e-01    9.95600e-01    9.93200e-01    9.91400e-01    9.89900e-01    9.88800e-01    9.87700e-01    9.86700e-01    9.85600e-01    9.84500e-01    9.83300e-01    9.82200e-01    9.81200e-01    9.80200e-01    9.75700e-01    9.76000e-01    9.77300e-01    9.78600e-01    9.79400e-01    9.79600e-01    9.79600e-01    9.79400e-01    
1.05920e+03    1.01900e+00    1.02440e+00    1.02630e+00    1.02440e+00    1.02080e+00    1.01660e+00    1.01420e+00    1.01310e+00    1.01230e+00    1.01130e+00    1.00990e+00    1.00840e+00    1.00680e+00    1.00520e+00    1.00390e+00    1.00290e+00    1.00190e+00    1.00120e+00    1.00050e+00    9.99900e-01    9.97900e-01    9.98400e-01    9.99600e-01    1.00060e+00    1.00130e+00    1.00150e+00    1.00150e+00    1.00130e+00    
1.05940e+03    1.01740e+00    1.02180e+00    1.02570e+00    1.02350e+00    1.01890e+00    1.01390e+00    1.01110e+00    1.00980e+00    1.00880e+00    1.00750e+00    1.00570e+00    1.00340e+00    1.00110e+00    9.98700e-01    9.96500e-01    9.94600e-01    9.92700e-01    9.91000e-01    9.89500e-01    9.88000e-01    9.81200e-01    9.80200e-01    9.80500e-01    9.81100e-01    9.81700e-01    9.82100e-01    9.82400e-01    9.82500e-01    
1.05960e+03    1.03180e+00    1.03740e+00    1.04240e+00    1.03920e+00    1.03460e+00    1.02990e+00    1.02660e+00    1.02450e+00    1.02290e+00    1.02130e+00    1.01930e+00    1.01700e+00    1.01480e+00    1.01270e+00    1.01100e+00    1.00960e+00    1.00840e+00    1.00740e+00    1.00650e+00    1.00580e+00    1.00300e+00    1.00280e+00    1.00250e+00    1.00230e+00    1.00210e+00    1.00220e+00    1.00240e+00    1.00240e+00    
1.05980e+03    1.03480e+00    1.04190e+00    1.04200e+00    1.03740e+00    1.03360e+00    1.02960e+00    1.02650e+00    1.02440e+00    1.02280e+00    1.02140e+00    1.02000e+00    1.01870e+00    1.01740e+00    1.01630e+00    1.01530e+00    1.01440e+00    1.01360e+00    1.01290e+00    1.01240e+00    1.01190e+00    1.01190e+00    1.01390e+00    1.01400e+00    1.01350e+00    1.01290e+00    1.01250e+00    1.01240e+00    1.01220e+00    
1.06000e+03    1.02160e+00    1.03080e+00    1.02620e+00    1.01830e+00    1.01380e+00    1.00970e+00    1.00650e+00    1.00400e+00    1.00170e+00    9.99800e-01    9.98100e-01    9.96600e-01    9.95100e-01    9.93600e-01    9.91900e-01    9.90100e-01    9.88100e-01    9.86200e-01    9.84200e-01    9.82300e-01    9.67600e-01    9.59900e-01    9.56500e-01    9.54800e-01    9.53900e-01    9.53200e-01    9.52700e-01    9.52300e-01    
