                                             LOG (LUMINOSITY)
               |-------------------------------------------------------------------------------------------------------------------------------------------------------------------------------------------------------------------------------------------------------------------------------------------------------------------------------------------------------------------------------------------------------------------------------|
WAVELENGTH [A]    1 Myr          2 Myr          3 Myr          4 Myr          5 Myr          6 Myr          7 Myr          8 Myr          9 Myr          10 Myr         11 Myr         12 Myr         13 Myr        14 Myr         15 Myr         16 Myr          17 Myr        18 Myr         19 Myr         20 Myr          30Myr          40Myr          50Myr           60Myr         70Myr           80Myr         90Myr           100Myr
1.01600e+03    3.93234e+01    3.93565e+01    3.93783e+01    3.94158e+01    3.94568e+01    3.94185e+01    3.93020e+01    3.92100e+01    3.91299e+01    3.90543e+01    3.89900e+01    3.89239e+01    3.88700e+01    3.88181e+01    3.87660e+01    3.87167e+01    3.86820e+01    3.86247e+01    3.85965e+01    3.85626e+01    3.82092e+01    3.79863e+01    3.77794e+01    3.76018e+01    3.73808e+01    3.72356e+01    3.69866e+01    3.68761e+01    
1.01620e+03    3.93237e+01    3.93565e+01    3.93781e+01    3.94156e+01    3.94566e+01    3.94179e+01    3.93017e+01    3.92096e+01    3.91295e+01    3.90538e+01    3.89894e+01    3.89233e+01    3.88692e+01    3.88172e+01    3.87650e+01    3.87155e+01    3.86807e+01    3.86232e+01    3.85948e+01    3.85608e+01    3.82045e+01    3.79683e+01    3.77487e+01    3.75634e+01    3.73467e+01    3.72182e+01    3.69844e+01    3.68759e+01    
1.01640e+03    3.93231e+01    3.93558e+01    3.93777e+01    3.94154e+01    3.94564e+01    3.94174e+01    3.93015e+01    3.92093e+01    3.91291e+01    3.90534e+01    3.89888e+01    3.89226e+01    3.88684e+01    3.88163e+01    3.87639e+01    3.87143e+01    3.86793e+01    3.86215e+01    3.85930e+01    3.85586e+01    3.81962e+01    3.79560e+01    3.77339e+01    3.75474e+01    3.73336e+01    3.72117e+01    3.69836e+01    3.68758e+01    
1.01660e+03    3.93263e+01    3.93588e+01    3.93792e+01    3.94154e+01    3.94565e+01    3.94178e+01    3.93015e+01    3.92094e+01    3.91292e+01    3.90535e+01    3.89890e+01    3.89227e+01    3.88686e+01    3.88165e+01    3.87641e+01    3.87145e+01    3.86796e+01    3.86217e+01    3.85931e+01    3.85585e+01    3.81916e+01    3.79705e+01    3.77687e+01    3.75947e+01    3.73767e+01    3.72336e+01    3.69863e+01    3.68760e+01    
1.01680e+03    3.93270e+01    3.93593e+01    3.93792e+01    3.94150e+01    3.94560e+01    3.94167e+01    3.93009e+01    3.92085e+01    3.91282e+01    3.90523e+01    3.89875e+01    3.89210e+01    3.88665e+01    3.88142e+01    3.87615e+01    3.87114e+01    3.86761e+01    3.86176e+01    3.85884e+01    3.85529e+01    3.81693e+01    3.79409e+01    3.77364e+01    3.75616e+01    3.73499e+01    3.72200e+01    3.69846e+01    3.68759e+01    
1.01700e+03    3.93247e+01    3.93567e+01    3.93775e+01    3.94144e+01    3.94555e+01    3.94151e+01    3.93000e+01    3.92075e+01    3.91270e+01    3.90508e+01    3.89857e+01    3.89189e+01    3.88641e+01    3.88114e+01    3.87582e+01    3.87077e+01    3.86719e+01    3.86126e+01    3.85828e+01    3.85463e+01    3.81435e+01    3.78966e+01    3.76792e+01    3.74977e+01    3.72974e+01    3.71944e+01    3.69815e+01    3.68757e+01    
1.01720e+03    3.93227e+01    3.93544e+01    3.93760e+01    3.94141e+01    3.94552e+01    3.94143e+01    3.92996e+01    3.92070e+01    3.91263e+01    3.90500e+01    3.89848e+01    3.89178e+01    3.88628e+01    3.88100e+01    3.87566e+01    3.87058e+01    3.86698e+01    3.86101e+01    3.85799e+01    3.85429e+01    3.81302e+01    3.78711e+01    3.76441e+01    3.74571e+01    3.72644e+01    3.71792e+01    3.69797e+01    3.68755e+01    
1.01740e+03    3.93205e+01    3.93522e+01    3.93748e+01    3.94141e+01    3.94552e+01    3.94143e+01    3.92996e+01    3.92070e+01    3.91263e+01    3.90500e+01    3.89848e+01    3.89178e+01    3.88628e+01    3.88100e+01    3.87565e+01    3.87058e+01    3.86697e+01    3.86100e+01    3.85799e+01    3.85428e+01    3.81288e+01    3.78730e+01    3.76496e+01    3.74650e+01    3.72714e+01    3.71824e+01    3.69801e+01    3.68755e+01    
1.01760e+03    3.93166e+01    3.93484e+01    3.93721e+01    3.94126e+01    3.94538e+01    3.94102e+01    3.92938e+01    3.91994e+01    3.91155e+01    3.90338e+01    3.89637e+01    3.88932e+01    3.88372e+01    3.87869e+01    3.87388e+01    3.86930e+01    3.86613e+01    3.86062e+01    3.85795e+01    3.85457e+01    3.81531e+01    3.79087e+01    3.76917e+01    3.75100e+01    3.73067e+01    3.71989e+01    3.69820e+01    3.68757e+01    
1.01780e+03    3.93178e+01    3.93498e+01    3.93743e+01    3.94154e+01    3.94564e+01    3.94177e+01    3.93025e+01    3.92106e+01    3.91311e+01    3.90566e+01    3.89930e+01    3.89274e+01    3.88733e+01    3.88203e+01    3.87662e+01    3.87150e+01    3.86786e+01    3.86189e+01    3.85890e+01    3.85528e+01    3.81681e+01    3.79275e+01    3.77109e+01    3.75289e+01    3.73212e+01    3.72058e+01    3.69828e+01    3.68758e+01    
1.01800e+03    3.92986e+01    3.93308e+01    3.93554e+01    3.93965e+01    3.94169e+01    3.93595e+01    3.92347e+01    3.91381e+01    3.90615e+01    3.90009e+01    3.89539e+01    3.89022e+01    3.88588e+01    3.88120e+01    3.87615e+01    3.87134e+01    3.86798e+01    3.86230e+01    3.85952e+01    3.85611e+01    3.81839e+01    3.79330e+01    3.77038e+01    3.75130e+01    3.73040e+01    3.71950e+01    3.69701e+01    3.68517e+01    
1.01820e+03    3.92856e+01    3.93164e+01    3.93323e+01    3.93679e+01    3.94066e+01    3.93605e+01    3.92475e+01    3.91495e+01    3.90703e+01    3.90071e+01    3.89568e+01    3.89011e+01    3.88512e+01    3.87943e+01    3.87304e+01    3.86702e+01    3.86262e+01    3.85596e+01    3.85250e+01    3.84873e+01    3.81792e+01    3.79380e+01    3.76989e+01    3.74993e+01    3.72763e+01    3.71516e+01    3.69258e+01    3.68269e+01    
1.01840e+03    3.93175e+01    3.93502e+01    3.93723e+01    3.94096e+01    3.94517e+01    3.94144e+01    3.92920e+01    3.92008e+01    3.91245e+01    3.90560e+01    3.89983e+01    3.89374e+01    3.88859e+01    3.88326e+01    3.87763e+01    3.87231e+01    3.86849e+01    3.86239e+01    3.85931e+01    3.85569e+01    3.81967e+01    3.79459e+01    3.77112e+01    3.75160e+01    3.73031e+01    3.71919e+01    3.69763e+01    3.68755e+01    
1.01860e+03    3.93418e+01    3.93751e+01    3.94008e+01    3.94403e+01    3.94816e+01    3.94452e+01    3.93251e+01    3.92335e+01    3.91533e+01    3.90760e+01    3.90099e+01    3.89427e+01    3.88892e+01    3.88400e+01    3.87921e+01    3.87464e+01    3.87147e+01    3.86601e+01    3.86337e+01    3.86008e+01    3.82226e+01    3.79671e+01    3.77333e+01    3.75383e+01    3.73214e+01    3.72030e+01    3.69809e+01    3.68786e+01    
1.01880e+03    3.93525e+01    3.93848e+01    3.94066e+01    3.94438e+01    3.94858e+01    3.94481e+01    3.93309e+01    3.92409e+01    3.91616e+01    3.90846e+01    3.90183e+01    3.89509e+01    3.88972e+01    3.88477e+01    3.87994e+01    3.87534e+01    3.87214e+01    3.86664e+01    3.86398e+01    3.86064e+01    3.82220e+01    3.79666e+01    3.77346e+01    3.75407e+01    3.73232e+01    3.72022e+01    3.69695e+01    3.68532e+01    
1.01900e+03    3.93447e+01    3.93766e+01    3.93993e+01    3.94376e+01    3.94742e+01    3.94329e+01    3.93173e+01    3.92214e+01    3.91403e+01    3.90692e+01    3.90110e+01    3.89501e+01    3.89002e+01    3.88504e+01    3.87991e+01    3.87503e+01    3.87158e+01    3.86582e+01    3.86297e+01    3.85945e+01    3.82013e+01    3.79358e+01    3.76953e+01    3.74971e+01    3.72946e+01    3.72034e+01    3.69849e+01    3.68545e+01    
1.01920e+03    3.93041e+01    3.93336e+01    3.93520e+01    3.93840e+01    3.94215e+01    3.93797e+01    3.92578e+01    3.91427e+01    3.90507e+01    3.89847e+01    3.89385e+01    3.88873e+01    3.88440e+01    3.87968e+01    3.87455e+01    3.86966e+01    3.86624e+01    3.86047e+01    3.85762e+01    3.85413e+01    3.81557e+01    3.78850e+01    3.76358e+01    3.74306e+01    3.72237e+01    3.71317e+01    3.69144e+01    3.67895e+01    
1.01940e+03    3.92995e+01    3.93287e+01    3.93451e+01    3.93774e+01    3.94072e+01    3.93523e+01    3.92362e+01    3.91270e+01    3.90374e+01    3.89674e+01    3.89144e+01    3.88571e+01    3.88080e+01    3.87551e+01    3.86977e+01    3.86434e+01    3.86046e+01    3.85421e+01    3.85101e+01    3.84725e+01    3.80934e+01    3.78067e+01    3.75345e+01    3.73117e+01    3.71059e+01    3.70333e+01    3.68416e+01    3.67405e+01    
1.01960e+03    3.93165e+01    3.93477e+01    3.93681e+01    3.94029e+01    3.94245e+01    3.93638e+01    3.92419e+01    3.91439e+01    3.90631e+01    3.89945e+01    3.89378e+01    3.88765e+01    3.88218e+01    3.87610e+01    3.86932e+01    3.86290e+01    3.85814e+01    3.85099e+01    3.84713e+01    3.84287e+01    3.80701e+01    3.78013e+01    3.75428e+01    3.73308e+01    3.71231e+01    3.70367e+01    3.68324e+01    3.67260e+01    
1.01980e+03    3.93159e+01    3.93475e+01    3.93679e+01    3.94019e+01    3.94221e+01    3.93585e+01    3.92321e+01    3.91303e+01    3.90478e+01    3.89812e+01    3.89278e+01    3.88690e+01    3.88158e+01    3.87552e+01    3.86867e+01    3.86219e+01    3.85736e+01    3.85016e+01    3.84626e+01    3.84200e+01    3.80701e+01    3.77979e+01    3.75328e+01    3.73166e+01    3.71177e+01    3.70489e+01    3.68527e+01    3.67397e+01    
1.02000e+03    3.93212e+01    3.93540e+01    3.93785e+01    3.94149e+01    3.94363e+01    3.93838e+01    3.92678e+01    3.91765e+01    3.90961e+01    3.90185e+01    3.89504e+01    3.88799e+01    3.88198e+01    3.87593e+01    3.86960e+01    3.86362e+01    3.85926e+01    3.85253e+01    3.84898e+01    3.84497e+01    3.80841e+01    3.78070e+01    3.75416e+01    3.73243e+01    3.71208e+01    3.70458e+01    3.68407e+01    3.67198e+01    
1.02020e+03    3.92978e+01    3.93300e+01    3.93559e+01    3.93987e+01    3.94314e+01    3.93818e+01    3.92722e+01    3.91814e+01    3.91001e+01    3.90202e+01    3.89500e+01    3.88781e+01    3.88181e+01    3.87600e+01    3.87012e+01    3.86455e+01    3.86055e+01    3.85417e+01    3.85089e+01    3.84706e+01    3.80926e+01    3.78055e+01    3.75321e+01    3.73091e+01    3.71099e+01    3.70470e+01    3.68531e+01    3.67375e+01    
1.02040e+03    3.92192e+01    3.92467e+01    3.92628e+01    3.92833e+01    3.93070e+01    3.92950e+01    3.92004e+01    3.91138e+01    3.90338e+01    3.89519e+01    3.88791e+01    3.88057e+01    3.87465e+01    3.86928e+01    3.86412e+01    3.85922e+01    3.85585e+01    3.85009e+01    3.84725e+01    3.84383e+01    3.80723e+01    3.77732e+01    3.74813e+01    3.72437e+01    3.70541e+01    3.70181e+01    3.68423e+01    3.67307e+01    
1.02060e+03    3.91521e+01    3.91742e+01    3.91757e+01    3.91995e+01    3.92650e+01    3.92395e+01    3.91367e+01    3.90352e+01    3.89475e+01    3.88703e+01    3.88084e+01    3.87450e+01    3.86946e+01    3.86471e+01    3.86004e+01    3.85558e+01    3.85261e+01    3.84721e+01    3.84463e+01    3.84143e+01    3.80485e+01    3.77310e+01    3.74122e+01    3.71476e+01    3.69485e+01    3.69247e+01    3.67581e+01    3.66538e+01    
1.02080e+03    3.92038e+01    3.92336e+01    3.92577e+01    3.92931e+01    3.93080e+01    3.92577e+01    3.91486e+01    3.90542e+01    3.89708e+01    3.88914e+01    3.88232e+01    3.87535e+01    3.86960e+01    3.86409e+01    3.85857e+01    3.85334e+01    3.84972e+01    3.84368e+01    3.84065e+01    3.83713e+01    3.80216e+01    3.77120e+01    3.73970e+01    3.71345e+01    3.69192e+01    3.68722e+01    3.67055e+01    3.66240e+01    
1.02100e+03    3.92009e+01    3.92295e+01    3.92465e+01    3.92751e+01    3.92944e+01    3.92414e+01    3.91275e+01    3.90332e+01    3.89488e+01    3.88654e+01    3.87922e+01    3.87177e+01    3.86556e+01    3.85961e+01    3.85367e+01    3.84806e+01    3.84414e+01    3.83779e+01    3.83454e+01    3.83090e+01    3.79810e+01    3.76867e+01    3.73872e+01    3.71428e+01    3.69528e+01    3.69218e+01    3.67540e+01    3.66547e+01    
1.02120e+03    3.91963e+01    3.92236e+01    3.92353e+01    3.92608e+01    3.92772e+01    3.92204e+01    3.91195e+01    3.90263e+01    3.89404e+01    3.88530e+01    3.87755e+01    3.86974e+01    3.86331e+01    3.85740e+01    3.85168e+01    3.84629e+01    3.84257e+01    3.83638e+01    3.83324e+01    3.82967e+01    3.79589e+01    3.76521e+01    3.73374e+01    3.70763e+01    3.68682e+01    3.68293e+01    3.66677e+01    3.65891e+01    
1.02140e+03    3.92048e+01    3.92339e+01    3.92548e+01    3.92882e+01    3.93051e+01    3.92493e+01    3.91388e+01    3.90331e+01    3.89432e+01    3.88669e+01    3.88055e+01    3.87406e+01    3.86844e+01    3.86251e+01    3.85613e+01    3.85011e+01    3.84580e+01    3.83903e+01    3.83547e+01    3.83152e+01    3.79727e+01    3.76755e+01    3.73752e+01    3.71286e+01    3.69275e+01    3.68836e+01    3.67087e+01    3.66121e+01    
1.02160e+03    3.92367e+01    3.92674e+01    3.92902e+01    3.93301e+01    3.93642e+01    3.93166e+01    3.92094e+01    3.91059e+01    3.90206e+01    3.89519e+01    3.88974e+01    3.88375e+01    3.87833e+01    3.87218e+01    3.86523e+01    3.85863e+01    3.85371e+01    3.84633e+01    3.84229e+01    3.83781e+01    3.79971e+01    3.77005e+01    3.74125e+01    3.71761e+01    3.69675e+01    3.69031e+01    3.67150e+01    3.66167e+01    
1.02180e+03    3.92667e+01    3.92996e+01    3.93273e+01    3.93700e+01    3.94082e+01    3.93667e+01    3.92610e+01    3.91603e+01    3.90745e+01    3.90005e+01    3.89393e+01    3.88741e+01    3.88163e+01    3.87539e+01    3.86851e+01    3.86198e+01    3.85710e+01    3.84976e+01    3.84574e+01    3.84123e+01    3.80096e+01    3.77047e+01    3.74132e+01    3.71731e+01    3.69609e+01    3.68948e+01    3.67049e+01    3.66058e+01    
1.02200e+03    3.92675e+01    3.93007e+01    3.93265e+01    3.93686e+01    3.94094e+01    3.93660e+01    3.92635e+01    3.91585e+01    3.90691e+01    3.89939e+01    3.89334e+01    3.88687e+01    3.88116e+01    3.87499e+01    3.86820e+01    3.86174e+01    3.85695e+01    3.84966e+01    3.84567e+01    3.84115e+01    3.79931e+01    3.76680e+01    3.73537e+01    3.70931e+01    3.68879e+01    3.68517e+01    3.66803e+01    3.65832e+01    
1.02220e+03    3.92561e+01    3.92888e+01    3.93109e+01    3.93502e+01    3.93980e+01    3.93641e+01    3.92705e+01    3.91735e+01    3.90880e+01    3.90097e+01    3.89431e+01    3.88733e+01    3.88126e+01    3.87497e+01    3.86822e+01    3.86179e+01    3.85701e+01    3.84971e+01    3.84571e+01    3.84112e+01    3.79697e+01    3.76228e+01    3.72853e+01    3.70042e+01    3.68257e+01    3.68395e+01    3.66885e+01    3.65819e+01    
1.02240e+03    3.92280e+01    3.92594e+01    3.92757e+01    3.93096e+01    3.93656e+01    3.93363e+01    3.92405e+01    3.91432e+01    3.90580e+01    3.89803e+01    3.89142e+01    3.88447e+01    3.87837e+01    3.87194e+01    3.86498e+01    3.85836e+01    3.85342e+01    3.84596e+01    3.84184e+01    3.83721e+01    3.79539e+01    3.76193e+01    3.72897e+01    3.70157e+01    3.68270e+01    3.68233e+01    3.66664e+01    3.65657e+01    
1.02260e+03    3.91989e+01    3.92296e+01    3.92448e+01    3.92770e+01    3.93347e+01    3.93074e+01    3.92105e+01    3.91099e+01    3.90233e+01    3.89478e+01    3.88850e+01    3.88179e+01    3.87578e+01    3.86923e+01    3.86195e+01    3.85502e+01    3.84982e+01    3.84208e+01    3.83775e+01    3.83300e+01    3.79358e+01    3.76119e+01    3.72869e+01    3.70127e+01    3.67780e+01    3.67164e+01    3.65674e+01    3.65306e+01    
1.02280e+03    3.91795e+01    3.92106e+01    3.92293e+01    3.92661e+01    3.93220e+01    3.92968e+01    3.92069e+01    3.91047e+01    3.90170e+01    3.89423e+01    3.88807e+01    3.88145e+01    3.87544e+01    3.86877e+01    3.86127e+01    3.85412e+01    3.84871e+01    3.84073e+01    3.83621e+01    3.83131e+01    3.79213e+01    3.76141e+01    3.73132e+01    3.70640e+01    3.68412e+01    3.67692e+01    3.66046e+01    3.65541e+01    
1.02300e+03    3.91718e+01    3.92032e+01    3.92260e+01    3.92681e+01    3.93298e+01    3.93106e+01    3.92251e+01    3.91252e+01    3.90375e+01    3.89592e+01    3.88934e+01    3.88237e+01    3.87616e+01    3.86949e+01    3.86215e+01    3.85515e+01    3.84988e+01    3.84205e+01    3.83764e+01    3.83278e+01    3.79200e+01    3.76191e+01    3.73338e+01    3.70996e+01    3.68872e+01    3.68141e+01    3.66205e+01    3.65274e+01    
1.02320e+03    3.91550e+01    3.91843e+01    3.92018e+01    3.92431e+01    3.93145e+01    3.92948e+01    3.92168e+01    3.91098e+01    3.90161e+01    3.89362e+01    3.88710e+01    3.88017e+01    3.87393e+01    3.86711e+01    3.85952e+01    3.85227e+01    3.84679e+01    3.83870e+01    3.83409e+01    3.82910e+01    3.78936e+01    3.75693e+01    3.72447e+01    3.69753e+01    3.67792e+01    3.67621e+01    3.66047e+01    3.65180e+01    
1.02340e+03    3.91393e+01    3.91669e+01    3.91810e+01    3.92253e+01    3.93093e+01    3.92869e+01    3.92123e+01    3.91023e+01    3.90052e+01    3.89224e+01    3.88553e+01    3.87840e+01    3.87193e+01    3.86485e+01    3.85695e+01    3.84939e+01    3.84362e+01    3.83522e+01    3.83037e+01    3.82522e+01    3.78746e+01    3.75453e+01    3.72028e+01    3.69143e+01    3.67182e+01    3.67190e+01    3.65732e+01    3.64924e+01    
1.02360e+03    3.91186e+01    3.91441e+01    3.91505e+01    3.91908e+01    3.92840e+01    3.92620e+01    3.91911e+01    3.90751e+01    3.89737e+01    3.88918e+01    3.88279e+01    3.87591e+01    3.86955e+01    3.86235e+01    3.85414e+01    3.84628e+01    3.84025e+01    3.83157e+01    3.82651e+01    3.82129e+01    3.78745e+01    3.75535e+01    3.72081e+01    3.69142e+01    3.67035e+01    3.66926e+01    3.65422e+01    3.64651e+01    
1.02380e+03    3.90576e+01    3.90782e+01    3.90725e+01    3.91067e+01    3.92207e+01    3.92048e+01    3.91375e+01    3.90107e+01    3.89016e+01    3.88211e+01    3.87629e+01    3.86991e+01    3.86388e+01    3.85681e+01    3.84857e+01    3.84071e+01    3.83473e+01    3.82610e+01    3.82110e+01    3.81607e+01    3.78636e+01    3.75529e+01    3.72102e+01    3.69189e+01    3.67033e+01    3.66839e+01    3.65311e+01    3.64580e+01    
1.02400e+03    3.89815e+01    3.89954e+01    3.89706e+01    3.89847e+01    3.91283e+01    3.91324e+01    3.90653e+01    3.89306e+01    3.88148e+01    3.87328e+01    3.86770e+01    3.86156e+01    3.85582e+01    3.84909e+01    3.84133e+01    3.83397e+01    3.82856e+01    3.82053e+01    3.81602e+01    3.81152e+01    3.78463e+01    3.75356e+01    3.71852e+01    3.68816e+01    3.66366e+01    3.65930e+01    3.64464e+01    3.64071e+01    
1.02420e+03    3.88958e+01    3.89040e+01    3.88637e+01    3.88488e+01    3.90244e+01    3.90628e+01    3.89941e+01    3.88464e+01    3.87209e+01    3.86411e+01    3.85938e+01    3.85397e+01    3.84888e+01    3.84268e+01    3.83547e+01    3.82866e+01    3.82385e+01    3.81641e+01    3.81238e+01    3.80837e+01    3.78323e+01    3.74952e+01    3.70886e+01    3.67030e+01    3.64070e+01    3.64087e+01    3.63152e+01    3.63218e+01    
1.02440e+03    3.88405e+01    3.88484e+01    3.88153e+01    3.88017e+01    3.89773e+01    3.90397e+01    3.89810e+01    3.88421e+01    3.87207e+01    3.86342e+01    3.85766e+01    3.85145e+01    3.84585e+01    3.83956e+01    3.83257e+01    3.82601e+01    3.82146e+01    3.81433e+01    3.81054e+01    3.80682e+01    3.78425e+01    3.75425e+01    3.72003e+01    3.69101e+01    3.67010e+01    3.66874e+01    3.65228e+01    3.64272e+01    
1.02460e+03    3.87891e+01    3.87931e+01    3.87541e+01    3.87281e+01    3.89033e+01    3.89810e+01    3.89252e+01    3.87895e+01    3.86719e+01    3.85889e+01    3.85336e+01    3.84736e+01    3.84192e+01    3.83574e+01    3.82886e+01    3.82242e+01    3.81804e+01    3.81109e+01    3.80746e+01    3.80399e+01    3.78430e+01    3.75491e+01    3.72092e+01    3.69190e+01    3.66897e+01    3.66506e+01    3.64801e+01    3.64003e+01    
1.02480e+03    3.86789e+01    3.86733e+01    3.86372e+01    3.86077e+01    3.87727e+01    3.88751e+01    3.88147e+01    3.86865e+01    3.85785e+01    3.85040e+01    3.84542e+01    3.83989e+01    3.83483e+01    3.82888e+01    3.82221e+01    3.81601e+01    3.81195e+01    3.80533e+01    3.80197e+01    3.79895e+01    3.78385e+01    3.75431e+01    3.71895e+01    3.68835e+01    3.66525e+01    3.66293e+01    3.64755e+01    3.64081e+01    
1.02500e+03    3.85808e+01    3.85642e+01    3.85246e+01    3.85013e+01    3.86318e+01    3.87389e+01    3.86898e+01    3.85725e+01    3.84763e+01    3.84126e+01    3.83700e+01    3.83209e+01    3.82750e+01    3.82188e+01    3.81548e+01    3.80959e+01    3.80593e+01    3.79969e+01    3.79665e+01    3.79406e+01    3.78278e+01    3.75609e+01    3.72457e+01    3.69768e+01    3.67063e+01    3.65755e+01    3.63605e+01    3.63177e+01    
1.02520e+03    3.84863e+01    3.84607e+01    3.84159e+01    3.83925e+01    3.85091e+01    3.86231e+01    3.85678e+01    3.84741e+01    3.83974e+01    3.83381e+01    3.82915e+01    3.82394e+01    3.81918e+01    3.81351e+01    3.80721e+01    3.80146e+01    3.79812e+01    3.79212e+01    3.78930e+01    3.78719e+01    3.78073e+01    3.75154e+01    3.71498e+01    3.68302e+01    3.66085e+01    3.66104e+01    3.64677e+01    3.63981e+01    
1.02540e+03    3.84529e+01    3.84289e+01    3.83851e+01    3.83555e+01    3.84731e+01    3.85763e+01    3.84811e+01    3.84025e+01    3.83369e+01    3.82757e+01    3.82219e+01    3.81648e+01    3.81145e+01    3.80583e+01    3.79990e+01    3.79456e+01    3.79175e+01    3.78628e+01    3.78388e+01    3.78240e+01    3.78063e+01    3.75155e+01    3.71422e+01    3.68063e+01    3.65271e+01    3.64780e+01    3.63416e+01    3.63282e+01    
1.02560e+03    3.84336e+01    3.84089e+01    3.83548e+01    3.83122e+01    3.84458e+01    3.85518e+01    3.84427e+01    3.83621e+01    3.82995e+01    3.82469e+01    3.82022e+01    3.81526e+01    3.81075e+01    3.80536e+01    3.79951e+01    3.79423e+01    3.79149e+01    3.78608e+01    3.78372e+01    3.78229e+01    3.78055e+01    3.75192e+01    3.71542e+01    3.68279e+01    3.65383e+01    3.64601e+01    3.63187e+01    3.63228e+01    
1.02580e+03    3.84063e+01    3.83829e+01    3.83539e+01    3.83483e+01    3.84762e+01    3.85768e+01    3.84667e+01    3.83909e+01    3.83328e+01    3.82834e+01    3.82405e+01    3.81918e+01    3.81471e+01    3.80928e+01    3.80329e+01    3.79784e+01    3.79485e+01    3.78921e+01    3.78666e+01    3.78492e+01    3.78074e+01    3.75064e+01    3.71188e+01    3.67688e+01    3.65406e+01    3.65684e+01    3.64464e+01    3.63903e+01    
1.02600e+03    3.84759e+01    3.84643e+01    3.84367e+01    3.84446e+01    3.86171e+01    3.86809e+01    3.85504e+01    3.84478e+01    3.83759e+01    3.83333e+01    3.83032e+01    3.82631e+01    3.82219e+01    3.81645e+01    3.80958e+01    3.80325e+01    3.79934e+01    3.79280e+01    3.78957e+01    3.78713e+01    3.78065e+01    3.75049e+01    3.71192e+01    3.67688e+01    3.65122e+01    3.65103e+01    3.63876e+01    3.63547e+01    
1.02620e+03    3.85878e+01    3.85905e+01    3.85662e+01    3.85826e+01    3.87481e+01    3.87836e+01    3.86759e+01    3.85617e+01    3.84750e+01    3.84204e+01    3.83833e+01    3.83376e+01    3.82927e+01    3.82339e+01    3.81643e+01    3.80996e+01    3.80577e+01    3.79895e+01    3.79546e+01    3.79250e+01    3.78055e+01    3.75032e+01    3.71272e+01    3.67841e+01    3.64648e+01    3.63661e+01    3.62334e+01    3.62699e+01    
1.02640e+03    3.86741e+01    3.86872e+01    3.86734e+01    3.87001e+01    3.88252e+01    3.88286e+01    3.87386e+01    3.86078e+01    3.85079e+01    3.84538e+01    3.84231e+01    3.83816e+01    3.83384e+01    3.82779e+01    3.82037e+01    3.81343e+01    3.80873e+01    3.80137e+01    3.79747e+01    3.79405e+01    3.78016e+01    3.75100e+01    3.71583e+01    3.68517e+01    3.65917e+01    3.65302e+01    3.63792e+01    3.63539e+01    
1.02660e+03    3.87808e+01    3.88038e+01    3.88014e+01    3.88345e+01    3.89224e+01    3.88934e+01    3.88030e+01    3.86720e+01    3.85714e+01    3.85161e+01    3.84840e+01    3.84409e+01    3.83954e+01    3.83315e+01    3.82521e+01    3.81774e+01    3.81245e+01    3.80453e+01    3.80018e+01    3.79635e+01    3.78184e+01    3.75184e+01    3.71520e+01    3.68278e+01    3.65745e+01    3.65444e+01    3.64032e+01    3.63644e+01    
1.02680e+03    3.88559e+01    3.88829e+01    3.88785e+01    3.89102e+01    3.89745e+01    3.89315e+01    3.88695e+01    3.87428e+01    3.86435e+01    3.85876e+01    3.85538e+01    3.85092e+01    3.84622e+01    3.83965e+01    3.83147e+01    3.82371e+01    3.81805e+01    3.80973e+01    3.80505e+01    3.80075e+01    3.78247e+01    3.75130e+01    3.71334e+01    3.67921e+01    3.65416e+01    3.65356e+01    3.64004e+01    3.63527e+01    
1.02700e+03    3.89053e+01    3.89348e+01    3.89321e+01    3.89656e+01    3.90412e+01    3.90039e+01    3.89382e+01    3.88205e+01    3.87265e+01    3.86666e+01    3.86257e+01    3.85757e+01    3.85254e+01    3.84593e+01    3.83785e+01    3.83017e+01    3.82448e+01    3.81613e+01    3.81138e+01    3.80676e+01    3.78230e+01    3.75062e+01    3.71349e+01    3.68010e+01    3.65154e+01    3.64536e+01    3.63096e+01    3.62993e+01    
1.02720e+03    3.89476e+01    3.89792e+01    3.89813e+01    3.90133e+01    3.90727e+01    3.90399e+01    3.89855e+01    3.88737e+01    3.87816e+01    3.87174e+01    3.86701e+01    3.86147e+01    3.85596e+01    3.84890e+01    3.84034e+01    3.83215e+01    3.82594e+01    3.81701e+01    3.81179e+01    3.80675e+01    3.78208e+01    3.75081e+01    3.71438e+01    3.68204e+01    3.65489e+01    3.64928e+01    3.63470e+01    3.63267e+01    
1.02740e+03    3.89787e+01    3.90114e+01    3.90164e+01    3.90455e+01    3.90953e+01    3.90752e+01    3.90267e+01    3.89272e+01    3.88421e+01    3.87743e+01    3.87192e+01    3.86574e+01    3.85977e+01    3.85249e+01    3.84385e+01    3.83556e+01    3.82921e+01    3.82015e+01    3.81481e+01    3.80958e+01    3.78321e+01    3.75245e+01    3.71747e+01    3.68722e+01    3.66303e+01    3.65889e+01    3.64378e+01    3.63915e+01    
1.02760e+03    3.89823e+01    3.90147e+01    3.90219e+01    3.90506e+01    3.91094e+01    3.91059e+01    3.90515e+01    3.89574e+01    3.88776e+01    3.88128e+01    3.87593e+01    3.86994e+01    3.86426e+01    3.85745e+01    3.84946e+01    3.84183e+01    3.83607e+01    3.82765e+01    3.82281e+01    3.81781e+01    3.78504e+01    3.75166e+01    3.71447e+01    3.68170e+01    3.65928e+01    3.66014e+01    3.64728e+01    3.64183e+01    
1.02780e+03    3.89610e+01    3.89902e+01    3.89881e+01    3.89990e+01    3.90649e+01    3.90887e+01    3.90370e+01    3.89423e+01    3.88634e+01    3.88023e+01    3.87529e+01    3.86961e+01    3.86414e+01    3.85739e+01    3.84937e+01    3.84171e+01    3.83591e+01    3.82746e+01    3.82260e+01    3.81762e+01    3.78556e+01    3.75245e+01    3.71536e+01    3.68217e+01    3.65496e+01    3.65049e+01    3.63680e+01    3.63482e+01    
1.02800e+03    3.89340e+01    3.89605e+01    3.89511e+01    3.89522e+01    3.90153e+01    3.90477e+01    3.90039e+01    3.89039e+01    3.88226e+01    3.87654e+01    3.87214e+01    3.86686e+01    3.86157e+01    3.85469e+01    3.84629e+01    3.83824e+01    3.83211e+01    3.82329e+01    3.81815e+01    3.81303e+01    3.78456e+01    3.75193e+01    3.71426e+01    3.68041e+01    3.65433e+01    3.65217e+01    3.63882e+01    3.63546e+01    
1.02820e+03    3.89765e+01    3.90048e+01    3.90020e+01    3.90038e+01    3.90652e+01    3.91001e+01    3.90445e+01    3.89520e+01    3.88737e+01    3.88100e+01    3.87568e+01    3.86968e+01    3.86392e+01    3.85692e+01    3.84863e+01    3.84069e+01    3.83463e+01    3.82591e+01    3.82083e+01    3.81572e+01    3.78541e+01    3.75106e+01    3.71063e+01    3.67251e+01    3.64389e+01    3.64449e+01    3.63415e+01    3.63315e+01    
1.02840e+03    3.90141e+01    3.90446e+01    3.90523e+01    3.90614e+01    3.91199e+01    3.91477e+01    3.90713e+01    3.89804e+01    3.89039e+01    3.88396e+01    3.87849e+01    3.87240e+01    3.86662e+01    3.85971e+01    3.85161e+01    3.84387e+01    3.83798e+01    3.82944e+01    3.82451e+01    3.81944e+01    3.78674e+01    3.75242e+01    3.71319e+01    3.67701e+01    3.64962e+01    3.64898e+01    3.63727e+01    3.63510e+01    
1.02860e+03    3.90283e+01    3.90571e+01    3.90589e+01    3.90645e+01    3.91358e+01    3.91711e+01    3.90986e+01    3.90166e+01    3.89439e+01    3.88750e+01    3.88131e+01    3.87467e+01    3.86861e+01    3.86185e+01    3.85422e+01    3.84696e+01    3.84150e+01    3.83343e+01    3.82886e+01    3.82401e+01    3.78809e+01    3.75315e+01    3.71440e+01    3.67923e+01    3.65483e+01    3.65624e+01    3.64416e+01    3.63962e+01    
1.02880e+03    3.90244e+01    3.90487e+01    3.90320e+01    3.90237e+01    3.91319e+01    3.91793e+01    3.91083e+01    3.90176e+01    3.89408e+01    3.88764e+01    3.88229e+01    3.87640e+01    3.87107e+01    3.86502e+01    3.85817e+01    3.85166e+01    3.84688e+01    3.83954e+01    3.83552e+01    3.83104e+01    3.79116e+01    3.75620e+01    3.71960e+01    3.68709e+01    3.66076e+01    3.65659e+01    3.64191e+01    3.63798e+01    
1.02900e+03    3.90728e+01    3.91004e+01    3.90984e+01    3.91061e+01    3.91995e+01    3.92356e+01    3.91612e+01    3.90758e+01    3.90003e+01    3.89299e+01    3.88684e+01    3.88030e+01    3.87456e+01    3.86841e+01    3.86169e+01    3.85530e+01    3.85061e+01    3.84337e+01    3.83941e+01    3.83494e+01    3.79308e+01    3.75857e+01    3.72377e+01    3.69338e+01    3.66633e+01    3.65830e+01    3.64117e+01    3.63723e+01    
1.02920e+03    3.90958e+01    3.91235e+01    3.91193e+01    3.91287e+01    3.92328e+01    3.92559e+01    3.91663e+01    3.90810e+01    3.90058e+01    3.89340e+01    3.88703e+01    3.88028e+01    3.87430e+01    3.86789e+01    3.86086e+01    3.85417e+01    3.84919e+01    3.84167e+01    3.83751e+01    3.83288e+01    3.79230e+01    3.75836e+01    3.72383e+01    3.69398e+01    3.66904e+01    3.66343e+01    3.64641e+01    3.64006e+01    
1.02940e+03    3.90862e+01    3.91131e+01    3.91074e+01    3.91251e+01    3.92380e+01    3.92423e+01    3.91434e+01    3.90551e+01    3.89780e+01    3.89056e+01    3.88418e+01    3.87740e+01    3.87134e+01    3.86478e+01    3.85754e+01    3.85065e+01    3.84553e+01    3.83785e+01    3.83357e+01    3.82893e+01    3.79158e+01    3.75879e+01    3.72466e+01    3.69501e+01    3.66779e+01    3.65844e+01    3.64029e+01    3.63629e+01    
1.02960e+03    3.90769e+01    3.91024e+01    3.90941e+01    3.91228e+01    3.92501e+01    3.92412e+01    3.91432e+01    3.90573e+01    3.89798e+01    3.89026e+01    3.88328e+01    3.87601e+01    3.86961e+01    3.86294e+01    3.85576e+01    3.84896e+01    3.84392e+01    3.83636e+01    3.83217e+01    3.82766e+01    3.79201e+01    3.76113e+01    3.72945e+01    3.70238e+01    3.67506e+01    3.66187e+01    3.64104e+01    3.63728e+01    
1.02980e+03    3.90635e+01    3.90886e+01    3.90774e+01    3.91070e+01    3.92418e+01    3.92285e+01    3.91249e+01    3.90384e+01    3.89608e+01    3.88835e+01    3.88140e+01    3.87420e+01    3.86797e+01    3.86159e+01    3.85485e+01    3.84848e+01    3.84385e+01    3.83672e+01    3.83287e+01    3.82866e+01    3.79342e+01    3.76250e+01    3.73079e+01    3.70393e+01    3.67899e+01    3.66970e+01    3.64981e+01    3.64254e+01    
1.03000e+03    3.90582e+01    3.90824e+01    3.90648e+01    3.90913e+01    3.92397e+01    3.92296e+01    3.91242e+01    3.90388e+01    3.89624e+01    3.88862e+01    3.88182e+01    3.87480e+01    3.86885e+01    3.86290e+01    3.85675e+01    3.85092e+01    3.84678e+01    3.84015e+01    3.83667e+01    3.83273e+01    3.79579e+01    3.76470e+01    3.73345e+01    3.70678e+01    3.67932e+01    3.66531e+01    3.64346e+01    3.63900e+01    
1.03020e+03    3.90470e+01    3.90699e+01    3.90458e+01    3.90657e+01    3.92301e+01    3.92286e+01    3.91238e+01    3.90340e+01    3.89544e+01    3.88773e+01    3.88098e+01    3.87400e+01    3.86807e+01    3.86214e+01    3.85599e+01    3.85016e+01    3.84602e+01    3.83940e+01    3.83592e+01    3.83198e+01    3.79516e+01    3.76401e+01    3.73271e+01    3.70625e+01    3.68120e+01    3.67125e+01    3.65141e+01    3.64476e+01    
1.03040e+03    3.90142e+01    3.90344e+01    3.90017e+01    3.90188e+01    3.92004e+01    3.91996e+01    3.90921e+01    3.90026e+01    3.89239e+01    3.88483e+01    3.87820e+01    3.87131e+01    3.86543e+01    3.85947e+01    3.85322e+01    3.84731e+01    3.84312e+01    3.83643e+01    3.83292e+01    3.82899e+01    3.79369e+01    3.76307e+01    3.73195e+01    3.70550e+01    3.67880e+01    3.66597e+01    3.64573e+01    3.64198e+01    
1.03060e+03    3.89990e+01    3.90194e+01    3.89918e+01    3.90242e+01    3.92086e+01    3.91917e+01    3.90782e+01    3.89820e+01    3.88987e+01    3.88216e+01    3.87558e+01    3.86871e+01    3.86278e+01    3.85667e+01    3.85020e+01    3.84408e+01    3.83972e+01    3.83284e+01    3.82918e+01    3.82515e+01    3.79058e+01    3.75939e+01    3.72708e+01    3.69960e+01    3.67412e+01    3.66478e+01    3.64704e+01    3.64305e+01    
1.03080e+03    3.89850e+01    3.90048e+01    3.89838e+01    3.90229e+01    3.92024e+01    3.91854e+01    3.90780e+01    3.89762e+01    3.88875e+01    3.88070e+01    3.87389e+01    3.86677e+01    3.86049e+01    3.85389e+01    3.84679e+01    3.84006e+01    3.83518e+01    3.82771e+01    3.82361e+01    3.81925e+01    3.78623e+01    3.75527e+01    3.72271e+01    3.69534e+01    3.67303e+01    3.66826e+01    3.65179e+01    3.64519e+01    
1.03100e+03    3.90055e+01    3.90250e+01    3.90036e+01    3.90280e+01    3.91679e+01    3.91556e+01    3.90720e+01    3.89711e+01    3.88818e+01    3.88014e+01    3.87340e+01    3.86634e+01    3.86018e+01    3.85375e+01    3.84685e+01    3.84032e+01    3.83561e+01    3.82830e+01    3.82431e+01    3.81998e+01    3.78474e+01    3.75424e+01    3.72319e+01    3.69714e+01    3.67299e+01    3.66395e+01    3.64589e+01    3.64132e+01    
1.03120e+03    3.90575e+01    3.90821e+01    3.90838e+01    3.91258e+01    3.92428e+01    3.92197e+01    3.91189e+01    3.90278e+01    3.89452e+01    3.88629e+01    3.87894e+01    3.87135e+01    3.86481e+01    3.85825e+01    3.85140e+01    3.84488e+01    3.84013e+01    3.83274e+01    3.82866e+01    3.82407e+01    3.78217e+01    3.75185e+01    3.72360e+01    3.70029e+01    3.67746e+01    3.66744e+01    3.64821e+01    3.64287e+01    
1.03140e+03    3.91148e+01    3.91417e+01    3.91488e+01    3.91901e+01    3.92769e+01    3.92469e+01    3.91487e+01    3.90663e+01    3.89907e+01    3.89124e+01    3.88409e+01    3.87674e+01    3.87049e+01    3.86433e+01    3.85795e+01    3.85190e+01    3.84753e+01    3.84059e+01    3.83685e+01    3.83250e+01    3.78900e+01    3.75856e+01    3.73089e+01    3.70801e+01    3.68497e+01    3.67414e+01    3.65337e+01    3.64625e+01    
1.03160e+03    3.91304e+01    3.91572e+01    3.91658e+01    3.92046e+01    3.92743e+01    3.92432e+01    3.91450e+01    3.90640e+01    3.89919e+01    3.89203e+01    3.88562e+01    3.87894e+01    3.87329e+01    3.86760e+01    3.86164e+01    3.85598e+01    3.85193e+01    3.84537e+01    3.84192e+01    3.83783e+01    3.79479e+01    3.76482e+01    3.73773e+01    3.71553e+01    3.69450e+01    3.68629e+01    3.66579e+01    3.65542e+01    
1.03180e+03    3.91525e+01    3.91818e+01    3.91968e+01    3.92360e+01    3.92811e+01    3.92371e+01    3.91325e+01    3.90464e+01    3.89735e+01    3.89072e+01    3.88503e+01    3.87893e+01    3.87366e+01    3.86804e+01    3.86193e+01    3.85614e+01    3.85198e+01    3.84532e+01    3.84180e+01    3.83767e+01    3.79591e+01    3.76714e+01    3.74107e+01    3.71973e+01    3.69909e+01    3.69064e+01    3.66967e+01    3.65855e+01    
1.03200e+03    3.91819e+01    3.92148e+01    3.92373e+01    3.92787e+01    3.93033e+01    3.92427e+01    3.91288e+01    3.90396e+01    3.89657e+01    3.89007e+01    3.88450e+01    3.87843e+01    3.87294e+01    3.86677e+01    3.85981e+01    3.85321e+01    3.84834e+01    3.84096e+01    3.83692e+01    3.83246e+01    3.79513e+01    3.76798e+01    3.74220e+01    3.72092e+01    3.69891e+01    3.68816e+01    3.66622e+01    3.65637e+01    
1.03220e+03    3.92206e+01    3.92535e+01    3.92671e+01    3.93044e+01    3.93215e+01    3.92458e+01    3.91442e+01    3.90574e+01    3.89858e+01    3.89244e+01    3.88727e+01    3.88157e+01    3.87652e+01    3.87086e+01    3.86452e+01    3.85852e+01    3.85415e+01    3.84732e+01    3.84368e+01    3.83949e+01    3.79932e+01    3.77156e+01    3.74607e+01    3.72499e+01    3.70288e+01    3.69177e+01    3.66929e+01    3.65884e+01    
1.03240e+03    3.92666e+01    3.93010e+01    3.93209e+01    3.93634e+01    3.93773e+01    3.93055e+01    3.92040e+01    3.91259e+01    3.90589e+01    3.89952e+01    3.89389e+01    3.88787e+01    3.88275e+01    3.87737e+01    3.87159e+01    3.86609e+01    3.86213e+01    3.85574e+01    3.85241e+01    3.84842e+01    3.80517e+01    3.77643e+01    3.75096e+01    3.72990e+01    3.70793e+01    3.69708e+01    3.67486e+01    3.66424e+01    
1.03260e+03    3.92718e+01    3.93055e+01    3.93241e+01    3.93627e+01    3.93745e+01    3.93085e+01    3.92073e+01    3.91263e+01    3.90581e+01    3.89958e+01    3.89419e+01    3.88837e+01    3.88337e+01    3.87800e+01    3.87217e+01    3.86662e+01    3.86263e+01    3.85622e+01    3.85288e+01    3.84889e+01    3.80659e+01    3.77881e+01    3.75411e+01    3.73357e+01    3.71101e+01    3.69859e+01    3.67559e+01    3.66560e+01    
1.03280e+03    3.92391e+01    3.92704e+01    3.92821e+01    3.93144e+01    3.93259e+01    3.92572e+01    3.91584e+01    3.90725e+01    3.90012e+01    3.89394e+01    3.88871e+01    3.88299e+01    3.87792e+01    3.87228e+01    3.86600e+01    3.86005e+01    3.85573e+01    3.84898e+01    3.84541e+01    3.84131e+01    3.80255e+01    3.77661e+01    3.75282e+01    3.73298e+01    3.71069e+01    3.69797e+01    3.67484e+01    3.66510e+01    
1.03300e+03    3.92083e+01    3.92374e+01    3.92395e+01    3.92675e+01    3.92926e+01    3.92102e+01    3.91010e+01    3.90068e+01    3.89303e+01    3.88677e+01    3.88165e+01    3.87597e+01    3.87084e+01    3.86496e+01    3.85830e+01    3.85200e+01    3.84740e+01    3.84033e+01    3.83651e+01    3.83227e+01    3.79562e+01    3.76975e+01    3.74535e+01    3.72506e+01    3.70246e+01    3.68965e+01    3.66718e+01    3.65897e+01    
1.03320e+03    3.92184e+01    3.92492e+01    3.92561e+01    3.92893e+01    3.93145e+01    3.92206e+01    3.91063e+01    3.90078e+01    3.89254e+01    3.88548e+01    3.87963e+01    3.87334e+01    3.86774e+01    3.86158e+01    3.85475e+01    3.84828e+01    3.84355e+01    3.83629e+01    3.83233e+01    3.82796e+01    3.79072e+01    3.76230e+01    3.73491e+01    3.71228e+01    3.68955e+01    3.67905e+01    3.65911e+01    3.65248e+01    
1.03340e+03    3.92379e+01    3.92693e+01    3.92803e+01    3.93173e+01    3.93506e+01    3.92646e+01    3.91529e+01    3.90532e+01    3.89661e+01    3.88857e+01    3.88172e+01    3.87458e+01    3.86838e+01    3.86199e+01    3.85518e+01    3.84872e+01    3.84401e+01    3.83677e+01    3.83282e+01    3.82845e+01    3.79088e+01    3.76199e+01    3.73412e+01    3.71127e+01    3.68985e+01    3.68177e+01    3.66334e+01    3.65618e+01    
1.03360e+03    3.92417e+01    3.92724e+01    3.92826e+01    3.93116e+01    3.93402e+01    3.92668e+01    3.91571e+01    3.90516e+01    3.89599e+01    3.88782e+01    3.88101e+01    3.87390e+01    3.86766e+01    3.86115e+01    3.85415e+01    3.84751e+01    3.84263e+01    3.83519e+01    3.83109e+01    3.82657e+01    3.78877e+01    3.76221e+01    3.73728e+01    3.71654e+01    3.69342e+01    3.68006e+01    3.65804e+01    3.65172e+01    
1.03380e+03    3.92394e+01    3.92679e+01    3.92700e+01    3.92885e+01    3.93220e+01    3.92589e+01    3.91472e+01    3.90440e+01    3.89549e+01    3.88756e+01    3.88096e+01    3.87405e+01    3.86802e+01    3.86172e+01    3.85495e+01    3.84854e+01    3.84387e+01    3.83666e+01    3.83273e+01    3.82836e+01    3.79046e+01    3.76481e+01    3.74099e+01    3.72109e+01    3.69811e+01    3.68410e+01    3.66123e+01    3.65429e+01    
1.03400e+03    3.92492e+01    3.92771e+01    3.92755e+01    3.92902e+01    3.93373e+01    3.92868e+01    3.91744e+01    3.90729e+01    3.89847e+01    3.89047e+01    3.88375e+01    3.87677e+01    3.87077e+01    3.86467e+01    3.85823e+01    3.85214e+01    3.84773e+01    3.84082e+01    3.83712e+01    3.83291e+01    3.79387e+01    3.76760e+01    3.74347e+01    3.72333e+01    3.70022e+01    3.68628e+01    3.66367e+01    3.65686e+01    
1.03420e+03    3.92540e+01    3.92818e+01    3.92819e+01    3.92971e+01    3.93514e+01    3.93089e+01    3.91913e+01    3.90906e+01    3.90037e+01    3.89250e+01    3.88588e+01    3.87897e+01    3.87302e+01    3.86691e+01    3.86043e+01    3.85429e+01    3.84983e+01    3.84286e+01    3.83912e+01    3.83484e+01    3.79477e+01    3.76837e+01    3.74441e+01    3.72439e+01    3.70140e+01    3.68752e+01    3.66405e+01    3.65585e+01    
1.03440e+03    3.92582e+01    3.92867e+01    3.92876e+01    3.93047e+01    3.93604e+01    3.93177e+01    3.91999e+01    3.91001e+01    3.90145e+01    3.89373e+01    3.88725e+01    3.88049e+01    3.87468e+01    3.86871e+01    3.86239e+01    3.85640e+01    3.85206e+01    3.84525e+01    3.84163e+01    3.83748e+01    3.79816e+01    3.77198e+01    3.74803e+01    3.72794e+01    3.70432e+01    3.68931e+01    3.66536e+01    3.65784e+01    
1.03460e+03    3.92575e+01    3.92869e+01    3.92899e+01    3.93112e+01    3.93676e+01    3.93223e+01    3.92025e+01    3.91061e+01    3.90233e+01    3.89472e+01    3.88826e+01    3.88155e+01    3.87587e+01    3.87013e+01    3.86412e+01    3.85843e+01    3.85434e+01    3.84781e+01    3.84438e+01    3.84037e+01    3.79998e+01    3.77353e+01    3.74972e+01    3.72983e+01    3.70712e+01    3.69367e+01    3.67070e+01    3.66238e+01    
1.03480e+03    3.92384e+01    3.92685e+01    3.92764e+01    3.93042e+01    3.93595e+01    3.93135e+01    3.91978e+01    3.90973e+01    3.90120e+01    3.89376e+01    3.88769e+01    3.88131e+01    3.87595e+01    3.87050e+01    3.86477e+01    3.85933e+01    3.85547e+01    3.84913e+01    3.84585e+01    3.84192e+01    3.79987e+01    3.77220e+01    3.74757e+01    3.72702e+01    3.70379e+01    3.69009e+01    3.66735e+01    3.65984e+01    
1.03500e+03    3.92158e+01    3.92448e+01    3.92469e+01    3.92733e+01    3.93199e+01    3.92590e+01    3.91530e+01    3.90495e+01    3.89632e+01    3.88923e+01    3.88367e+01    3.87772e+01    3.87266e+01    3.86734e+01    3.86163e+01    3.85619e+01    3.85235e+01    3.84599e+01    3.84269e+01    3.83872e+01    3.79548e+01    3.76604e+01    3.73976e+01    3.71806e+01    3.69558e+01    3.68454e+01    3.66443e+01    3.65782e+01    
1.03520e+03    3.91923e+01    3.92219e+01    3.92267e+01    3.92620e+01    3.93105e+01    3.92277e+01    3.91127e+01    3.90040e+01    3.89139e+01    3.88414e+01    3.87848e+01    3.87238e+01    3.86703e+01    3.86121e+01    3.85480e+01    3.84871e+01    3.84433e+01    3.83735e+01    3.83359e+01    3.82923e+01    3.78631e+01    3.75780e+01    3.73237e+01    3.71127e+01    3.68786e+01    3.67439e+01    3.65374e+01    3.64971e+01    
1.03540e+03    3.91727e+01    3.92026e+01    3.92129e+01    3.92568e+01    3.92884e+01    3.91764e+01    3.90570e+01    3.89408e+01    3.88460e+01    3.87739e+01    3.87204e+01    3.86621e+01    3.86107e+01    3.85541e+01    3.84911e+01    3.84313e+01    3.83888e+01    3.83198e+01    3.82827e+01    3.82394e+01    3.78042e+01    3.75156e+01    3.72597e+01    3.70485e+01    3.68196e+01    3.66945e+01    3.64987e+01    3.64650e+01    
1.03560e+03    3.91577e+01    3.91881e+01    3.92067e+01    3.92614e+01    3.92864e+01    3.91532e+01    3.90309e+01    3.89007e+01    3.87937e+01    3.87164e+01    3.86622e+01    3.86025e+01    3.85482e+01    3.84863e+01    3.84158e+01    3.83485e+01    3.82999e+01    3.82229e+01    3.81794e+01    3.81300e+01    3.76618e+01    3.73619e+01    3.71043e+01    3.68950e+01    3.66851e+01    3.65895e+01    3.64241e+01    3.64069e+01    
1.03580e+03    3.91100e+01    3.91354e+01    3.91438e+01    3.91919e+01    3.92182e+01    3.90948e+01    3.90138e+01    3.88765e+01    3.87593e+01    3.86756e+01    3.86187e+01    3.85560e+01    3.84980e+01    3.84314e+01    3.83544e+01    3.82806e+01    3.82265e+01    3.81418e+01    3.80919e+01    3.80359e+01    3.75162e+01    3.71836e+01    3.69064e+01    3.66858e+01    3.64938e+01    3.64342e+01    3.63107e+01    3.63252e+01    
1.03600e+03    3.89292e+01    3.89362e+01    3.88991e+01    3.89057e+01    3.90033e+01    3.89561e+01    3.88928e+01    3.87566e+01    3.86429e+01    3.85675e+01    3.85184e+01    3.84614e+01    3.84064e+01    3.83384e+01    3.82565e+01    3.81775e+01    3.81196e+01    3.80282e+01    3.79727e+01    3.79106e+01    3.73403e+01    3.69783e+01    3.66901e+01    3.64713e+01    3.63321e+01    3.63340e+01    3.62444e+01    3.62664e+01    
1.03620e+03    3.87163e+01    3.86967e+01    3.86086e+01    3.86043e+01    3.88223e+01    3.87800e+01    3.86651e+01    3.85138e+01    3.84024e+01    3.83529e+01    3.83319e+01    3.82960e+01    3.82548e+01    3.81923e+01    3.81103e+01    3.80312e+01    3.79759e+01    3.78832e+01    3.78264e+01    3.77630e+01    3.71749e+01    3.67626e+01    3.64146e+01    3.61594e+01    3.60995e+01    3.61886e+01    3.61629e+01    3.62213e+01    
1.03640e+03    3.88950e+01    3.88985e+01    3.88421e+01    3.89164e+01    3.90947e+01    3.89280e+01    3.88198e+01    3.86416e+01    3.84920e+01    3.84104e+01    3.83744e+01    3.83282e+01    3.82821e+01    3.82215e+01    3.81466e+01    3.80747e+01    3.80254e+01    3.79405e+01    3.78899e+01    3.78316e+01    3.72017e+01    3.67659e+01    3.64224e+01    3.61793e+01    3.61573e+01    3.62673e+01    3.62266e+01    3.62552e+01    
1.03660e+03    3.90475e+01    3.90671e+01    3.90532e+01    3.91264e+01    3.92179e+01    3.90378e+01    3.89556e+01    3.87802e+01    3.86253e+01    3.85289e+01    3.84780e+01    3.84197e+01    3.83638e+01    3.82958e+01    3.82145e+01    3.81360e+01    3.80793e+01    3.79877e+01    3.79319e+01    3.78689e+01    3.72519e+01    3.68490e+01    3.65371e+01    3.63068e+01    3.62045e+01    3.62481e+01    3.61904e+01    3.62323e+01    
1.03680e+03    3.89262e+01    3.89316e+01    3.88895e+01    3.89123e+01    3.90476e+01    3.89649e+01    3.88749e+01    3.87035e+01    3.85589e+01    3.84777e+01    3.84384e+01    3.83889e+01    3.83384e+01    3.82711e+01    3.81871e+01    3.81058e+01    3.80469e+01    3.79523e+01    3.78940e+01    3.78292e+01    3.72411e+01    3.68709e+01    3.65808e+01    3.63550e+01    3.61567e+01    3.60840e+01    3.60304e+01    3.61492e+01    
1.03700e+03    3.89477e+01    3.89540e+01    3.88930e+01    3.89368e+01    3.91157e+01    3.89853e+01    3.88780e+01    3.87048e+01    3.85615e+01    3.84851e+01    3.84510e+01    3.84059e+01    3.83598e+01    3.82973e+01    3.82191e+01    3.81438e+01    3.80901e+01    3.80022e+01    3.79495e+01    3.78895e+01    3.72868e+01    3.68681e+01    3.65205e+01    3.62563e+01    3.61686e+01    3.62440e+01    3.62040e+01    3.62484e+01    
1.03720e+03    3.91727e+01    3.92066e+01    3.92290e+01    3.92965e+01    3.93241e+01    3.91632e+01    3.90644e+01    3.89089e+01    3.87763e+01    3.86895e+01    3.86375e+01    3.85787e+01    3.85237e+01    3.84586e+01    3.83822e+01    3.83087e+01    3.82545e+01    3.81693e+01    3.81189e+01    3.80609e+01    3.74531e+01    3.70429e+01    3.67114e+01    3.64530e+01    3.63283e+01    3.63728e+01    3.63011e+01    3.63147e+01    
1.03740e+03    3.92513e+01    3.92899e+01    3.93221e+01    3.93859e+01    3.93954e+01    3.92559e+01    3.91576e+01    3.90253e+01    3.89124e+01    3.88280e+01    3.87682e+01    3.87036e+01    3.86457e+01    3.85823e+01    3.85111e+01    3.84428e+01    3.83923e+01    3.83133e+01    3.82680e+01    3.82149e+01    3.76342e+01    3.72625e+01    3.69694e+01    3.67346e+01    3.65444e+01    3.65016e+01    3.63815e+01    3.63815e+01    
1.03760e+03    3.92897e+01    3.93305e+01    3.93711e+01    3.94429e+01    3.94423e+01    3.92961e+01    3.92002e+01    3.90769e+01    3.89719e+01    3.88911e+01    3.88319e+01    3.87682e+01    3.87121e+01    3.86516e+01    3.85848e+01    3.85208e+01    3.84738e+01    3.83997e+01    3.83584e+01    3.83092e+01    3.77657e+01    3.74171e+01    3.71327e+01    3.68974e+01    3.66541e+01    3.65306e+01    3.63787e+01    3.64031e+01    
1.03780e+03    3.92885e+01    3.93274e+01    3.93609e+01    3.94276e+01    3.94337e+01    3.92918e+01    3.91934e+01    3.90632e+01    3.89549e+01    3.88788e+01    3.88282e+01    3.87727e+01    3.87250e+01    3.86733e+01    3.86164e+01    3.85619e+01    3.85233e+01    3.84586e+01    3.84244e+01    3.83819e+01    3.78659e+01    3.75127e+01    3.72097e+01    3.69582e+01    3.67232e+01    3.66350e+01    3.64990e+01    3.65034e+01    
1.03800e+03    3.92215e+01    3.92520e+01    3.92549e+01    3.93081e+01    3.93684e+01    3.92393e+01    3.91285e+01    3.89829e+01    3.88667e+01    3.87998e+01    3.87647e+01    3.87214e+01    3.86830e+01    3.86365e+01    3.85828e+01    3.85313e+01    3.84956e+01    3.84338e+01    3.84019e+01    3.83621e+01    3.78794e+01    3.75071e+01    3.71542e+01    3.68492e+01    3.66063e+01    3.65695e+01    3.64728e+01    3.64860e+01    
1.03820e+03    3.92868e+01    3.93219e+01    3.93401e+01    3.94019e+01    3.94330e+01    3.92873e+01    3.91802e+01    3.90396e+01    3.89251e+01    3.88531e+01    3.88105e+01    3.87610e+01    3.87167e+01    3.86648e+01    3.86055e+01    3.85490e+01    3.85088e+01    3.84430e+01    3.84083e+01    3.83669e+01    3.79197e+01    3.75908e+01    3.72858e+01    3.70283e+01    3.67630e+01    3.66299e+01    3.64691e+01    3.64845e+01    
1.03840e+03    3.93253e+01    3.93625e+01    3.93887e+01    3.94492e+01    3.94585e+01    3.93177e+01    3.92076e+01    3.90857e+01    3.89859e+01    3.89145e+01    3.88652e+01    3.88110e+01    3.87646e+01    3.87141e+01    3.86589e+01    3.86062e+01    3.85690e+01    3.85070e+01    3.84751e+01    3.84362e+01    3.79991e+01    3.77155e+01    3.74669e+01    3.72572e+01    3.70008e+01    3.68199e+01    3.65850e+01    3.65590e+01    
1.03860e+03    3.93235e+01    3.93581e+01    3.93695e+01    3.94183e+01    3.94532e+01    3.93300e+01    3.92097e+01    3.90931e+01    3.89993e+01    3.89314e+01    3.88830e+01    3.88291e+01    3.87819e+01    3.87288e+01    3.86696e+01    3.86134e+01    3.85730e+01    3.85081e+01    3.84742e+01    3.84342e+01    3.80195e+01    3.77312e+01    3.74677e+01    3.72458e+01    3.69832e+01    3.68062e+01    3.65893e+01    3.65794e+01    
1.03880e+03    3.93352e+01    3.93724e+01    3.93971e+01    3.94478e+01    3.94779e+01    3.93861e+01    3.92653e+01    3.91629e+01    3.90759e+01    3.89999e+01    3.89383e+01    3.88740e+01    3.88205e+01    3.87671e+01    3.87117e+01    3.86590e+01    3.86216e+01    3.85602e+01    3.85288e+01    3.84909e+01    3.80810e+01    3.78078e+01    3.75620e+01    3.73558e+01    3.71150e+01    3.69631e+01    3.67349e+01    3.66739e+01    
1.03900e+03    3.92477e+01    3.92775e+01    3.92778e+01    3.93055e+01    3.93486e+01    3.92688e+01    3.91370e+01    3.90493e+01    3.89771e+01    3.89115e+01    3.88559e+01    3.87971e+01    3.87483e+01    3.86986e+01    3.86464e+01    3.85967e+01    3.85622e+01    3.85033e+01    3.84737e+01    3.84374e+01    3.80287e+01    3.77645e+01    3.75300e+01    3.73345e+01    3.71139e+01    3.69885e+01    3.67717e+01    3.66935e+01    
1.03920e+03    3.92837e+01    3.93153e+01    3.93231e+01    3.93691e+01    3.94410e+01    3.93542e+01    3.92122e+01    3.91176e+01    3.90379e+01    3.89636e+01    3.89000e+01    3.88339e+01    3.87784e+01    3.87227e+01    3.86647e+01    3.86097e+01    3.85705e+01    3.85069e+01    3.84739e+01    3.84348e+01    3.80272e+01    3.77571e+01    3.75142e+01    3.73111e+01    3.70770e+01    3.69349e+01    3.67203e+01    3.66672e+01    
1.03940e+03    3.94038e+01    3.94412e+01    3.94639e+01    3.95134e+01    3.95554e+01    3.94638e+01    3.93250e+01    3.92312e+01    3.91495e+01    3.90693e+01    3.89994e+01    3.89280e+01    3.88695e+01    3.88141e+01    3.87587e+01    3.87062e+01    3.86686e+01    3.86072e+01    3.85759e+01    3.85378e+01    3.81210e+01    3.78711e+01    3.76534e+01    3.74685e+01    3.72422e+01    3.70945e+01    3.68576e+01    3.67740e+01    
1.03960e+03    3.93860e+01    3.94219e+01    3.94402e+01    3.94892e+01    3.95374e+01    3.94491e+01    3.93175e+01    3.92246e+01    3.91439e+01    3.90657e+01    3.89978e+01    3.89282e+01    3.88706e+01    3.88151e+01    3.87590e+01    3.87057e+01    3.86675e+01    3.86058e+01    3.85742e+01    3.85362e+01    3.81326e+01    3.78946e+01    3.76851e+01    3.75058e+01    3.72818e+01    3.71327e+01    3.68929e+01    3.68057e+01    
1.03980e+03    3.93461e+01    3.93802e+01    3.93959e+01    3.94465e+01    3.95058e+01    3.94211e+01    3.92928e+01    3.91963e+01    3.91130e+01    3.90350e+01    3.89683e+01    3.88995e+01    3.88417e+01    3.87844e+01    3.87253e+01    3.86695e+01    3.86292e+01    3.85654e+01    3.85325e+01    3.84941e+01    3.81175e+01    3.78818e+01    3.76669e+01    3.74841e+01    3.72597e+01    3.71139e+01    3.68809e+01    3.67999e+01    
1.04000e+03    3.93079e+01    3.93398e+01    3.93520e+01    3.94009e+01    3.94642e+01    3.93871e+01    3.92686e+01    3.91689e+01    3.90827e+01    3.90041e+01    3.89382e+01    3.88702e+01    3.88132e+01    3.87567e+01    3.86985e+01    3.86436e+01    3.86044e+01    3.85418e+01    3.85099e+01    3.84729e+01    3.81186e+01    3.78886e+01    3.76741e+01    3.74919e+01    3.72712e+01    3.71317e+01    3.69009e+01    3.68145e+01    
1.04020e+03    3.92945e+01    3.93235e+01    3.93228e+01    3.93586e+01    3.94201e+01    3.93408e+01    3.92297e+01    3.91196e+01    3.90278e+01    3.89544e+01    3.88984e+01    3.88390e+01    3.87888e+01    3.87366e+01    3.86812e+01    3.86288e+01    3.85919e+01    3.85316e+01    3.85012e+01    3.84656e+01    3.81079e+01    3.78619e+01    3.76316e+01    3.74386e+01    3.72152e+01    3.70826e+01    3.68630e+01    3.67859e+01    
1.04040e+03    3.93469e+01    3.93790e+01    3.93886e+01    3.94295e+01    3.94831e+01    3.94022e+01    3.92821e+01    3.91811e+01    3.90925e+01    3.90096e+01    3.89397e+01    3.88685e+01    3.88098e+01    3.87539e+01    3.86980e+01    3.86453e+01    3.86079e+01    3.85472e+01    3.85166e+01    3.84806e+01    3.81197e+01    3.78847e+01    3.76669e+01    3.74817e+01    3.72542e+01    3.71045e+01    3.68680e+01    3.67872e+01    
1.04060e+03    3.93785e+01    3.94128e+01    3.94300e+01    3.94760e+01    3.95267e+01    3.94457e+01    3.93199e+01    3.92217e+01    3.91342e+01    3.90484e+01    3.89739e+01    3.88984e+01    3.88362e+01    3.87779e+01    3.87205e+01    3.86662e+01    3.86274e+01    3.85651e+01    3.85333e+01    3.84959e+01    3.81219e+01    3.78853e+01    3.76688e+01    3.74840e+01    3.72524e+01    3.70942e+01    3.68531e+01    3.67775e+01    
1.04080e+03    3.93522e+01    3.93847e+01    3.93978e+01    3.94403e+01    3.94915e+01    3.94128e+01    3.92907e+01    3.91942e+01    3.91087e+01    3.90258e+01    3.89536e+01    3.88797e+01    3.88172e+01    3.87563e+01    3.86941e+01    3.86354e+01    3.85926e+01    3.85264e+01    3.84916e+01    3.84520e+01    3.80876e+01    3.78547e+01    3.76388e+01    3.74543e+01    3.72212e+01    3.70596e+01    3.68180e+01    3.67475e+01    
1.04100e+03    3.93053e+01    3.93328e+01    3.93301e+01    3.93612e+01    3.94355e+01    3.93689e+01    3.92481e+01    3.91412e+01    3.90519e+01    3.89774e+01    3.89183e+01    3.88557e+01    3.88019e+01    3.87454e+01    3.86847e+01    3.86273e+01    3.85859e+01    3.85207e+01    3.84868e+01    3.84478e+01    3.80774e+01    3.78249e+01    3.75901e+01    3.73932e+01    3.71634e+01    3.70228e+01    3.68032e+01    3.67379e+01    
1.04120e+03    3.93757e+01    3.94067e+01    3.94153e+01    3.94528e+01    3.95092e+01    3.94367e+01    3.93090e+01    3.92135e+01    3.91302e+01    3.90506e+01    3.89820e+01    3.89117e+01    3.88534e+01    3.87969e+01    3.87398e+01    3.86857e+01    3.86470e+01    3.85849e+01    3.85533e+01    3.85159e+01    3.81395e+01    3.79076e+01    3.76967e+01    3.75168e+01    3.72953e+01    3.71521e+01    3.69177e+01    3.68300e+01    
1.04140e+03    3.94077e+01    3.94396e+01    3.94537e+01    3.94938e+01    3.95491e+01    3.94847e+01    3.93540e+01    3.92634e+01    3.91838e+01    3.91047e+01    3.90348e+01    3.89635e+01    3.89044e+01    3.88479e+01    3.87910e+01    3.87372e+01    3.86984e+01    3.86365e+01    3.86048e+01    3.85673e+01    3.81827e+01    3.79507e+01    3.77422e+01    3.75645e+01    3.73493e+01    3.72160e+01    3.69843e+01    3.68859e+01    
1.04160e+03    3.94135e+01    3.94452e+01    3.94579e+01    3.94977e+01    3.95573e+01    3.94936e+01    3.93621e+01    3.92713e+01    3.91926e+01    3.91162e+01    3.90494e+01    3.89807e+01    3.89234e+01    3.88672e+01    3.88096e+01    3.87552e+01    3.87157e+01    3.86532e+01    3.86211e+01    3.85831e+01    3.81943e+01    3.79504e+01    3.77305e+01    3.75441e+01    3.73186e+01    3.71747e+01    3.69424e+01    3.68579e+01    
1.04180e+03    3.94113e+01    3.94429e+01    3.94544e+01    3.94926e+01    3.95499e+01    3.94888e+01    3.93572e+01    3.92698e+01    3.91948e+01    3.91221e+01    3.90585e+01    3.89925e+01    3.89375e+01    3.88830e+01    3.88266e+01    3.87734e+01    3.87349e+01    3.86737e+01    3.86427e+01    3.86058e+01    3.82290e+01    3.79985e+01    3.77893e+01    3.76106e+01    3.73917e+01    3.72523e+01    3.70152e+01    3.69154e+01    
1.04200e+03    3.94088e+01    3.94411e+01    3.94556e+01    3.94940e+01    3.95457e+01    3.94883e+01    3.93554e+01    3.92697e+01    3.91967e+01    3.91260e+01    3.90641e+01    3.89997e+01    3.89460e+01    3.88924e+01    3.88368e+01    3.87842e+01    3.87464e+01    3.86857e+01    3.86550e+01    3.86182e+01    3.82352e+01    3.80079e+01    3.78036e+01    3.76284e+01    3.74129e+01    3.72762e+01    3.70366e+01    3.69287e+01    
1.04220e+03    3.94020e+01    3.94329e+01    3.94428e+01    3.94804e+01    3.95461e+01    3.94945e+01    3.93632e+01    3.92765e+01    3.92030e+01    3.91333e+01    3.90731e+01    3.90104e+01    3.89587e+01    3.89074e+01    3.88547e+01    3.88046e+01    3.87689e+01    3.87104e+01    3.86813e+01    3.86458e+01    3.82601e+01    3.80280e+01    3.78200e+01    3.76420e+01    3.74231e+01    3.72829e+01    3.70421e+01    3.69368e+01    
1.04240e+03    3.93917e+01    3.94224e+01    3.94341e+01    3.94719e+01    3.95325e+01    3.94833e+01    3.93562e+01    3.92687e+01    3.91949e+01    3.91262e+01    3.90673e+01    3.90054e+01    3.89538e+01    3.89015e+01    3.88468e+01    3.87950e+01    3.87578e+01    3.86978e+01    3.86677e+01    3.86315e+01    3.82521e+01    3.80169e+01    3.78039e+01    3.76226e+01    3.74031e+01    3.72655e+01    3.70269e+01    3.69220e+01    
1.04260e+03    3.93839e+01    3.94148e+01    3.94279e+01    3.94618e+01    3.95051e+01    3.94566e+01    3.93353e+01    3.92498e+01    3.91779e+01    3.91113e+01    3.90538e+01    3.89929e+01    3.89412e+01    3.88873e+01    3.88300e+01    3.87757e+01    3.87363e+01    3.86740e+01    3.86422e+01    3.86045e+01    3.82211e+01    3.79843e+01    3.77702e+01    3.75879e+01    3.73656e+01    3.72235e+01    3.69816e+01    3.68787e+01    
1.04280e+03    3.93956e+01    3.94277e+01    3.94440e+01    3.94776e+01    3.95192e+01    3.94712e+01    3.93420e+01    3.92556e+01    3.91829e+01    3.91150e+01    3.90563e+01    3.89946e+01    3.89427e+01    3.88895e+01    3.88335e+01    3.87803e+01    3.87420e+01    3.86806e+01    3.86494e+01    3.86120e+01    3.82185e+01    3.79725e+01    3.77518e+01    3.75644e+01    3.73364e+01    3.71887e+01    3.69448e+01    3.68475e+01    
1.04300e+03    3.93911e+01    3.94224e+01    3.94360e+01    3.94734e+01    3.95314e+01    3.94843e+01    3.93589e+01    3.92725e+01    3.91987e+01    3.91284e+01    3.90674e+01    3.90038e+01    3.89508e+01    3.88977e+01    3.88425e+01    3.87902e+01    3.87525e+01    3.86919e+01    3.86611e+01    3.86241e+01    3.82285e+01    3.79823e+01    3.77618e+01    3.75742e+01    3.73425e+01    3.71876e+01    3.69397e+01    3.68461e+01    
1.04320e+03    3.93555e+01    3.93845e+01    3.93933e+01    3.94290e+01    3.95012e+01    3.94628e+01    3.93421e+01    3.92506e+01    3.91739e+01    3.91052e+01    3.90476e+01    3.89866e+01    3.89353e+01    3.88824e+01    3.88264e+01    3.87732e+01    3.87350e+01    3.86737e+01    3.86425e+01    3.86053e+01    3.82166e+01    3.79630e+01    3.77327e+01    3.75387e+01    3.73097e+01    3.71676e+01    3.69334e+01    3.68436e+01    
1.04340e+03    3.93550e+01    3.93830e+01    3.93850e+01    3.94124e+01    3.94717e+01    3.94300e+01    3.93177e+01    3.92266e+01    3.91508e+01    3.90850e+01    3.90308e+01    3.89729e+01    3.89242e+01    3.88732e+01    3.88191e+01    3.87677e+01    3.87309e+01    3.86713e+01    3.86414e+01    3.86055e+01    3.82253e+01    3.79686e+01    3.77326e+01    3.75342e+01    3.73030e+01    3.71614e+01    3.69314e+01    3.68473e+01    
1.04360e+03    3.93760e+01    3.94058e+01    3.94155e+01    3.94506e+01    3.95157e+01    3.94747e+01    3.93467e+01    3.92620e+01    3.91908e+01    3.91240e+01    3.90663e+01    3.90057e+01    3.89553e+01    3.89042e+01    3.88509e+01    3.88004e+01    3.87642e+01    3.87054e+01    3.86761e+01    3.86405e+01    3.82600e+01    3.80233e+01    3.78090e+01    3.76258e+01    3.73978e+01    3.72454e+01    3.69970e+01    3.68976e+01    
1.04380e+03    3.93799e+01    3.94092e+01    3.94181e+01    3.94534e+01    3.95208e+01    3.94811e+01    3.93528e+01    3.92684e+01    3.91977e+01    3.91317e+01    3.90748e+01    3.90148e+01    3.89650e+01    3.89144e+01    3.88615e+01    3.88114e+01    3.87756e+01    3.87172e+01    3.86883e+01    3.86532e+01    3.82799e+01    3.80533e+01    3.78473e+01    3.76696e+01    3.74435e+01    3.72885e+01    3.70321e+01    3.69227e+01    
1.04400e+03    3.93784e+01    3.94080e+01    3.94209e+01    3.94585e+01    3.95215e+01    3.94824e+01    3.93569e+01    3.92692e+01    3.91957e+01    3.91283e+01    3.90710e+01    3.90106e+01    3.89601e+01    3.89085e+01    3.88545e+01    3.88032e+01    3.87665e+01    3.87071e+01    3.86774e+01    3.86416e+01    3.82641e+01    3.80301e+01    3.78174e+01    3.76353e+01    3.74075e+01    3.72542e+01    3.70026e+01    3.68993e+01    
1.04420e+03    3.93724e+01    3.94022e+01    3.94169e+01    3.94541e+01    3.95116e+01    3.94748e+01    3.93587e+01    3.92692e+01    3.91927e+01    3.91219e+01    3.90616e+01    3.89985e+01    3.89459e+01    3.88928e+01    3.88376e+01    3.87852e+01    3.87476e+01    3.86872e+01    3.86566e+01    3.86201e+01    3.82381e+01    3.80004e+01    3.77851e+01    3.76016e+01    3.73767e+01    3.72305e+01    3.69837e+01    3.68784e+01    
1.04440e+03    3.93819e+01    3.94130e+01    3.94304e+01    3.94639e+01    3.95033e+01    3.94620e+01    3.93475e+01    3.92508e+01    3.91698e+01    3.91002e+01    3.90436e+01    3.89835e+01    3.89330e+01    3.88807e+01    3.88252e+01    3.87725e+01    3.87347e+01    3.86737e+01    3.86428e+01    3.86056e+01    3.82117e+01    3.79591e+01    3.77315e+01    3.75396e+01    3.73123e+01    3.71710e+01    3.69374e+01    3.68476e+01    
1.04460e+03    3.93997e+01    3.94331e+01    3.94572e+01    3.94932e+01    3.95212e+01    3.94758e+01    3.93586e+01    3.92640e+01    3.91829e+01    3.91090e+01    3.90468e+01    3.89818e+01    3.89272e+01    3.88720e+01    3.88144e+01    3.87598e+01    3.87202e+01    3.86576e+01    3.86255e+01    3.85874e+01    3.81992e+01    3.79638e+01    3.77521e+01    3.75706e+01    3.73419e+01    3.71860e+01    3.69372e+01    3.68439e+01    
1.04480e+03    3.93985e+01    3.94323e+01    3.94564e+01    3.94934e+01    3.95232e+01    3.94744e+01    3.93550e+01    3.92591e+01    3.91767e+01    3.91011e+01    3.90372e+01    3.89706e+01    3.89145e+01    3.88578e+01    3.87987e+01    3.87427e+01    3.87021e+01    3.86384e+01    3.86056e+01    3.85672e+01    3.81909e+01    3.79654e+01    3.77607e+01    3.75851e+01    3.73683e+01    3.72297e+01    3.69901e+01    3.68861e+01    
1.04500e+03    3.93853e+01    3.94181e+01    3.94369e+01    3.94733e+01    3.95147e+01    3.94609e+01    3.93397e+01    3.92391e+01    3.91532e+01    3.90764e+01    3.90124e+01    3.89454e+01    3.88877e+01    3.88282e+01    3.87649e+01    3.87051e+01    3.86611e+01    3.85942e+01    3.85589e+01    3.85190e+01    3.81601e+01    3.79430e+01    3.77413e+01    3.75673e+01    3.73472e+01    3.72003e+01    3.69573e+01    3.68601e+01    
1.04520e+03    3.93817e+01    3.94144e+01    3.94333e+01    3.94686e+01    3.95126e+01    3.94676e+01    3.93462e+01    3.92494e+01    3.91664e+01    3.90903e+01    3.90265e+01    3.89603e+01    3.89051e+01    3.88503e+01    3.87937e+01    3.87403e+01    3.87018e+01    3.86404e+01    3.86092e+01    3.85723e+01    3.81988e+01    3.79783e+01    3.77780e+01    3.76056e+01    3.73922e+01    3.72564e+01    3.70163e+01    3.69068e+01    
1.04540e+03    3.93788e+01    3.94117e+01    3.94325e+01    3.94692e+01    3.95149e+01    3.94735e+01    3.93489e+01    3.92540e+01    3.91731e+01    3.90989e+01    3.90366e+01    3.89722e+01    3.89191e+01    3.88669e+01    3.88136e+01    3.87631e+01    3.87271e+01    3.86683e+01    3.86389e+01    3.86032e+01    3.82207e+01    3.79973e+01    3.77970e+01    3.76250e+01    3.74145e+01    3.72839e+01    3.70460e+01    3.69322e+01    
1.04560e+03    3.93755e+01    3.94086e+01    3.94292e+01    3.94665e+01    3.95080e+01    3.94634e+01    3.93459e+01    3.92520e+01    3.91711e+01    3.90959e+01    3.90322e+01    3.89663e+01    3.89115e+01    3.88575e+01    3.88019e+01    3.87493e+01    3.87115e+01    3.86507e+01    3.86198e+01    3.85828e+01    3.81939e+01    3.79672e+01    3.77650e+01    3.75908e+01    3.73723e+01    3.72286e+01    3.69859e+01    3.68840e+01    
1.04580e+03    3.93670e+01    3.94006e+01    3.94221e+01    3.94591e+01    3.94972e+01    3.94516e+01    3.93355e+01    3.92405e+01    3.91589e+01    3.90846e+01    3.90217e+01    3.89561e+01    3.89002e+01    3.88432e+01    3.87830e+01    3.87262e+01    3.86848e+01    3.86204e+01    3.85870e+01    3.85483e+01    3.81767e+01    3.79459e+01    3.77343e+01    3.75532e+01    3.73268e+01    3.71750e+01    3.69321e+01    3.68426e+01    
1.04600e+03    3.93576e+01    3.93912e+01    3.94124e+01    3.94503e+01    3.94920e+01    3.94485e+01    3.93324e+01    3.92392e+01    3.91596e+01    3.90868e+01    3.90251e+01    3.89603e+01    3.89050e+01    3.88481e+01    3.87877e+01    3.87306e+01    3.86889e+01    3.86241e+01    3.85903e+01    3.85512e+01    3.81726e+01    3.79381e+01    3.77247e+01    3.75437e+01    3.73268e+01    3.71934e+01    3.69600e+01    3.68597e+01    
1.04620e+03    3.93541e+01    3.93873e+01    3.94075e+01    3.94456e+01    3.94920e+01    3.94557e+01    3.93413e+01    3.92534e+01    3.91776e+01    3.91065e+01    3.90455e+01    3.89820e+01    3.89294e+01    3.88770e+01    3.88230e+01    3.87717e+01    3.87350e+01    3.86753e+01    3.86452e+01    3.86087e+01    3.82142e+01    3.79776e+01    3.77672e+01    3.75875e+01    3.73665e+01    3.72238e+01    3.69839e+01    3.68849e+01    
1.04640e+03    3.93590e+01    3.93923e+01    3.94139e+01    3.94503e+01    3.94912e+01    3.94599e+01    3.93463e+01    3.92598e+01    3.91850e+01    3.91141e+01    3.90531e+01    3.89897e+01    3.89375e+01    3.88860e+01    3.88332e+01    3.87832e+01    3.87476e+01    3.86892e+01    3.86601e+01    3.86248e+01    3.82442e+01    3.80157e+01    3.78097e+01    3.76324e+01    3.74078e+01    3.72556e+01    3.70073e+01    3.69076e+01    
1.04660e+03    3.93652e+01    3.93989e+01    3.94230e+01    3.94595e+01    3.94944e+01    3.94630e+01    3.93489e+01    3.92595e+01    3.91829e+01    3.91122e+01    3.90523e+01    3.89898e+01    3.89382e+01    3.88868e+01    3.88339e+01    3.87837e+01    3.87480e+01    3.86897e+01    3.86608e+01    3.86258e+01    3.82539e+01    3.80287e+01    3.78238e+01    3.76479e+01    3.74290e+01    3.72869e+01    3.70440e+01    3.69380e+01    
1.04680e+03    3.93675e+01    3.94014e+01    3.94269e+01    3.94643e+01    3.94947e+01    3.94620e+01    3.93494e+01    3.92595e+01    3.91830e+01    3.91132e+01    3.90545e+01    3.89930e+01    3.89422e+01    3.88913e+01    3.88387e+01    3.87887e+01    3.87532e+01    3.86949e+01    3.86659e+01    3.86307e+01    3.82503e+01    3.80247e+01    3.78218e+01    3.76477e+01    3.74341e+01    3.73000e+01    3.70605e+01    3.69487e+01    
1.04700e+03    3.93607e+01    3.93940e+01    3.94183e+01    3.94543e+01    3.94822e+01    3.94520e+01    3.93432e+01    3.92546e+01    3.91790e+01    3.91101e+01    3.90521e+01    3.89913e+01    3.89410e+01    3.88905e+01    3.88380e+01    3.87883e+01    3.87529e+01    3.86948e+01    3.86661e+01    3.86311e+01    3.82545e+01    3.80284e+01    3.78241e+01    3.76491e+01    3.74351e+01    3.73011e+01    3.70607e+01    3.69470e+01    
1.04720e+03    3.93401e+01    3.93725e+01    3.93969e+01    3.94337e+01    3.94636e+01    3.94346e+01    3.93231e+01    3.92335e+01    3.91585e+01    3.90925e+01    3.90379e+01    3.89799e+01    3.89318e+01    3.88824e+01    3.88306e+01    3.87814e+01    3.87466e+01    3.86891e+01    3.86608e+01    3.86263e+01    3.82548e+01    3.80284e+01    3.78225e+01    3.76457e+01    3.74260e+01    3.72830e+01    3.70382e+01    3.69306e+01    
1.04740e+03    3.93157e+01    3.93458e+01    3.93636e+01    3.93982e+01    3.94355e+01    3.94075e+01    3.93012e+01    3.92095e+01    3.91341e+01    3.90712e+01    3.90206e+01    3.89659e+01    3.89203e+01    3.88723e+01    3.88211e+01    3.87725e+01    3.87381e+01    3.86811e+01    3.86531e+01    3.86188e+01    3.82454e+01    3.80083e+01    3.77921e+01    3.76081e+01    3.73837e+01    3.72395e+01    3.69995e+01    3.69021e+01    
1.04760e+03    3.93104e+01    3.93411e+01    3.93642e+01    3.94021e+01    3.94360e+01    3.94079e+01    3.92983e+01    3.92065e+01    3.91306e+01    3.90659e+01    3.90134e+01    3.89571e+01    3.89102e+01    3.88613e+01    3.88095e+01    3.87604e+01    3.87257e+01    3.86684e+01    3.86402e+01    3.86060e+01    3.82416e+01    3.80072e+01    3.77916e+01    3.76093e+01    3.73949e+01    3.72678e+01    3.70367e+01    3.69296e+01    
1.04780e+03    3.93018e+01    3.93333e+01    3.93623e+01    3.94053e+01    3.94265e+01    3.93912e+01    3.92895e+01    3.91949e+01    3.91150e+01    3.90462e+01    3.89904e+01    3.89314e+01    3.88824e+01    3.88322e+01    3.87797e+01    3.87299e+01    3.86948e+01    3.86371e+01    3.86086e+01    3.85744e+01    3.82178e+01    3.79866e+01    3.77721e+01    3.75903e+01    3.73739e+01    3.72426e+01    3.70084e+01    3.69026e+01    
1.04800e+03    3.91982e+01    3.92213e+01    3.92362e+01    3.92643e+01    3.93165e+01    3.93214e+01    3.92218e+01    3.91229e+01    3.90431e+01    3.89816e+01    3.89352e+01    3.88842e+01    3.88417e+01    3.87962e+01    3.87474e+01    3.87009e+01    3.86688e+01    3.86135e+01    3.85868e+01    3.85538e+01    3.81854e+01    3.79342e+01    3.77022e+01    3.75076e+01    3.72836e+01    3.71516e+01    3.69255e+01    3.68357e+01    
1.04820e+03    3.92356e+01    3.92635e+01    3.92916e+01    3.93375e+01    3.93661e+01    3.93377e+01    3.92395e+01    3.91444e+01    3.90662e+01    3.90027e+01    3.89532e+01    3.88996e+01    3.88553e+01    3.88089e+01    3.87598e+01    3.87129e+01    3.86804e+01    3.86246e+01    3.85974e+01    3.85637e+01    3.81817e+01    3.79223e+01    3.76848e+01    3.74859e+01    3.72572e+01    3.71214e+01    3.69001e+01    3.68230e+01    
1.04840e+03    3.92704e+01    3.93029e+01    3.93400e+01    3.93961e+01    3.94160e+01    3.93723e+01    3.92803e+01    3.91803e+01    3.90981e+01    3.90336e+01    3.89842e+01    3.89301e+01    3.88840e+01    3.88341e+01    3.87798e+01    3.87284e+01    3.86918e+01    3.86322e+01    3.86024e+01    3.85667e+01    3.81935e+01    3.79464e+01    3.77193e+01    3.75281e+01    3.73042e+01    3.71687e+01    3.69408e+01    3.68521e+01    
1.04860e+03    3.92548e+01    3.92862e+01    3.93157e+01    3.93668e+01    3.93925e+01    3.93544e+01    3.92715e+01    3.91632e+01    3.90769e+01    3.90180e+01    3.89774e+01    3.89304e+01    3.88895e+01    3.88424e+01    3.87896e+01    3.87394e+01    3.87039e+01    3.86456e+01    3.86166e+01    3.85818e+01    3.82126e+01    3.79562e+01    3.77179e+01    3.75190e+01    3.72967e+01    3.71727e+01    3.69527e+01    3.68614e+01    
1.04880e+03    3.92411e+01    3.92718e+01    3.92981e+01    3.93507e+01    3.93804e+01    3.93392e+01    3.92674e+01    3.91509e+01    3.90579e+01    3.89986e+01    3.89609e+01    3.89161e+01    3.88768e+01    3.88306e+01    3.87783e+01    3.87287e+01    3.86937e+01    3.86358e+01    3.86073e+01    3.85729e+01    3.82084e+01    3.79430e+01    3.76935e+01    3.74881e+01    3.72798e+01    3.71870e+01    3.69868e+01    3.68890e+01    
1.04900e+03    3.92022e+01    3.92279e+01    3.92363e+01    3.92840e+01    3.93458e+01    3.93009e+01    3.92346e+01    3.90999e+01    3.89929e+01    3.89341e+01    3.89041e+01    3.88656e+01    3.88314e+01    3.87891e+01    3.87404e+01    3.86938e+01    3.86617e+01    3.86062e+01    3.85794e+01    3.85463e+01    3.81741e+01    3.78907e+01    3.76213e+01    3.73970e+01    3.71599e+01    3.70382e+01    3.68444e+01    3.67911e+01    
1.04920e+03    3.91135e+01    3.91259e+01    3.90824e+01    3.91171e+01    3.92782e+01    3.92298e+01    3.91535e+01    3.89984e+01    3.88788e+01    3.88289e+01    3.88162e+01    3.87910e+01    3.87685e+01    3.87364e+01    3.86977e+01    3.86598e+01    3.86351e+01    3.85861e+01    3.85637e+01    3.85335e+01    3.81317e+01    3.77908e+01    3.74512e+01    3.71614e+01    3.69341e+01    3.69029e+01    3.67837e+01    3.67513e+01    
1.04940e+03    3.91163e+01    3.91317e+01    3.91060e+01    3.91570e+01    3.92974e+01    3.92414e+01    3.91743e+01    3.90153e+01    3.88896e+01    3.88343e+01    3.88182e+01    3.87901e+01    3.87642e+01    3.87281e+01    3.86845e+01    3.86424e+01    3.86142e+01    3.85617e+01    3.85368e+01    3.85044e+01    3.80968e+01    3.77595e+01    3.74279e+01    3.71498e+01    3.69441e+01    3.69275e+01    3.68053e+01    3.67585e+01    
1.04960e+03    3.91587e+01    3.91801e+01    3.91777e+01    3.92188e+01    3.93000e+01    3.92714e+01    3.92236e+01    3.91004e+01    3.89941e+01    3.89171e+01    3.88650e+01    3.88093e+01    3.87636e+01    3.87167e+01    3.86677e+01    3.86209e+01    3.85888e+01    3.85329e+01    3.85057e+01    3.84722e+01    3.80938e+01    3.77824e+01    3.74773e+01    3.72247e+01    3.70113e+01    3.69585e+01    3.68049e+01    3.67435e+01    
1.04980e+03    3.90968e+01    3.91131e+01    3.90952e+01    3.91276e+01    3.92277e+01    3.91774e+01    3.91039e+01    3.89365e+01    3.88056e+01    3.87548e+01    3.87458e+01    3.87223e+01    3.86989e+01    3.86626e+01    3.86175e+01    3.85738e+01    3.85447e+01    3.84906e+01    3.84646e+01    3.84311e+01    3.80134e+01    3.76551e+01    3.72915e+01    3.69736e+01    3.67424e+01    3.67367e+01    3.66424e+01    3.66295e+01    
1.05000e+03    3.91454e+01    3.91686e+01    3.91740e+01    3.92251e+01    3.93019e+01    3.92457e+01    3.91796e+01    3.90240e+01    3.88989e+01    3.88383e+01    3.88152e+01    3.87813e+01    3.87496e+01    3.87073e+01    3.86566e+01    3.86080e+01    3.85744e+01    3.85160e+01    3.84868e+01    3.84502e+01    3.80146e+01    3.76734e+01    3.73466e+01    3.70684e+01    3.68178e+01    3.67385e+01    3.66058e+01    3.65999e+01    
1.05020e+03    3.92462e+01    3.92788e+01    3.93082e+01    3.93589e+01    3.93766e+01    3.93204e+01    3.92507e+01    3.91226e+01    3.90175e+01    3.89501e+01    3.89084e+01    3.88601e+01    3.88174e+01    3.87676e+01    3.87113e+01    3.86578e+01    3.86195e+01    3.85573e+01    3.85254e+01    3.84871e+01    3.80789e+01    3.77908e+01    3.75264e+01    3.73063e+01    3.70684e+01    3.69392e+01    3.67321e+01    3.66733e+01    
1.05040e+03    3.92662e+01    3.93007e+01    3.93369e+01    3.93903e+01    3.94002e+01    3.93449e+01    3.92684e+01    3.91499e+01    3.90517e+01    3.89828e+01    3.89354e+01    3.88826e+01    3.88365e+01    3.87847e+01    3.87272e+01    3.86726e+01    3.86335e+01    3.85707e+01    3.85385e+01    3.85005e+01    3.81127e+01    3.78439e+01    3.75959e+01    3.73886e+01    3.71538e+01    3.70153e+01    3.67922e+01    3.67192e+01    
1.05060e+03    3.92532e+01    3.92866e+01    3.93192e+01    3.93673e+01    3.93655e+01    3.93066e+01    3.92348e+01    3.91111e+01    3.90101e+01    3.89441e+01    3.89019e+01    3.88531e+01    3.88099e+01    3.87595e+01    3.87026e+01    3.86487e+01    3.86102e+01    3.85483e+01    3.85167e+01    3.84797e+01    3.81097e+01    3.78468e+01    3.76003e+01    3.73939e+01    3.71573e+01    3.70143e+01    3.67911e+01    3.67238e+01    
1.05080e+03    3.91679e+01    3.91921e+01    3.91950e+01    3.92288e+01    3.92750e+01    3.92217e+01    3.91527e+01    3.90042e+01    3.88865e+01    3.88285e+01    3.88043e+01    3.87694e+01    3.87367e+01    3.86928e+01    3.86403e+01    3.85904e+01    3.85559e+01    3.84973e+01    3.84682e+01    3.84333e+01    3.80593e+01    3.77472e+01    3.74381e+01    3.71795e+01    3.69464e+01    3.68712e+01    3.67208e+01    3.66853e+01    
1.05100e+03    3.91654e+01    3.91893e+01    3.91927e+01    3.92299e+01    3.92768e+01    3.92196e+01    3.91459e+01    3.89969e+01    3.88807e+01    3.88267e+01    3.88070e+01    3.87763e+01    3.87482e+01    3.87102e+01    3.86650e+01    3.86215e+01    3.85922e+01    3.85389e+01    3.85136e+01    3.84813e+01    3.80952e+01    3.77810e+01    3.74753e+01    3.72199e+01    3.69868e+01    3.69084e+01    3.67602e+01    3.67285e+01    
1.05120e+03    3.92338e+01    3.92641e+01    3.92880e+01    3.93233e+01    3.93238e+01    3.92850e+01    3.92094e+01    3.90834e+01    3.89823e+01    3.89202e+01    3.88838e+01    3.88406e+01    3.88040e+01    3.87618e+01    3.87148e+01    3.86699e+01    3.86394e+01    3.85856e+01    3.85600e+01    3.85282e+01    3.81698e+01    3.79173e+01    3.76815e+01    3.74851e+01    3.72680e+01    3.71506e+01    3.69364e+01    3.68468e+01    
1.05140e+03    3.92447e+01    3.92728e+01    3.92838e+01    3.93168e+01    3.93522e+01    3.93114e+01    3.92247e+01    3.91040e+01    3.90075e+01    3.89456e+01    3.89071e+01    3.88623e+01    3.88246e+01    3.87818e+01    3.87346e+01    3.86896e+01    3.86588e+01    3.86050e+01    3.85794e+01    3.85477e+01    3.81926e+01    3.79284e+01    3.76781e+01    3.74707e+01    3.72511e+01    3.71412e+01    3.69327e+01    3.68428e+01    
1.05160e+03    3.92975e+01    3.93302e+01    3.93553e+01    3.93924e+01    3.94064e+01    3.93652e+01    3.92639e+01    3.91657e+01    3.90831e+01    3.90134e+01    3.89580e+01    3.88996e+01    3.88513e+01    3.88023e+01    3.87512e+01    3.87029e+01    3.86692e+01    3.86128e+01    3.85854e+01    3.85524e+01    3.82068e+01    3.79756e+01    3.77589e+01    3.75764e+01    3.73666e+01    3.72481e+01    3.70184e+01    3.69029e+01    
1.05180e+03    3.93153e+01    3.93488e+01    3.93742e+01    3.94094e+01    3.94264e+01    3.93853e+01    3.92741e+01    3.91792e+01    3.90990e+01    3.90284e+01    3.89704e+01    3.89095e+01    3.88587e+01    3.88072e+01    3.87534e+01    3.87025e+01    3.86666e+01    3.86078e+01    3.85786e+01    3.85440e+01    3.81913e+01    3.79571e+01    3.77388e+01    3.75553e+01    3.73465e+01    3.72306e+01    3.70015e+01    3.68841e+01    
1.05200e+03    3.93116e+01    3.93444e+01    3.93669e+01    3.94015e+01    3.94293e+01    3.93902e+01    3.92752e+01    3.91825e+01    3.91034e+01    3.90316e+01    3.89714e+01    3.89087e+01    3.88565e+01    3.88040e+01    3.87498e+01    3.86985e+01    3.86622e+01    3.86030e+01    3.85736e+01    3.85388e+01    3.81873e+01    3.79586e+01    3.77453e+01    3.75645e+01    3.73506e+01    3.72225e+01    3.69851e+01    3.68704e+01    
1.05220e+03    3.93113e+01    3.93446e+01    3.93698e+01    3.94029e+01    3.94192e+01    3.93798e+01    3.92675e+01    3.91703e+01    3.90878e+01    3.90152e+01    3.89558e+01    3.88936e+01    3.88417e+01    3.87892e+01    3.87347e+01    3.86831e+01    3.86466e+01    3.85872e+01    3.85576e+01    3.85226e+01    3.81715e+01    3.79435e+01    3.77306e+01    3.75496e+01    3.73316e+01    3.71958e+01    3.69537e+01    3.68424e+01    
1.05240e+03    3.93122e+01    3.93456e+01    3.93699e+01    3.94035e+01    3.94196e+01    3.93736e+01    3.92645e+01    3.91645e+01    3.90783e+01    3.90012e+01    3.89375e+01    3.88714e+01    3.88159e+01    3.87604e+01    3.87028e+01    3.86485e+01    3.86098e+01    3.85482e+01    3.85170e+01    3.84810e+01    3.81409e+01    3.79142e+01    3.76999e+01    3.75194e+01    3.73132e+01    3.71985e+01    3.69683e+01    3.68487e+01    
1.05260e+03    3.93229e+01    3.93573e+01    3.93850e+01    3.94206e+01    3.94356e+01    3.93874e+01    3.92760e+01    3.91772e+01    3.90901e+01    3.90085e+01    3.89390e+01    3.88676e+01    3.88074e+01    3.87481e+01    3.86872e+01    3.86299e+01    3.85886e+01    3.85242e+01    3.84910e+01    3.84535e+01    3.81192e+01    3.78988e+01    3.76889e+01    3.75105e+01    3.72978e+01    3.71692e+01    3.69310e+01    3.68174e+01    
1.05280e+03    3.93135e+01    3.93480e+01    3.93790e+01    3.94185e+01    3.94330e+01    3.93851e+01    3.92740e+01    3.91768e+01    3.90916e+01    3.90121e+01    3.89446e+01    3.88750e+01    3.88164e+01    3.87583e+01    3.86984e+01    3.86419e+01    3.86013e+01    3.85372e+01    3.85042e+01    3.84662e+01    3.81092e+01    3.78833e+01    3.76733e+01    3.74946e+01    3.72794e+01    3.71463e+01    3.69037e+01    3.67897e+01    
1.05300e+03    3.92895e+01    3.93219e+01    3.93507e+01    3.93912e+01    3.94035e+01    3.93523e+01    3.92514e+01    3.91497e+01    3.90611e+01    3.89823e+01    3.89173e+01    3.88499e+01    3.87929e+01    3.87353e+01    3.86753e+01    3.86188e+01    3.85782e+01    3.85143e+01    3.84814e+01    3.84441e+01    3.81019e+01    3.78618e+01    3.76335e+01    3.74423e+01    3.72246e+01    3.71003e+01    3.68731e+01    3.67738e+01    
1.05320e+03    3.92861e+01    3.93158e+01    3.93334e+01    3.93653e+01    3.93784e+01    3.93235e+01    3.92315e+01    3.91209e+01    3.90258e+01    3.89478e+01    3.88873e+01    3.88239e+01    3.87700e+01    3.87143e+01    3.86555e+01    3.86000e+01    3.85605e+01    3.84977e+01    3.84655e+01    3.84289e+01    3.80886e+01    3.78486e+01    3.76198e+01    3.74266e+01    3.71951e+01    3.70463e+01    3.68110e+01    3.67329e+01    
1.05340e+03    3.93280e+01    3.93603e+01    3.93876e+01    3.94253e+01    3.94459e+01    3.94028e+01    3.92909e+01    3.91985e+01    3.91159e+01    3.90348e+01    3.89641e+01    3.88920e+01    3.88322e+01    3.87750e+01    3.87178e+01    3.86638e+01    3.86254e+01    3.85641e+01    3.85331e+01    3.84974e+01    3.81587e+01    3.79323e+01    3.77177e+01    3.75357e+01    3.73181e+01    3.71843e+01    3.69445e+01    3.68347e+01    
1.05360e+03    3.93235e+01    3.93560e+01    3.93877e+01    3.94280e+01    3.94497e+01    3.94160e+01    3.93022e+01    3.92131e+01    3.91335e+01    3.90542e+01    3.89849e+01    3.89149e+01    3.88587e+01    3.88071e+01    3.87572e+01    3.87099e+01    3.86770e+01    3.86213e+01    3.85944e+01    3.85617e+01    3.82110e+01    3.79800e+01    3.77646e+01    3.75818e+01    3.73631e+01    3.72280e+01    3.69855e+01    3.68718e+01    
1.05380e+03    3.92743e+01    3.93018e+01    3.93182e+01    3.93513e+01    3.93896e+01    3.93604e+01    3.92606e+01    3.91658e+01    3.90827e+01    3.90063e+01    3.89427e+01    3.88779e+01    3.88259e+01    3.87772e+01    3.87292e+01    3.86835e+01    3.86522e+01    3.85979e+01    3.85719e+01    3.85398e+01    3.81850e+01    3.79369e+01    3.77047e+01    3.75103e+01    3.72889e+01    3.71615e+01    3.69336e+01    3.68347e+01    
1.05400e+03    3.92754e+01    3.93032e+01    3.93177e+01    3.93481e+01    3.93857e+01    3.93487e+01    3.92388e+01    3.91470e+01    3.90660e+01    3.89884e+01    3.89215e+01    3.88528e+01    3.87960e+01    3.87410e+01    3.86854e+01    3.86330e+01    3.85961e+01    3.85362e+01    3.85063e+01    3.84718e+01    3.81397e+01    3.79054e+01    3.76812e+01    3.74921e+01    3.72682e+01    3.71301e+01    3.68954e+01    3.68009e+01    
1.05420e+03    3.92851e+01    3.93142e+01    3.93306e+01    3.93607e+01    3.93936e+01    3.93567e+01    3.92446e+01    3.91554e+01    3.90766e+01    3.90000e+01    3.89327e+01    3.88635e+01    3.88052e+01    3.87473e+01    3.86878e+01    3.86317e+01    3.85916e+01    3.85285e+01    3.84963e+01    3.84600e+01    3.81342e+01    3.79099e+01    3.76942e+01    3.75116e+01    3.72955e+01    3.71649e+01    3.69289e+01    3.68216e+01    
1.05440e+03    3.92853e+01    3.93142e+01    3.93301e+01    3.93601e+01    3.94003e+01    3.93661e+01    3.92492e+01    3.91615e+01    3.90836e+01    3.90056e+01    3.89365e+01    3.88657e+01    3.88065e+01    3.87491e+01    3.86908e+01    3.86360e+01    3.85969e+01    3.85349e+01    3.85035e+01    3.84677e+01    3.81388e+01    3.79153e+01    3.77013e+01    3.75201e+01    3.73059e+01    3.71776e+01    3.69435e+01    3.68360e+01    
1.05460e+03    3.92967e+01    3.93261e+01    3.93454e+01    3.93781e+01    3.94101e+01    3.93718e+01    3.92595e+01    3.91730e+01    3.90940e+01    3.90118e+01    3.89374e+01    3.88618e+01    3.87986e+01    3.87385e+01    3.86784e+01    3.86219e+01    3.85814e+01    3.85182e+01    3.84858e+01    3.84497e+01    3.81323e+01    3.79111e+01    3.76966e+01    3.75150e+01    3.73000e+01    3.71706e+01    3.69353e+01    3.68274e+01    
1.05480e+03    3.93041e+01    3.93334e+01    3.93545e+01    3.93892e+01    3.94180e+01    3.93769e+01    3.92652e+01    3.91767e+01    3.90959e+01    3.90126e+01    3.89379e+01    3.88624e+01    3.88003e+01    3.87425e+01    3.86859e+01    3.86326e+01    3.85950e+01    3.85346e+01    3.85043e+01    3.84697e+01    3.81475e+01    3.79210e+01    3.77027e+01    3.75188e+01    3.73051e+01    3.71807e+01    3.69499e+01    3.68424e+01    
1.05500e+03    3.93021e+01    3.93313e+01    3.93497e+01    3.93817e+01    3.94085e+01    3.93576e+01    3.92377e+01    3.91394e+01    3.90540e+01    3.89747e+01    3.89074e+01    3.88382e+01    3.87799e+01    3.87220e+01    3.86625e+01    3.86066e+01    3.85667e+01    3.85041e+01    3.84723e+01    3.84368e+01    3.81277e+01    3.79024e+01    3.76818e+01    3.74954e+01    3.72745e+01    3.71390e+01    3.69031e+01    3.68033e+01    
1.05520e+03    3.93103e+01    3.93403e+01    3.93580e+01    3.93933e+01    3.94305e+01    3.93784e+01    3.92638e+01    3.91687e+01    3.90825e+01    3.89963e+01    3.89202e+01    3.88433e+01    3.87792e+01    3.87191e+01    3.86598e+01    3.86040e+01    3.85643e+01    3.85016e+01    3.84698e+01    3.84341e+01    3.81198e+01    3.79022e+01    3.76909e+01    3.75109e+01    3.72920e+01    3.71536e+01    3.69154e+01    3.68155e+01    
1.05540e+03    3.93305e+01    3.93629e+01    3.93854e+01    3.94215e+01    3.94481e+01    3.93936e+01    3.92778e+01    3.91829e+01    3.90964e+01    3.90087e+01    3.89310e+01    3.88527e+01    3.87880e+01    3.87283e+01    3.86702e+01    3.86155e+01    3.85766e+01    3.85148e+01    3.84835e+01    3.84479e+01    3.81227e+01    3.79016e+01    3.76894e+01    3.75093e+01    3.72950e+01    3.71653e+01    3.69316e+01    3.68270e+01    
1.05560e+03    3.93253e+01    3.93571e+01    3.93786e+01    3.94143e+01    3.94450e+01    3.93922e+01    3.92731e+01    3.91795e+01    3.90947e+01    3.90087e+01    3.89322e+01    3.88549e+01    3.87904e+01    3.87298e+01    3.86700e+01    3.86138e+01    3.85736e+01    3.85106e+01    3.84786e+01    3.84427e+01    3.81300e+01    3.79123e+01    3.77003e+01    3.75199e+01    3.73009e+01    3.71628e+01    3.69253e+01    3.68257e+01    
1.05580e+03    3.93056e+01    3.93362e+01    3.93556e+01    3.93923e+01    3.94266e+01    3.93649e+01    3.92365e+01    3.91409e+01    3.90569e+01    3.89752e+01    3.89034e+01    3.88295e+01    3.87659e+01    3.87019e+01    3.86353e+01    3.85726e+01    3.85267e+01    3.84577e+01    3.84212e+01    3.83820e+01    3.80809e+01    3.78638e+01    3.76489e+01    3.74658e+01    3.72391e+01    3.70887e+01    3.68475e+01    3.67614e+01    
1.05600e+03    3.93000e+01    3.93310e+01    3.93553e+01    3.93954e+01    3.94187e+01    3.93526e+01    3.92227e+01    3.91283e+01    3.90461e+01    3.89665e+01    3.88967e+01    3.88246e+01    3.87623e+01    3.86991e+01    3.86328e+01    3.85705e+01    3.85249e+01    3.84562e+01    3.84199e+01    3.83808e+01    3.80773e+01    3.78634e+01    3.76523e+01    3.74716e+01    3.72451e+01    3.70923e+01    3.68479e+01    3.67603e+01    
1.05620e+03    3.92822e+01    3.93119e+01    3.93386e+01    3.93800e+01    3.94007e+01    3.93471e+01    3.92401e+01    3.91335e+01    3.90411e+01    3.89601e+01    3.88945e+01    3.88268e+01    3.87701e+01    3.87138e+01    3.86558e+01    3.86012e+01    3.85624e+01    3.85001e+01    3.84684e+01    3.84317e+01    3.80833e+01    3.78572e+01    3.76453e+01    3.74649e+01    3.72449e+01    3.71046e+01    3.68689e+01    3.67772e+01    
1.05640e+03    3.92891e+01    3.93164e+01    3.93320e+01    3.93657e+01    3.93999e+01    3.93489e+01    3.92364e+01    3.91306e+01    3.90404e+01    3.89631e+01    3.89019e+01    3.88388e+01    3.87877e+01    3.87384e+01    3.86886e+01    3.86412e+01    3.86085e+01    3.85520e+01    3.85242e+01    3.84897e+01    3.80980e+01    3.78507e+01    3.76295e+01    3.74431e+01    3.72236e+01    3.70906e+01    3.68629e+01    3.67740e+01    
1.05660e+03    3.93239e+01    3.93546e+01    3.93781e+01    3.94173e+01    3.94530e+01    3.94012e+01    3.92826e+01    3.91862e+01    3.91000e+01    3.90154e+01    3.89413e+01    3.88658e+01    3.88023e+01    3.87414e+01    3.86798e+01    3.86217e+01    3.85795e+01    3.85136e+01    3.84789e+01    3.84391e+01    3.80611e+01    3.78241e+01    3.76080e+01    3.74251e+01    3.72069e+01    3.70726e+01    3.68405e+01    3.67476e+01    
1.05680e+03    3.93305e+01    3.93618e+01    3.93854e+01    3.94241e+01    3.94575e+01    3.94046e+01    3.92886e+01    3.91936e+01    3.91086e+01    3.90248e+01    3.89510e+01    3.88753e+01    3.88110e+01    3.87482e+01    3.86836e+01    3.86224e+01    3.85774e+01    3.85079e+01    3.84705e+01    3.84274e+01    3.80113e+01    3.77625e+01    3.75438e+01    3.73574e+01    3.71221e+01    3.69573e+01    3.67116e+01    3.66443e+01    
1.05700e+03    3.93103e+01    3.93419e+01    3.93704e+01    3.94141e+01    3.94451e+01    3.93920e+01    3.92733e+01    3.91823e+01    3.91005e+01    3.90182e+01    3.89445e+01    3.88689e+01    3.88045e+01    3.87415e+01    3.86767e+01    3.86152e+01    3.85701e+01    3.85005e+01    3.84631e+01    3.84203e+01    3.80172e+01    3.77678e+01    3.75445e+01    3.73543e+01    3.71133e+01    3.69411e+01    3.66916e+01    3.66299e+01    
1.05720e+03    3.93075e+01    3.93379e+01    3.93589e+01    3.93961e+01    3.94304e+01    3.93768e+01    3.92601e+01    3.91584e+01    3.90711e+01    3.89934e+01    3.89288e+01    3.88613e+01    3.88035e+01    3.87441e+01    3.86812e+01    3.86216e+01    3.85781e+01    3.85104e+01    3.84744e+01    3.84329e+01    3.80338e+01    3.77821e+01    3.75560e+01    3.73659e+01    3.71415e+01    3.70032e+01    3.67751e+01    3.66957e+01    
1.05740e+03    3.93302e+01    3.93621e+01    3.93847e+01    3.94195e+01    3.94469e+01    3.93999e+01    3.92909e+01    3.91936e+01    3.91073e+01    3.90256e+01    3.89550e+01    3.88821e+01    3.88197e+01    3.87574e+01    3.86923e+01    3.86307e+01    3.85854e+01    3.85160e+01    3.84788e+01    3.84365e+01    3.80481e+01    3.78092e+01    3.75933e+01    3.74102e+01    3.71886e+01    3.70481e+01    3.68156e+01    3.67311e+01    
1.05760e+03    3.93409e+01    3.93729e+01    3.93969e+01    3.94339e+01    3.94638e+01    3.94192e+01    3.93100e+01    3.92167e+01    3.91331e+01    3.90510e+01    3.89789e+01    3.89049e+01    3.88423e+01    3.87812e+01    3.87186e+01    3.86594e+01    3.86161e+01    3.85492e+01    3.85138e+01    3.84733e+01    3.80926e+01    3.78615e+01    3.76515e+01    3.74714e+01    3.72437e+01    3.70878e+01    3.68425e+01    3.67579e+01    
1.05780e+03    3.93369e+01    3.93681e+01    3.93901e+01    3.94290e+01    3.94641e+01    3.94139e+01    3.92998e+01    3.92027e+01    3.91182e+01    3.90397e+01    3.89726e+01    3.89031e+01    3.88435e+01    3.87830e+01    3.87194e+01    3.86595e+01    3.86156e+01    3.85484e+01    3.85130e+01    3.84732e+01    3.81201e+01    3.78961e+01    3.76864e+01    3.75074e+01    3.72884e+01    3.71484e+01    3.69061e+01    3.68020e+01    
1.05800e+03    3.93329e+01    3.93637e+01    3.93867e+01    3.94244e+01    3.94532e+01    3.94054e+01    3.92862e+01    3.91914e+01    3.91104e+01    3.90367e+01    3.89745e+01    3.89094e+01    3.88544e+01    3.87983e+01    3.87395e+01    3.86839e+01    3.86438e+01    3.85806e+01    3.85482e+01    3.85106e+01    3.81501e+01    3.79233e+01    3.77136e+01    3.75358e+01    3.73267e+01    3.72043e+01    3.69705e+01    3.68546e+01    
1.05820e+03    3.93338e+01    3.93640e+01    3.93862e+01    3.94243e+01    3.94551e+01    3.94120e+01    3.92961e+01    3.92131e+01    3.91383e+01    3.90610e+01    3.89913e+01    3.89203e+01    3.88618e+01    3.88063e+01    3.87509e+01    3.86985e+01    3.86612e+01    3.86010e+01    3.85707e+01    3.85349e+01    3.81743e+01    3.79530e+01    3.77489e+01    3.75739e+01    3.73580e+01    3.72199e+01    3.69741e+01    3.68593e+01    
1.05840e+03    3.93327e+01    3.93623e+01    3.93827e+01    3.94172e+01    3.94476e+01    3.94046e+01    3.92841e+01    3.91964e+01    3.91195e+01    3.90437e+01    3.89771e+01    3.89087e+01    3.88518e+01    3.87965e+01    3.87403e+01    3.86872e+01    3.86494e+01    3.85887e+01    3.85582e+01    3.85225e+01    3.81724e+01    3.79472e+01    3.77366e+01    3.75569e+01    3.73372e+01    3.71969e+01    3.69516e+01    3.68415e+01    
1.05860e+03    3.93297e+01    3.93590e+01    3.93784e+01    3.94131e+01    3.94452e+01    3.94031e+01    3.92824e+01    3.91972e+01    3.91221e+01    3.90477e+01    3.89819e+01    3.89146e+01    3.88593e+01    3.88062e+01    3.87527e+01    3.87022e+01    3.86666e+01    3.86081e+01    3.85791e+01    3.85446e+01    3.81900e+01    3.79601e+01    3.77461e+01    3.75640e+01    3.73426e+01    3.72016e+01    3.69547e+01    3.68428e+01    
1.05880e+03    3.93353e+01    3.93653e+01    3.93854e+01    3.94200e+01    3.94489e+01    3.94054e+01    3.92844e+01    3.91994e+01    3.91247e+01    3.90508e+01    3.89856e+01    3.89189e+01    3.88642e+01    3.88118e+01    3.87591e+01    3.87092e+01    3.86741e+01    3.86162e+01    3.85877e+01    3.85536e+01    3.81995e+01    3.79710e+01    3.77586e+01    3.75782e+01    3.73629e+01    3.72318e+01    3.69895e+01    3.68705e+01    
1.05900e+03    3.93368e+01    3.93673e+01    3.93870e+01    3.94198e+01    3.94456e+01    3.94000e+01    3.92801e+01    3.91903e+01    3.91123e+01    3.90376e+01    3.89730e+01    3.89063e+01    3.88508e+01    3.87961e+01    3.87400e+01    3.86872e+01    3.86496e+01    3.85893e+01    3.85592e+01    3.85241e+01    3.81859e+01    3.79632e+01    3.77523e+01    3.75722e+01    3.73515e+01    3.72097e+01    3.69611e+01    3.68473e+01    
1.05920e+03    3.93389e+01    3.93700e+01    3.93916e+01    3.94275e+01    3.94556e+01    3.94121e+01    3.93017e+01    3.92115e+01    3.91303e+01    3.90497e+01    3.89792e+01    3.89080e+01    3.88505e+01    3.87974e+01    3.87458e+01    3.86970e+01    3.86629e+01    3.86062e+01    3.85785e+01    3.85453e+01    3.82008e+01    3.79728e+01    3.77587e+01    3.75767e+01    3.73574e+01    3.72204e+01    3.69736e+01    3.68558e+01    
1.05940e+03    3.93406e+01    3.93721e+01    3.93935e+01    3.94282e+01    3.94543e+01    3.94098e+01    3.93010e+01    3.92113e+01    3.91296e+01    3.90468e+01    3.89734e+01    3.88992e+01    3.88387e+01    3.87826e+01    3.87278e+01    3.86763e+01    3.86399e+01    3.85807e+01    3.85514e+01    3.85170e+01    3.81803e+01    3.79549e+01    3.77415e+01    3.75608e+01    3.73491e+01    3.72247e+01    3.69856e+01    3.68627e+01    
1.05960e+03    3.93481e+01    3.93794e+01    3.93991e+01    3.94323e+01    3.94617e+01    3.94168e+01    3.93022e+01    3.92120e+01    3.91306e+01    3.90488e+01    3.89769e+01    3.89045e+01    3.88463e+01    3.87934e+01    3.87426e+01    3.86945e+01    3.86611e+01    3.86050e+01    3.85777e+01    3.85450e+01    3.82016e+01    3.79639e+01    3.77397e+01    3.75519e+01    3.73406e+01    3.72241e+01    3.69901e+01    3.68651e+01    
1.05980e+03    3.93438e+01    3.93742e+01    3.93933e+01    3.94288e+01    3.94629e+01    3.94174e+01    3.93016e+01    3.92100e+01    3.91293e+01    3.90515e+01    3.89845e+01    3.89161e+01    3.88604e+01    3.88075e+01    3.87549e+01    3.87053e+01    3.86705e+01    3.86133e+01    3.85853e+01    3.85525e+01    3.82228e+01    3.79791e+01    3.77445e+01    3.75486e+01    3.73307e+01    3.72109e+01    3.69766e+01    3.68555e+01    
1.06000e+03    3.93340e+01    3.93633e+01    3.93814e+01    3.94183e+01    3.94585e+01    3.94113e+01    3.92960e+01    3.92019e+01    3.91201e+01    3.90436e+01    3.89783e+01    3.89104e+01    3.88532e+01    3.87958e+01    3.87362e+01    3.86798e+01    3.86390e+01    3.85748e+01    3.85415e+01    3.85028e+01    3.81271e+01    3.78961e+01    3.76857e+01    3.75072e+01    3.72953e+01    3.71680e+01    3.69298e+01    3.68143e+01    
