                                             LOG (LUMINOSITY)
               |-------------------------------------------------------------------------------------------------------------------------------------------------------------------------------------------------------------------------------------------------------------------------------------------------------------------------------------------------------------------------------------------------------------------------------|
WAVELENGTH [A]    1 Myr          2 Myr          3 Myr          4 Myr          5 Myr          6 Myr          7 Myr          8 Myr          9 Myr          10 Myr         11 Myr         12 Myr         13 Myr        14 Myr         15 Myr         16 Myr          17 Myr        18 Myr         19 Myr         20 Myr          30Myr          40Myr          50Myr           60Myr         70Myr           80Myr         90Myr           100Myr
1.01600e+03    3.93449e+01    3.96393e+01    3.98254e+01    3.99622e+01    4.00778e+01    4.01696e+01    4.02320e+01    4.02752e+01    4.03077e+01    4.03333e+01    4.03540e+01    4.03708e+01    4.03852e+01    4.03973e+01    4.04079e+01    4.04170e+01    4.04252e+01    4.04325e+01    4.04389e+01    4.04449e+01    4.04816e+01    4.04992e+01    4.05093e+01    4.05155e+01    4.05195e+01    4.05221e+01    4.05236e+01    4.05246e+01    
1.01620e+03    3.93455e+01    3.96396e+01    3.98255e+01    3.99622e+01    4.00778e+01    4.01695e+01    4.02319e+01    4.02751e+01    4.03075e+01    4.03332e+01    4.03538e+01    4.03706e+01    4.03849e+01    4.03970e+01    4.04076e+01    4.04167e+01    4.04249e+01    4.04321e+01    4.04386e+01    4.04446e+01    4.04810e+01    4.04983e+01    4.05078e+01    4.05136e+01    4.05173e+01    4.05197e+01    4.05211e+01    4.05222e+01    
1.01640e+03    3.93450e+01    3.96391e+01    3.98249e+01    3.99618e+01    4.00774e+01    4.01691e+01    4.02315e+01    4.02747e+01    4.03071e+01    4.03328e+01    4.03534e+01    4.03702e+01    4.03845e+01    4.03966e+01    4.04072e+01    4.04163e+01    4.04244e+01    4.04316e+01    4.04381e+01    4.04440e+01    4.04802e+01    4.04970e+01    4.05063e+01    4.05119e+01    4.05155e+01    4.05178e+01    4.05193e+01    4.05203e+01    
1.01660e+03    3.93481e+01    3.96421e+01    3.98278e+01    3.99639e+01    4.00791e+01    4.01706e+01    4.02328e+01    4.02758e+01    4.03082e+01    4.03338e+01    4.03544e+01    4.03711e+01    4.03854e+01    4.03975e+01    4.04081e+01    4.04171e+01    4.04253e+01    4.04325e+01    4.04389e+01    4.04449e+01    4.04807e+01    4.04977e+01    4.05075e+01    4.05136e+01    4.05176e+01    4.05201e+01    4.05216e+01    4.05227e+01    
1.01680e+03    3.93490e+01    3.96428e+01    3.98283e+01    3.99642e+01    4.00793e+01    4.01705e+01    4.02326e+01    4.02756e+01    4.03079e+01    4.03335e+01    4.03541e+01    4.03707e+01    4.03850e+01    4.03970e+01    4.04076e+01    4.04165e+01    4.04247e+01    4.04318e+01    4.04382e+01    4.04441e+01    4.04790e+01    4.04950e+01    4.05042e+01    4.05099e+01    4.05136e+01    4.05161e+01    4.05175e+01    4.05186e+01    
1.01700e+03    3.93468e+01    3.96405e+01    3.98260e+01    3.99623e+01    4.00776e+01    4.01690e+01    4.02312e+01    4.02742e+01    4.03066e+01    4.03321e+01    4.03527e+01    4.03693e+01    4.03835e+01    4.03955e+01    4.04061e+01    4.04150e+01    4.04231e+01    4.04302e+01    4.04365e+01    4.04423e+01    4.04763e+01    4.04911e+01    4.04994e+01    4.05044e+01    4.05077e+01    4.05099e+01    4.05114e+01    4.05124e+01    
1.01720e+03    3.93451e+01    3.96385e+01    3.98240e+01    3.99607e+01    4.00763e+01    4.01679e+01    4.02301e+01    4.02732e+01    4.03056e+01    4.03312e+01    4.03517e+01    4.03683e+01    4.03826e+01    4.03946e+01    4.04051e+01    4.04140e+01    4.04220e+01    4.04291e+01    4.04354e+01    4.04412e+01    4.04747e+01    4.04890e+01    4.04967e+01    4.05013e+01    4.05044e+01    4.05065e+01    4.05079e+01    4.05090e+01    
1.01740e+03    3.93429e+01    3.96364e+01    3.98220e+01    3.99591e+01    4.00751e+01    4.01669e+01    4.02293e+01    4.02724e+01    4.03049e+01    4.03305e+01    4.03511e+01    4.03677e+01    4.03820e+01    4.03940e+01    4.04045e+01    4.04134e+01    4.04215e+01    4.04286e+01    4.04349e+01    4.04407e+01    4.04741e+01    4.04885e+01    4.04963e+01    4.05010e+01    4.05040e+01    4.05062e+01    4.05076e+01    4.05087e+01    
1.01760e+03    3.93390e+01    3.96325e+01    3.98183e+01    3.99559e+01    4.00724e+01    4.01641e+01    4.02261e+01    4.02690e+01    4.03010e+01    4.03261e+01    4.03460e+01    4.03620e+01    4.03756e+01    4.03871e+01    4.03973e+01    4.04061e+01    4.04141e+01    4.04212e+01    4.04276e+01    4.04335e+01    4.04685e+01    4.04841e+01    4.04927e+01    4.04979e+01    4.05014e+01    4.05037e+01    4.05051e+01    4.05062e+01    
1.01780e+03    3.93401e+01    3.96338e+01    3.98198e+01    3.99577e+01    4.00743e+01    4.01667e+01    4.02295e+01    4.02730e+01    4.03056e+01    4.03315e+01    4.03524e+01    4.03694e+01    4.03839e+01    4.03961e+01    4.04068e+01    4.04159e+01    4.04241e+01    4.04313e+01    4.04377e+01    4.04436e+01    4.04785e+01    4.04943e+01    4.05031e+01    4.05084e+01    4.05119e+01    4.05142e+01    4.05157e+01    4.05168e+01    
1.01800e+03    3.93207e+01    3.96144e+01    3.98005e+01    3.99386e+01    4.00537e+01    4.01401e+01    4.01981e+01    4.02379e+01    4.02681e+01    4.02925e+01    4.03130e+01    4.03303e+01    4.03455e+01    4.03585e+01    4.03700e+01    4.03798e+01    4.03887e+01    4.03965e+01    4.04035e+01    4.04100e+01    4.04487e+01    4.04661e+01    4.04755e+01    4.04811e+01    4.04847e+01    4.04871e+01    4.04886e+01    4.04896e+01    
1.01820e+03    3.93081e+01    3.96011e+01    3.97855e+01    3.99198e+01    4.00349e+01    4.01240e+01    4.01851e+01    4.02273e+01    4.02588e+01    4.02842e+01    4.03053e+01    4.03229e+01    4.03382e+01    4.03511e+01    4.03621e+01    4.03713e+01    4.03794e+01    4.03864e+01    4.03925e+01    4.03982e+01    4.04340e+01    4.04523e+01    4.04621e+01    4.04678e+01    4.04714e+01    4.04736e+01    4.04750e+01    4.04759e+01    
1.01840e+03    3.93394e+01    3.96335e+01    3.98194e+01    3.99562e+01    4.00719e+01    4.01640e+01    4.02262e+01    4.02690e+01    4.03013e+01    4.03273e+01    4.03485e+01    4.03659e+01    4.03809e+01    4.03936e+01    4.04046e+01    4.04140e+01    4.04223e+01    4.04296e+01    4.04361e+01    4.04421e+01    4.04782e+01    4.04951e+01    4.05040e+01    4.05093e+01    4.05127e+01    4.05149e+01    4.05163e+01    4.05174e+01    
1.01860e+03    3.93634e+01    3.96579e+01    3.98445e+01    3.99829e+01    4.00990e+01    4.01919e+01    4.02546e+01    4.02979e+01    4.03304e+01    4.03561e+01    4.03766e+01    4.03933e+01    4.04075e+01    4.04196e+01    4.04303e+01    4.04395e+01    4.04479e+01    4.04553e+01    4.04620e+01    4.04682e+01    4.05053e+01    4.05219e+01    4.05308e+01    4.05360e+01    4.05393e+01    4.05415e+01    4.05428e+01    4.05439e+01    
1.01880e+03    3.93745e+01    3.96684e+01    3.98541e+01    3.99909e+01    4.01063e+01    4.01985e+01    4.02609e+01    4.03042e+01    4.03368e+01    4.03626e+01    4.03833e+01    4.04000e+01    4.04143e+01    4.04264e+01    4.04371e+01    4.04463e+01    4.04547e+01    4.04621e+01    4.04688e+01    4.04750e+01    4.05117e+01    4.05281e+01    4.05369e+01    4.05420e+01    4.05453e+01    4.05475e+01    4.05488e+01    4.05497e+01    
1.01900e+03    3.93669e+01    3.96605e+01    3.98462e+01    3.99833e+01    4.00986e+01    4.01894e+01    4.02512e+01    4.02938e+01    4.03257e+01    4.03510e+01    4.03717e+01    4.03887e+01    4.04034e+01    4.04159e+01    4.04269e+01    4.04363e+01    4.04448e+01    4.04523e+01    4.04590e+01    4.04651e+01    4.05014e+01    4.05172e+01    4.05255e+01    4.05303e+01    4.05334e+01    4.05356e+01    4.05370e+01    4.05379e+01    
1.01920e+03    3.93276e+01    3.96196e+01    3.98038e+01    3.99388e+01    4.00515e+01    4.01409e+01    4.02018e+01    4.02426e+01    4.02721e+01    4.02955e+01    4.03152e+01    4.03318e+01    4.03465e+01    4.03590e+01    4.03701e+01    4.03795e+01    4.03881e+01    4.03956e+01    4.04024e+01    4.04086e+01    4.04454e+01    4.04616e+01    4.04700e+01    4.04747e+01    4.04777e+01    4.04798e+01    4.04811e+01    4.04820e+01    
1.01940e+03    3.93229e+01    3.96148e+01    3.97986e+01    3.99328e+01    4.00453e+01    4.01318e+01    4.01907e+01    4.02308e+01    4.02602e+01    4.02835e+01    4.03028e+01    4.03188e+01    4.03328e+01    4.03447e+01    4.03550e+01    4.03637e+01    4.03715e+01    4.03783e+01    4.03844e+01    4.03899e+01    4.04230e+01    4.04377e+01    4.04449e+01    4.04488e+01    4.04513e+01    4.04531e+01    4.04544e+01    4.04553e+01    
1.01960e+03    3.93390e+01    3.96320e+01    3.98171e+01    3.99532e+01    4.00660e+01    4.01515e+01    4.02089e+01    4.02484e+01    4.02781e+01    4.03018e+01    4.03214e+01    4.03376e+01    4.03515e+01    4.03631e+01    4.03730e+01    4.03812e+01    4.03884e+01    4.03945e+01    4.03999e+01    4.04048e+01    4.04341e+01    4.04480e+01    4.04550e+01    4.04590e+01    4.04615e+01    4.04633e+01    4.04646e+01    4.04654e+01    
1.01980e+03    3.93381e+01    3.96313e+01    3.98167e+01    3.99527e+01    4.00653e+01    4.01501e+01    4.02067e+01    4.02453e+01    4.02743e+01    4.02974e+01    4.03167e+01    4.03327e+01    4.03466e+01    4.03582e+01    4.03681e+01    4.03762e+01    4.03834e+01    4.03895e+01    4.03948e+01    4.03996e+01    4.04290e+01    4.04430e+01    4.04500e+01    4.04539e+01    4.04564e+01    4.04582e+01    4.04596e+01    4.04605e+01    
1.02000e+03    3.93430e+01    3.96370e+01    3.98233e+01    3.99611e+01    4.00743e+01    4.01614e+01    4.02204e+01    4.02615e+01    4.02926e+01    4.03172e+01    4.03369e+01    4.03527e+01    4.03662e+01    4.03774e+01    4.03870e+01    4.03950e+01    4.04021e+01    4.04083e+01    4.04137e+01    4.04186e+01    4.04483e+01    4.04621e+01    4.04689e+01    4.04727e+01    4.04750e+01    4.04767e+01    4.04778e+01    4.04786e+01    
1.02020e+03    3.93200e+01    3.96137e+01    3.98000e+01    3.99386e+01    4.00551e+01    4.01452e+01    4.02065e+01    4.02493e+01    4.02816e+01    4.03069e+01    4.03271e+01    4.03433e+01    4.03570e+01    4.03684e+01    4.03782e+01    4.03865e+01    4.03940e+01    4.04004e+01    4.04062e+01    4.04115e+01    4.04428e+01    4.04568e+01    4.04637e+01    4.04674e+01    4.04698e+01    4.04715e+01    4.04727e+01    4.04734e+01    
1.02040e+03    3.92437e+01    3.95346e+01    3.97177e+01    3.98508e+01    3.99573e+01    4.00468e+01    4.01108e+01    4.01562e+01    4.01904e+01    4.02172e+01    4.02383e+01    4.02551e+01    4.02693e+01    4.02812e+01    4.02916e+01    4.03005e+01    4.03086e+01    4.03157e+01    4.03221e+01    4.03280e+01    4.03637e+01    4.03796e+01    4.03870e+01    4.03909e+01    4.03933e+01    4.03952e+01    4.03967e+01    4.03977e+01    
1.02060e+03    3.91791e+01    3.94670e+01    3.96461e+01    3.97737e+01    3.98859e+01    3.99791e+01    4.00442e+01    4.00892e+01    4.01221e+01    4.01479e+01    4.01687e+01    4.01856e+01    4.02003e+01    4.02127e+01    4.02238e+01    4.02333e+01    4.02420e+01    4.02497e+01    4.02567e+01    4.02632e+01    4.03024e+01    4.03195e+01    4.03270e+01    4.03306e+01    4.03328e+01    4.03344e+01    4.03357e+01    4.03367e+01    
1.02080e+03    3.92274e+01    3.95194e+01    3.97045e+01    3.98418e+01    3.99534e+01    4.00393e+01    4.00983e+01    4.01396e+01    4.01705e+01    4.01948e+01    4.02143e+01    4.02300e+01    4.02434e+01    4.02546e+01    4.02644e+01    4.02727e+01    4.02802e+01    4.02868e+01    4.02927e+01    4.02981e+01    4.03315e+01    4.03467e+01    4.03534e+01    4.03568e+01    4.03587e+01    4.03601e+01    4.03612e+01    4.03620e+01    
1.02100e+03    3.92247e+01    3.95161e+01    3.96998e+01    3.98340e+01    3.99438e+01    4.00288e+01    4.00867e+01    4.01271e+01    4.01574e+01    4.01812e+01    4.02000e+01    4.02150e+01    4.02278e+01    4.02383e+01    4.02474e+01    4.02551e+01    4.02620e+01    4.02680e+01    4.02734e+01    4.02783e+01    4.03092e+01    4.03241e+01    4.03309e+01    4.03344e+01    4.03366e+01    4.03382e+01    4.03394e+01    4.03404e+01    
1.02120e+03    3.92206e+01    3.95112e+01    3.96938e+01    3.98257e+01    3.99345e+01    4.00175e+01    4.00752e+01    4.01159e+01    4.01465e+01    4.01703e+01    4.01890e+01    4.02037e+01    4.02162e+01    4.02264e+01    4.02354e+01    4.02430e+01    4.02498e+01    4.02558e+01    4.02611e+01    4.02660e+01    4.02967e+01    4.03110e+01    4.03174e+01    4.03206e+01    4.03225e+01    4.03238e+01    4.03248e+01    4.03256e+01    
1.02140e+03    3.92285e+01    3.95201e+01    3.97046e+01    3.98405e+01    3.99517e+01    4.00366e+01    4.00949e+01    4.01351e+01    4.01646e+01    4.01878e+01    4.02067e+01    4.02221e+01    4.02354e+01    4.02465e+01    4.02560e+01    4.02640e+01    4.02710e+01    4.02771e+01    4.02825e+01    4.02874e+01    4.03176e+01    4.03318e+01    4.03383e+01    4.03417e+01    4.03437e+01    4.03452e+01    4.03463e+01    4.03471e+01    
1.02160e+03    3.92597e+01    3.95525e+01    3.97377e+01    3.98749e+01    3.99903e+01    4.00799e+01    4.01415e+01    4.01839e+01    4.02152e+01    4.02401e+01    4.02606e+01    4.02775e+01    4.02921e+01    4.03043e+01    4.03147e+01    4.03231e+01    4.03306e+01    4.03369e+01    4.03424e+01    4.03474e+01    4.03765e+01    4.03895e+01    4.03957e+01    4.03989e+01    4.04009e+01    4.04023e+01    4.04033e+01    4.04040e+01    
1.02180e+03    3.92886e+01    3.95828e+01    3.97695e+01    3.99088e+01    4.00256e+01    4.01178e+01    4.01811e+01    4.02249e+01    4.02571e+01    4.02825e+01    4.03031e+01    4.03199e+01    4.03343e+01    4.03462e+01    4.03563e+01    4.03646e+01    4.03719e+01    4.03782e+01    4.03836e+01    4.03884e+01    4.04166e+01    4.04287e+01    4.04344e+01    4.04373e+01    4.04391e+01    4.04404e+01    4.04413e+01    4.04419e+01    
1.02200e+03    3.92891e+01    3.95835e+01    3.97701e+01    3.99088e+01    4.00257e+01    4.01178e+01    4.01813e+01    4.02251e+01    4.02570e+01    4.02821e+01    4.03025e+01    4.03190e+01    4.03333e+01    4.03451e+01    4.03552e+01    4.03635e+01    4.03708e+01    4.03770e+01    4.03824e+01    4.03873e+01    4.04150e+01    4.04265e+01    4.04316e+01    4.04342e+01    4.04357e+01    4.04368e+01    4.04376e+01    4.04382e+01    
1.02220e+03    3.92779e+01    3.95720e+01    3.97579e+01    3.98949e+01    4.00117e+01    4.01055e+01    4.01711e+01    4.02170e+01    4.02508e+01    4.02773e+01    4.02984e+01    4.03154e+01    4.03299e+01    4.03418e+01    4.03519e+01    4.03603e+01    4.03676e+01    4.03739e+01    4.03794e+01    4.03843e+01    4.04117e+01    4.04224e+01    4.04269e+01    4.04291e+01    4.04303e+01    4.04313e+01    4.04322e+01    4.04328e+01    
1.02240e+03    3.92502e+01    3.95436e+01    3.97283e+01    3.98627e+01    3.99783e+01    4.00729e+01    4.01391e+01    4.01851e+01    4.02191e+01    4.02456e+01    4.02669e+01    4.02841e+01    4.02986e+01    4.03105e+01    4.03207e+01    4.03290e+01    4.03363e+01    4.03425e+01    4.03479e+01    4.03527e+01    4.03801e+01    4.03914e+01    4.03963e+01    4.03986e+01    4.04000e+01    4.04011e+01    4.04019e+01    4.04026e+01    
1.02260e+03    3.92214e+01    3.95145e+01    3.96987e+01    3.98325e+01    3.99476e+01    4.00424e+01    4.01087e+01    4.01546e+01    4.01882e+01    4.02146e+01    4.02360e+01    4.02532e+01    4.02679e+01    4.02799e+01    4.02901e+01    4.02984e+01    4.03056e+01    4.03117e+01    4.03170e+01    4.03217e+01    4.03490e+01    4.03608e+01    4.03660e+01    4.03685e+01    4.03698e+01    4.03708e+01    4.03715e+01    4.03721e+01    
1.02280e+03    3.92020e+01    3.94953e+01    3.96801e+01    3.98156e+01    3.99319e+01    4.00273e+01    4.00949e+01    4.01418e+01    4.01760e+01    4.02027e+01    4.02244e+01    4.02419e+01    4.02569e+01    4.02691e+01    4.02794e+01    4.02878e+01    4.02950e+01    4.03011e+01    4.03063e+01    4.03109e+01    4.03379e+01    4.03497e+01    4.03552e+01    4.03580e+01    4.03596e+01    4.03607e+01    4.03616e+01    4.03621e+01    
1.02300e+03    3.91945e+01    3.94879e+01    3.96733e+01    3.98106e+01    3.99292e+01    4.00275e+01    4.00974e+01    4.01461e+01    4.01815e+01    4.02091e+01    4.02312e+01    4.02489e+01    4.02638e+01    4.02761e+01    4.02864e+01    4.02948e+01    4.03021e+01    4.03083e+01    4.03136e+01    4.03183e+01    4.03453e+01    4.03569e+01    4.03624e+01    4.03654e+01    4.03672e+01    4.03684e+01    4.03693e+01    4.03699e+01    
1.02320e+03    3.91786e+01    3.94709e+01    3.96548e+01    3.97899e+01    3.99091e+01    4.00081e+01    4.00793e+01    4.01286e+01    4.01640e+01    4.01912e+01    4.02131e+01    4.02306e+01    4.02454e+01    4.02576e+01    4.02678e+01    4.02760e+01    4.02831e+01    4.02891e+01    4.02942e+01    4.02987e+01    4.03249e+01    4.03362e+01    4.03412e+01    4.03436e+01    4.03450e+01    4.03461e+01    4.03469e+01    4.03475e+01    
1.02340e+03    3.91639e+01    3.94551e+01    3.96379e+01    3.97718e+01    3.98934e+01    3.99941e+01    4.00666e+01    4.01166e+01    4.01522e+01    4.01794e+01    4.02011e+01    4.02184e+01    4.02331e+01    4.02450e+01    4.02549e+01    4.02629e+01    4.02697e+01    4.02754e+01    4.02802e+01    4.02846e+01    4.03097e+01    4.03210e+01    4.03257e+01    4.03279e+01    4.03292e+01    4.03302e+01    4.03310e+01    4.03316e+01    
1.02360e+03    3.91441e+01    3.94341e+01    3.96150e+01    3.97457e+01    3.98669e+01    3.99677e+01    4.00408e+01    4.00910e+01    4.01263e+01    4.01531e+01    4.01747e+01    4.01921e+01    4.02068e+01    4.02187e+01    4.02286e+01    4.02365e+01    4.02433e+01    4.02488e+01    4.02536e+01    4.02578e+01    4.02832e+01    4.02953e+01    4.03004e+01    4.03028e+01    4.03041e+01    4.03051e+01    4.03059e+01    4.03066e+01    
1.02380e+03    3.90854e+01    3.93726e+01    3.95501e+01    3.96756e+01    3.97964e+01    3.98992e+01    3.99745e+01    4.00256e+01    4.00605e+01    4.00870e+01    4.01085e+01    4.01260e+01    4.01410e+01    4.01532e+01    4.01634e+01    4.01714e+01    4.01783e+01    4.01840e+01    4.01889e+01    4.01932e+01    4.02205e+01    4.02343e+01    4.02402e+01    4.02430e+01    4.02445e+01    4.02457e+01    4.02466e+01    4.02473e+01    
1.02400e+03    3.90123e+01    3.92957e+01    3.94683e+01    3.95854e+01    3.97015e+01    3.98076e+01    3.98861e+01    3.99385e+01    3.99738e+01    4.00001e+01    4.00216e+01    4.00392e+01    4.00543e+01    4.00668e+01    4.00772e+01    4.00856e+01    4.00928e+01    4.00989e+01    4.01041e+01    4.01088e+01    4.01397e+01    4.01558e+01    4.01626e+01    4.01657e+01    4.01673e+01    4.01685e+01    4.01694e+01    4.01701e+01    
1.02420e+03    3.89290e+01    3.92093e+01    3.93780e+01    3.94877e+01    3.95962e+01    3.97076e+01    3.97912e+01    3.98457e+01    3.98811e+01    3.99074e+01    3.99292e+01    3.99473e+01    3.99631e+01    3.99763e+01    3.99874e+01    3.99965e+01    4.00044e+01    4.00111e+01    4.00170e+01    4.00222e+01    4.00581e+01    4.00765e+01    4.00836e+01    4.00863e+01    4.00875e+01    4.00884e+01    4.00892e+01    4.00898e+01    
1.02440e+03    3.88743e+01    3.91545e+01    3.93238e+01    3.94360e+01    3.95435e+01    3.96598e+01    3.97489e+01    3.98075e+01    3.98460e+01    3.98742e+01    3.98970e+01    3.99156e+01    3.99315e+01    3.99447e+01    3.99559e+01    3.99650e+01    3.99730e+01    3.99799e+01    3.99859e+01    3.99914e+01    4.00295e+01    4.00503e+01    4.00591e+01    4.00633e+01    4.00656e+01    4.00674e+01    4.00688e+01    4.00699e+01    
1.02460e+03    3.88248e+01    3.91028e+01    3.92699e+01    3.93792e+01    3.94819e+01    3.95976e+01    3.96877e+01    3.97472e+01    3.97864e+01    3.98155e+01    3.98391e+01    3.98584e+01    3.98749e+01    3.98886e+01    3.99003e+01    3.99098e+01    3.99182e+01    3.99254e+01    3.99318e+01    3.99375e+01    3.99793e+01    4.00028e+01    4.00128e+01    4.00175e+01    4.00201e+01    4.00220e+01    4.00234e+01    4.00245e+01    
1.02480e+03    3.87201e+01    3.89924e+01    3.91564e+01    3.92658e+01    3.93635e+01    3.94803e+01    3.95719e+01    3.96325e+01    3.96732e+01    3.97039e+01    3.97291e+01    3.97499e+01    3.97678e+01    3.97828e+01    3.97955e+01    3.98060e+01    3.98152e+01    3.98231e+01    3.98302e+01    3.98366e+01    3.98861e+01    3.99149e+01    3.99268e+01    3.99322e+01    3.99350e+01    3.99371e+01    3.99388e+01    3.99401e+01    
1.02500e+03    3.86278e+01    3.88940e+01    3.90534e+01    3.91613e+01    3.92563e+01    3.93650e+01    3.94539e+01    3.95143e+01    3.95559e+01    3.95881e+01    3.96149e+01    3.96373e+01    3.96568e+01    3.96732e+01    3.96872e+01    3.96987e+01    3.97089e+01    3.97178e+01    3.97257e+01    3.97330e+01    3.97915e+01    3.98270e+01    3.98428e+01    3.98505e+01    3.98548e+01    3.98575e+01    3.98593e+01    3.98605e+01    
1.02520e+03    3.85376e+01    3.87991e+01    3.89547e+01    3.90604e+01    3.91531e+01    3.92585e+01    3.93446e+01    3.94049e+01    3.94486e+01    3.94832e+01    3.95117e+01    3.95353e+01    3.95557e+01    3.95727e+01    3.95872e+01    3.95992e+01    3.96099e+01    3.96193e+01    3.96276e+01    3.96354e+01    3.97017e+01    3.97426e+01    3.97590e+01    3.97662e+01    3.97700e+01    3.97730e+01    3.97756e+01    3.97775e+01    
1.02540e+03    3.85034e+01    3.87656e+01    3.89220e+01    3.90278e+01    3.91191e+01    3.92236e+01    3.93033e+01    3.93587e+01    3.94007e+01    3.94343e+01    3.94617e+01    3.94842e+01    3.95035e+01    3.95196e+01    3.95333e+01    3.95449e+01    3.95553e+01    3.95645e+01    3.95728e+01    3.95807e+01    3.96525e+01    3.96981e+01    3.97162e+01    3.97238e+01    3.97276e+01    3.97303e+01    3.97323e+01    3.97340e+01    
1.02560e+03    3.84840e+01    3.87460e+01    3.89010e+01    3.90029e+01    3.90924e+01    3.91971e+01    3.92759e+01    3.93297e+01    3.93708e+01    3.94041e+01    3.94320e+01    3.94552e+01    3.94753e+01    3.94922e+01    3.95068e+01    3.95189e+01    3.95299e+01    3.95396e+01    3.95484e+01    3.95566e+01    3.96320e+01    3.96799e+01    3.96989e+01    3.97072e+01    3.97113e+01    3.97141e+01    3.97161e+01    3.97178e+01    
1.02580e+03    3.84572e+01    3.87198e+01    3.88780e+01    3.89898e+01    3.90889e+01    3.92005e+01    3.92827e+01    3.93389e+01    3.93820e+01    3.94172e+01    3.94466e+01    3.94710e+01    3.94923e+01    3.95101e+01    3.95253e+01    3.95380e+01    3.95494e+01    3.95594e+01    3.95683e+01    3.95768e+01    3.96507e+01    3.96962e+01    3.97137e+01    3.97209e+01    3.97245e+01    3.97275e+01    3.97301e+01    3.97323e+01    
1.02600e+03    3.85209e+01    3.87899e+01    3.89525e+01    3.90664e+01    3.91775e+01    3.92959e+01    3.93779e+01    3.94311e+01    3.94702e+01    3.95021e+01    3.95297e+01    3.95534e+01    3.95742e+01    3.95917e+01    3.96065e+01    3.96185e+01    3.96291e+01    3.96382e+01    3.96463e+01    3.96538e+01    3.97173e+01    3.97565e+01    3.97717e+01    3.97780e+01    3.97811e+01    3.97835e+01    3.97855e+01    3.97872e+01    
1.02620e+03    3.86252e+01    3.89022e+01    3.90705e+01    3.91870e+01    3.93038e+01    3.94186e+01    3.94996e+01    3.95527e+01    3.95904e+01    3.96205e+01    3.96460e+01    3.96677e+01    3.96866e+01    3.97025e+01    3.97159e+01    3.97269e+01    3.97365e+01    3.97448e+01    3.97520e+01    3.97587e+01    3.98116e+01    3.98432e+01    3.98558e+01    3.98611e+01    3.98636e+01    3.98652e+01    3.98663e+01    3.98674e+01    
1.02640e+03    3.87059e+01    3.89888e+01    3.91624e+01    3.92840e+01    3.94022e+01    3.95067e+01    3.95825e+01    3.96324e+01    3.96669e+01    3.96941e+01    3.97176e+01    3.97379e+01    3.97558e+01    3.97709e+01    3.97835e+01    3.97937e+01    3.98026e+01    3.98101e+01    3.98167e+01    3.98227e+01    3.98690e+01    3.98967e+01    3.99082e+01    3.99134e+01    3.99161e+01    3.99180e+01    3.99194e+01    3.99204e+01    
1.02660e+03    3.88073e+01    3.90958e+01    3.92747e+01    3.94016e+01    3.95201e+01    3.96161e+01    3.96850e+01    3.97309e+01    3.97629e+01    3.97881e+01    3.98100e+01    3.98288e+01    3.98455e+01    3.98594e+01    3.98710e+01    3.98803e+01    3.98882e+01    3.98950e+01    3.99007e+01    3.99060e+01    3.99461e+01    3.99701e+01    3.99799e+01    3.99842e+01    3.99864e+01    3.99879e+01    3.99892e+01    3.99901e+01    
1.02680e+03    3.88798e+01    3.91708e+01    3.93510e+01    3.94774e+01    3.95945e+01    3.96840e+01    3.97509e+01    3.97973e+01    3.98296e+01    3.98551e+01    3.98772e+01    3.98961e+01    3.99127e+01    3.99266e+01    3.99381e+01    3.99472e+01    3.99551e+01    3.99616e+01    3.99671e+01    3.99721e+01    4.00085e+01    4.00294e+01    4.00378e+01    4.00413e+01    4.00431e+01    4.00444e+01    4.00454e+01    4.00463e+01    
1.02700e+03    3.89278e+01    3.92204e+01    3.94018e+01    3.95291e+01    3.96483e+01    3.97414e+01    3.98101e+01    3.98579e+01    3.98917e+01    3.99184e+01    3.99411e+01    3.99602e+01    3.99768e+01    3.99907e+01    4.00022e+01    4.00113e+01    4.00191e+01    4.00256e+01    4.00312e+01    4.00362e+01    4.00697e+01    4.00876e+01    4.00949e+01    4.00980e+01    4.00995e+01    4.01006e+01    4.01014e+01    4.01020e+01    
1.02720e+03    3.89690e+01    3.92629e+01    3.94457e+01    3.95748e+01    3.96918e+01    3.97831e+01    3.98520e+01    3.99006e+01    3.99354e+01    3.99626e+01    3.99855e+01    4.00044e+01    4.00208e+01    4.00343e+01    4.00453e+01    4.00540e+01    4.00614e+01    4.00675e+01    4.00726e+01    4.00772e+01    4.01075e+01    4.01240e+01    4.01307e+01    4.01337e+01    4.01352e+01    4.01362e+01    4.01370e+01    4.01376e+01    
1.02740e+03    3.89996e+01    3.92941e+01    3.94778e+01    3.96078e+01    3.97225e+01    3.98140e+01    3.98839e+01    3.99343e+01    3.99709e+01    3.99997e+01    4.00234e+01    4.00427e+01    4.00591e+01    4.00725e+01    4.00835e+01    4.00922e+01    4.00995e+01    4.01055e+01    4.01105e+01    4.01150e+01    4.01441e+01    4.01596e+01    4.01662e+01    4.01692e+01    4.01708e+01    4.01719e+01    4.01729e+01    4.01736e+01    
1.02760e+03    3.90036e+01    3.92979e+01    3.94817e+01    3.96125e+01    3.97273e+01    3.98231e+01    3.98957e+01    3.99478e+01    3.99861e+01    4.00163e+01    4.00412e+01    4.00615e+01    4.00789e+01    4.00932e+01    4.01050e+01    4.01144e+01    4.01225e+01    4.01292e+01    4.01349e+01    4.01400e+01    4.01710e+01    4.01857e+01    4.01916e+01    4.01941e+01    4.01955e+01    4.01965e+01    4.01974e+01    4.01981e+01    
1.02780e+03    3.89836e+01    3.92761e+01    3.94575e+01    3.95835e+01    3.96923e+01    3.97897e+01    3.98651e+01    3.99191e+01    3.99585e+01    3.99898e+01    4.00157e+01    4.00370e+01    4.00553e+01    4.00703e+01    4.00827e+01    4.00926e+01    4.01011e+01    4.01081e+01    4.01141e+01    4.01194e+01    4.01520e+01    4.01676e+01    4.01739e+01    4.01765e+01    4.01778e+01    4.01787e+01    4.01795e+01    4.01801e+01    
1.02800e+03    3.89578e+01    3.92486e+01    3.94282e+01    3.95508e+01    3.96557e+01    3.97514e+01    3.98272e+01    3.98814e+01    3.99206e+01    3.99518e+01    3.99779e+01    3.99997e+01    4.00184e+01    4.00338e+01    4.00465e+01    4.00564e+01    4.00649e+01    4.00718e+01    4.00777e+01    4.00829e+01    4.01159e+01    4.01327e+01    4.01394e+01    4.01423e+01    4.01437e+01    4.01448e+01    4.01456e+01    4.01462e+01    
1.02820e+03    3.89996e+01    3.92914e+01    3.94725e+01    3.95976e+01    3.97022e+01    3.97995e+01    3.98748e+01    3.99286e+01    3.99681e+01    3.99994e+01    4.00250e+01    4.00460e+01    4.00639e+01    4.00785e+01    4.00906e+01    4.01001e+01    4.01082e+01    4.01148e+01    4.01205e+01    4.01255e+01    4.01568e+01    4.01722e+01    4.01780e+01    4.01802e+01    4.01812e+01    4.01818e+01    4.01825e+01    4.01831e+01    
1.02840e+03    3.90363e+01    3.93295e+01    3.95127e+01    3.96422e+01    3.97486e+01    3.98472e+01    3.99205e+01    3.99721e+01    4.00104e+01    4.00409e+01    4.00658e+01    4.00862e+01    4.01035e+01    4.01178e+01    4.01295e+01    4.01388e+01    4.01468e+01    4.01535e+01    4.01591e+01    4.01641e+01    4.01945e+01    4.02089e+01    4.02145e+01    4.02168e+01    4.02178e+01    4.02185e+01    4.02192e+01    4.02198e+01    
1.02860e+03    3.90513e+01    3.93435e+01    3.95253e+01    3.96523e+01    3.97588e+01    3.98598e+01    3.99350e+01    3.99887e+01    4.00289e+01    4.00607e+01    4.00864e+01    4.01069e+01    4.01243e+01    4.01385e+01    4.01503e+01    4.01598e+01    4.01681e+01    4.01749e+01    4.01808e+01    4.01861e+01    4.02173e+01    4.02312e+01    4.02366e+01    4.02388e+01    4.02399e+01    4.02408e+01    4.02416e+01    4.02422e+01    
1.02880e+03    3.90493e+01    3.93391e+01    3.95168e+01    3.96360e+01    3.97418e+01    3.98471e+01    3.99260e+01    3.99813e+01    4.00220e+01    4.00542e+01    4.00806e+01    4.01020e+01    4.01205e+01    4.01357e+01    4.01487e+01    4.01592e+01    4.01684e+01    4.01763e+01    4.01831e+01    4.01892e+01    4.02243e+01    4.02388e+01    4.02446e+01    4.02472e+01    4.02484e+01    4.02494e+01    4.02501e+01    4.02507e+01    
1.02900e+03    3.90964e+01    3.93880e+01    3.95688e+01    3.96945e+01    3.98040e+01    3.99091e+01    3.99866e+01    4.00414e+01    4.00821e+01    4.01140e+01    4.01397e+01    4.01604e+01    4.01780e+01    4.01924e+01    4.02047e+01    4.02148e+01    4.02236e+01    4.02311e+01    4.02377e+01    4.02436e+01    4.02769e+01    4.02903e+01    4.02959e+01    4.02985e+01    4.02998e+01    4.03007e+01    4.03013e+01    4.03019e+01    
1.02920e+03    3.91192e+01    3.94109e+01    3.95915e+01    3.97165e+01    3.98281e+01    3.99336e+01    4.00091e+01    4.00618e+01    4.01011e+01    4.01321e+01    4.01569e+01    4.01769e+01    4.01937e+01    4.02075e+01    4.02192e+01    4.02288e+01    4.02371e+01    4.02441e+01    4.02502e+01    4.02557e+01    4.02870e+01    4.03000e+01    4.03054e+01    4.03079e+01    4.03093e+01    4.03102e+01    4.03109e+01    4.03115e+01    
1.02940e+03    3.91101e+01    3.94013e+01    3.95814e+01    3.97063e+01    3.98222e+01    3.99274e+01    4.00009e+01    4.00517e+01    4.00896e+01    4.01195e+01    4.01435e+01    4.01627e+01    4.01790e+01    4.01924e+01    4.02036e+01    4.02127e+01    4.02207e+01    4.02274e+01    4.02332e+01    4.02384e+01    4.02691e+01    4.02826e+01    4.02883e+01    4.02910e+01    4.02924e+01    4.02933e+01    4.02940e+01    4.02945e+01    
1.02960e+03    3.91016e+01    3.93921e+01    3.95712e+01    3.96958e+01    3.98175e+01    3.99245e+01    3.99983e+01    4.00495e+01    4.00878e+01    4.01178e+01    4.01415e+01    4.01603e+01    4.01761e+01    4.01891e+01    4.01999e+01    4.02088e+01    4.02165e+01    4.02230e+01    4.02287e+01    4.02338e+01    4.02644e+01    4.02785e+01    4.02848e+01    4.02878e+01    4.02895e+01    4.02906e+01    4.02913e+01    4.02918e+01    
1.02980e+03    3.90884e+01    3.93787e+01    3.95572e+01    3.96808e+01    3.98040e+01    3.99115e+01    3.99848e+01    4.00354e+01    4.00733e+01    4.01030e+01    4.01265e+01    4.01452e+01    4.01609e+01    4.01738e+01    4.01848e+01    4.01938e+01    4.02018e+01    4.02086e+01    4.02145e+01    4.02199e+01    4.02524e+01    4.02673e+01    4.02740e+01    4.02772e+01    4.02791e+01    4.02803e+01    4.02812e+01    4.02817e+01    
1.03000e+03    3.90834e+01    3.93733e+01    3.95506e+01    3.96717e+01    3.97955e+01    3.99049e+01    3.99793e+01    4.00305e+01    4.00689e+01    4.00990e+01    4.01229e+01    4.01420e+01    4.01581e+01    4.01714e+01    4.01828e+01    4.01924e+01    4.02009e+01    4.02082e+01    4.02146e+01    4.02205e+01    4.02556e+01    4.02712e+01    4.02781e+01    4.02816e+01    4.02835e+01    4.02847e+01    4.02854e+01    4.02860e+01    
1.03020e+03    3.90726e+01    3.93618e+01    3.95379e+01    3.96562e+01    3.97793e+01    3.98915e+01    3.99679e+01    4.00201e+01    4.00588e+01    4.00890e+01    4.01130e+01    4.01321e+01    4.01483e+01    4.01617e+01    4.01732e+01    4.01828e+01    4.01913e+01    4.01986e+01    4.02051e+01    4.02110e+01    4.02463e+01    4.02620e+01    4.02690e+01    4.02724e+01    4.02744e+01    4.02757e+01    4.02766e+01    4.02772e+01    
1.03040e+03    3.90411e+01    3.93288e+01    3.95028e+01    3.96177e+01    3.97419e+01    3.98559e+01    3.99331e+01    3.99857e+01    4.00247e+01    4.00552e+01    4.00795e+01    4.00989e+01    4.01153e+01    4.01289e+01    4.01405e+01    4.01502e+01    4.01588e+01    4.01662e+01    4.01727e+01    4.01787e+01    4.02147e+01    4.02311e+01    4.02384e+01    4.02421e+01    4.02441e+01    4.02454e+01    4.02462e+01    4.02469e+01    
1.03060e+03    3.90260e+01    3.93138e+01    3.94885e+01    3.96061e+01    3.97362e+01    3.98510e+01    3.99273e+01    3.99785e+01    4.00161e+01    4.00455e+01    4.00688e+01    4.00876e+01    4.01035e+01    4.01166e+01    4.01278e+01    4.01371e+01    4.01453e+01    4.01523e+01    4.01585e+01    4.01641e+01    4.01985e+01    4.02143e+01    4.02212e+01    4.02246e+01    4.02264e+01    4.02277e+01    4.02285e+01    4.02292e+01    
1.03080e+03    3.90127e+01    3.93000e+01    3.94752e+01    3.95955e+01    3.97268e+01    3.98422e+01    3.99195e+01    3.99713e+01    4.00088e+01    4.00378e+01    4.00607e+01    4.00790e+01    4.00945e+01    4.01071e+01    4.01178e+01    4.01265e+01    4.01341e+01    4.01406e+01    4.01462e+01    4.01513e+01    4.01827e+01    4.01976e+01    4.02041e+01    4.02073e+01    4.02091e+01    4.02104e+01    4.02114e+01    4.02121e+01    
1.03100e+03    3.90331e+01    3.93201e+01    3.94952e+01    3.96145e+01    3.97358e+01    3.98415e+01    3.99163e+01    3.99680e+01    4.00053e+01    4.00341e+01    4.00570e+01    4.00752e+01    4.00907e+01    4.01034e+01    4.01141e+01    4.01230e+01    4.01307e+01    4.01373e+01    4.01431e+01    4.01482e+01    4.01797e+01    4.01942e+01    4.02007e+01    4.02040e+01    4.02058e+01    4.02071e+01    4.02080e+01    4.02087e+01    
1.03120e+03    3.90834e+01    3.93730e+01    3.95530e+01    3.96819e+01    3.98068e+01    3.99125e+01    3.99846e+01    4.00344e+01    4.00712e+01    4.00999e+01    4.01224e+01    4.01401e+01    4.01550e+01    4.01671e+01    4.01774e+01    4.01859e+01    4.01934e+01    4.01997e+01    4.02052e+01    4.02102e+01    4.02383e+01    4.02500e+01    4.02556e+01    4.02586e+01    4.02604e+01    4.02617e+01    4.02625e+01    4.02631e+01    
1.03140e+03    3.91394e+01    3.94303e+01    3.96119e+01    3.97431e+01    3.98647e+01    3.99644e+01    4.00330e+01    4.00812e+01    4.01178e+01    4.01465e+01    4.01692e+01    4.01872e+01    4.02023e+01    4.02148e+01    4.02255e+01    4.02343e+01    4.02422e+01    4.02489e+01    4.02548e+01    4.02602e+01    4.02902e+01    4.03024e+01    4.03082e+01    4.03114e+01    4.03133e+01    4.03146e+01    4.03154e+01    4.03160e+01    
1.03160e+03    3.91552e+01    3.94460e+01    3.96277e+01    3.97592e+01    3.98782e+01    3.99743e+01    4.00408e+01    4.00880e+01    4.01239e+01    4.01525e+01    4.01755e+01    4.01940e+01    4.02098e+01    4.02229e+01    4.02343e+01    4.02438e+01    4.02522e+01    4.02596e+01    4.02660e+01    4.02719e+01    4.03051e+01    4.03186e+01    4.03251e+01    4.03287e+01    4.03309e+01    4.03325e+01    4.03335e+01    4.03342e+01    
1.03180e+03    3.91759e+01    3.94681e+01    3.96517e+01    3.97858e+01    3.99027e+01    3.99936e+01    4.00562e+01    4.01002e+01    4.01338e+01    4.01608e+01    4.01829e+01    4.02010e+01    4.02166e+01    4.02296e+01    4.02409e+01    4.02503e+01    4.02587e+01    4.02659e+01    4.02723e+01    4.02781e+01    4.03110e+01    4.03248e+01    4.03317e+01    4.03355e+01    4.03379e+01    4.03396e+01    4.03408e+01    4.03416e+01    
1.03200e+03    3.92035e+01    3.94976e+01    3.96837e+01    3.98211e+01    3.99371e+01    4.00238e+01    4.00825e+01    4.01236e+01    4.01549e+01    4.01803e+01    4.02011e+01    4.02183e+01    4.02331e+01    4.02454e+01    4.02559e+01    4.02645e+01    4.02720e+01    4.02784e+01    4.02839e+01    4.02889e+01    4.03186e+01    4.03323e+01    4.03392e+01    4.03431e+01    4.03455e+01    4.03471e+01    4.03482e+01    4.03488e+01    
1.03220e+03    3.92415e+01    3.95359e+01    3.97209e+01    3.98547e+01    3.99697e+01    4.00518e+01    4.01083e+01    4.01486e+01    4.01795e+01    4.02047e+01    4.02256e+01    4.02430e+01    4.02581e+01    4.02708e+01    4.02817e+01    4.02908e+01    4.02988e+01    4.03057e+01    4.03118e+01    4.03173e+01    4.03492e+01    4.03630e+01    4.03700e+01    4.03740e+01    4.03765e+01    4.03781e+01    4.03792e+01    4.03799e+01    
1.03240e+03    3.92870e+01    3.95823e+01    3.97686e+01    3.99053e+01    4.00216e+01    4.01050e+01    4.01622e+01    4.02035e+01    4.02355e+01    4.02617e+01    4.02831e+01    4.03008e+01    4.03161e+01    4.03289e+01    4.03401e+01    4.03495e+01    4.03578e+01    4.03651e+01    4.03716e+01    4.03775e+01    4.04106e+01    4.04242e+01    4.04310e+01    4.04349e+01    4.04373e+01    4.04389e+01    4.04399e+01    4.04407e+01    
1.03260e+03    3.92927e+01    3.95874e+01    3.97733e+01    3.99091e+01    4.00237e+01    4.01068e+01    4.01642e+01    4.02054e+01    4.02373e+01    4.02633e+01    4.02848e+01    4.03025e+01    4.03180e+01    4.03309e+01    4.03422e+01    4.03517e+01    4.03601e+01    4.03674e+01    4.03739e+01    4.03798e+01    4.04134e+01    4.04275e+01    4.04347e+01    4.04389e+01    4.04414e+01    4.04431e+01    4.04442e+01    4.04450e+01    
1.03280e+03    3.92610e+01    3.95543e+01    3.97383e+01    3.98710e+01    3.99834e+01    4.00646e+01    4.01211e+01    4.01616e+01    4.01926e+01    4.02179e+01    4.02389e+01    4.02563e+01    4.02715e+01    4.02842e+01    4.02951e+01    4.03043e+01    4.03123e+01    4.03193e+01    4.03254e+01    4.03310e+01    4.03635e+01    4.03782e+01    4.03860e+01    4.03905e+01    4.03934e+01    4.03953e+01    4.03964e+01    4.03973e+01    
1.03300e+03    3.92310e+01    3.95230e+01    3.97050e+01    3.98338e+01    3.99463e+01    4.00268e+01    4.00815e+01    4.01200e+01    4.01493e+01    4.01730e+01    4.01928e+01    4.02093e+01    4.02237e+01    4.02357e+01    4.02460e+01    4.02545e+01    4.02620e+01    4.02684e+01    4.02741e+01    4.02792e+01    4.03096e+01    4.03239e+01    4.03313e+01    4.03356e+01    4.03383e+01    4.03401e+01    4.03411e+01    4.03419e+01    
1.03320e+03    3.92404e+01    3.95333e+01    3.97166e+01    3.98476e+01    3.99620e+01    4.00425e+01    4.00963e+01    4.01339e+01    4.01621e+01    4.01847e+01    4.02033e+01    4.02186e+01    4.02317e+01    4.02427e+01    4.02521e+01    4.02598e+01    4.02666e+01    4.02724e+01    4.02774e+01    4.02820e+01    4.03093e+01    4.03218e+01    4.03279e+01    4.03313e+01    4.03333e+01    4.03346e+01    4.03355e+01    4.03361e+01    
1.03340e+03    3.92597e+01    3.95530e+01    3.97370e+01    3.98698e+01    3.99859e+01    4.00696e+01    4.01255e+01    4.01645e+01    4.01936e+01    4.02164e+01    4.02347e+01    4.02495e+01    4.02620e+01    4.02724e+01    4.02812e+01    4.02885e+01    4.02949e+01    4.03004e+01    4.03052e+01    4.03096e+01    4.03355e+01    4.03472e+01    4.03529e+01    4.03560e+01    4.03579e+01    4.03592e+01    4.03601e+01    4.03607e+01    
1.03360e+03    3.92638e+01    3.95566e+01    3.97403e+01    3.98723e+01    3.99845e+01    4.00680e+01    4.01246e+01    4.01638e+01    4.01926e+01    4.02151e+01    4.02332e+01    4.02478e+01    4.02602e+01    4.02704e+01    4.02791e+01    4.02862e+01    4.02925e+01    4.02978e+01    4.03025e+01    4.03067e+01    4.03315e+01    4.03431e+01    4.03490e+01    4.03524e+01    4.03546e+01    4.03559e+01    4.03568e+01    4.03573e+01    
1.03380e+03    3.92624e+01    3.95540e+01    3.97358e+01    3.98639e+01    3.99730e+01    4.00564e+01    4.01133e+01    4.01527e+01    4.01818e+01    4.02047e+01    4.02232e+01    4.02381e+01    4.02508e+01    4.02614e+01    4.02704e+01    4.02778e+01    4.02844e+01    4.02900e+01    4.02949e+01    4.02994e+01    4.03257e+01    4.03379e+01    4.03444e+01    4.03482e+01    4.03506e+01    4.03521e+01    4.03530e+01    4.03536e+01    
1.03400e+03    3.92725e+01    3.95637e+01    3.97448e+01    3.98713e+01    3.99803e+01    4.00667e+01    4.01257e+01    4.01665e+01    4.01967e+01    4.02203e+01    4.02393e+01    4.02546e+01    4.02677e+01    4.02785e+01    4.02878e+01    4.02955e+01    4.03024e+01    4.03083e+01    4.03135e+01    4.03182e+01    4.03459e+01    4.03584e+01    4.03650e+01    4.03688e+01    4.03712e+01    4.03728e+01    4.03737e+01    4.03743e+01    
1.03420e+03    3.92773e+01    3.95686e+01    3.97499e+01    3.98770e+01    3.99865e+01    4.00754e+01    4.01358e+01    4.01772e+01    4.02079e+01    4.02320e+01    4.02514e+01    4.02670e+01    4.02804e+01    4.02914e+01    4.03010e+01    4.03088e+01    4.03158e+01    4.03218e+01    4.03271e+01    4.03319e+01    4.03597e+01    4.03720e+01    4.03785e+01    4.03823e+01    4.03847e+01    4.03862e+01    4.03871e+01    4.03877e+01    
1.03440e+03    3.92812e+01    3.95729e+01    3.97545e+01    3.98821e+01    3.99925e+01    4.00819e+01    4.01426e+01    4.01842e+01    4.02151e+01    4.02394e+01    4.02591e+01    4.02750e+01    4.02886e+01    4.02999e+01    4.03096e+01    4.03177e+01    4.03249e+01    4.03311e+01    4.03366e+01    4.03415e+01    4.03706e+01    4.03836e+01    4.03905e+01    4.03945e+01    4.03971e+01    4.03986e+01    4.03995e+01    4.04001e+01    
1.03460e+03    3.92801e+01    3.95724e+01    3.97546e+01    3.98833e+01    3.99954e+01    4.00853e+01    4.01460e+01    4.01877e+01    4.02189e+01    4.02435e+01    4.02634e+01    4.02795e+01    4.02933e+01    4.03048e+01    4.03148e+01    4.03232e+01    4.03306e+01    4.03371e+01    4.03428e+01    4.03481e+01    4.03784e+01    4.03916e+01    4.03987e+01    4.04028e+01    4.04054e+01    4.04070e+01    4.04080e+01    4.04087e+01    
1.03480e+03    3.92609e+01    3.95536e+01    3.97367e+01    3.98676e+01    3.99817e+01    4.00725e+01    4.01340e+01    4.01762e+01    4.02074e+01    4.02321e+01    4.02522e+01    4.02685e+01    4.02827e+01    4.02945e+01    4.03049e+01    4.03136e+01    4.03214e+01    4.03282e+01    4.03342e+01    4.03397e+01    4.03713e+01    4.03846e+01    4.03914e+01    4.03954e+01    4.03978e+01    4.03994e+01    4.04003e+01    4.04009e+01    
1.03500e+03    3.92386e+01    3.95306e+01    3.97126e+01    3.98412e+01    3.99546e+01    4.00410e+01    4.01002e+01    4.01413e+01    4.01716e+01    4.01957e+01    4.02154e+01    4.02318e+01    4.02460e+01    4.02580e+01    4.02684e+01    4.02772e+01    4.02851e+01    4.02920e+01    4.02981e+01    4.03037e+01    4.03352e+01    4.03480e+01    4.03544e+01    4.03579e+01    4.03601e+01    4.03615e+01    4.03624e+01    4.03630e+01    
1.03520e+03    3.92150e+01    3.95072e+01    3.96897e+01    3.98200e+01    3.99371e+01    4.00225e+01    4.00795e+01    4.01186e+01    4.01473e+01    4.01700e+01    4.01887e+01    4.02041e+01    4.02174e+01    4.02286e+01    4.02383e+01    4.02463e+01    4.02534e+01    4.02595e+01    4.02649e+01    4.02697e+01    4.02971e+01    4.03086e+01    4.03144e+01    4.03177e+01    4.03197e+01    4.03210e+01    4.03218e+01    4.03224e+01    
1.03540e+03    3.91954e+01    3.94877e+01    3.96710e+01    3.98040e+01    3.99226e+01    4.00035e+01    4.00564e+01    4.00925e+01    4.01187e+01    4.01394e+01    4.01567e+01    4.01711e+01    4.01836e+01    4.01942e+01    4.02033e+01    4.02110e+01    4.02178e+01    4.02236e+01    4.02288e+01    4.02334e+01    4.02597e+01    4.02706e+01    4.02760e+01    4.02791e+01    4.02811e+01    4.02823e+01    4.02831e+01    4.02837e+01    
1.03560e+03    3.91806e+01    3.94730e+01    3.96576e+01    3.97943e+01    3.99161e+01    3.99955e+01    4.00466e+01    4.00809e+01    4.01051e+01    4.01240e+01    4.01397e+01    4.01527e+01    4.01641e+01    4.01737e+01    4.01818e+01    4.01885e+01    4.01944e+01    4.01994e+01    4.02037e+01    4.02076e+01    4.02286e+01    4.02369e+01    4.02410e+01    4.02433e+01    4.02448e+01    4.02458e+01    4.02466e+01    4.02472e+01    
1.03580e+03    3.91353e+01    3.94247e+01    3.96060e+01    3.97382e+01    3.98572e+01    3.99355e+01    3.99895e+01    4.00268e+01    4.00524e+01    4.00719e+01    4.00879e+01    4.01012e+01    4.01127e+01    4.01222e+01    4.01302e+01    4.01367e+01    4.01423e+01    4.01470e+01    4.01510e+01    4.01546e+01    4.01728e+01    4.01793e+01    4.01823e+01    4.01840e+01    4.01850e+01    4.01856e+01    4.01861e+01    4.01867e+01    
1.03600e+03    3.89631e+01    3.92422e+01    3.94108e+01    3.95229e+01    3.96326e+01    3.97206e+01    3.97858e+01    3.98306e+01    3.98610e+01    3.98843e+01    3.99037e+01    3.99198e+01    3.99339e+01    3.99455e+01    3.99551e+01    3.99628e+01    3.99694e+01    3.99748e+01    3.99794e+01    3.99834e+01    4.00027e+01    4.00089e+01    4.00117e+01    4.00132e+01    4.00142e+01    4.00151e+01    4.00159e+01    4.00166e+01    
1.03620e+03    3.87627e+01    3.90276e+01    3.91808e+01    3.92744e+01    3.93907e+01    3.94919e+01    3.95603e+01    3.96039e+01    3.96333e+01    3.96564e+01    3.96771e+01    3.96953e+01    3.97116e+01    3.97254e+01    3.97368e+01    3.97459e+01    3.97536e+01    3.97600e+01    3.97654e+01    3.97700e+01    3.97921e+01    3.97988e+01    3.98014e+01    3.98026e+01    3.98035e+01    3.98045e+01    3.98055e+01    3.98064e+01    
1.03640e+03    3.89304e+01    3.92080e+01    3.93728e+01    3.94825e+01    3.96278e+01    3.97204e+01    3.97786e+01    3.98155e+01    3.98388e+01    3.98560e+01    3.98707e+01    3.98834e+01    3.98948e+01    3.99045e+01    3.99126e+01    3.99193e+01    3.99251e+01    3.99300e+01    3.99341e+01    3.99378e+01    3.99551e+01    3.99597e+01    3.99616e+01    3.99625e+01    3.99631e+01    3.99639e+01    3.99648e+01    3.99656e+01    
1.03660e+03    3.90754e+01    3.93618e+01    3.95378e+01    3.96632e+01    3.97996e+01    3.98816e+01    3.99354e+01    3.99709e+01    3.99932e+01    4.00093e+01    4.00227e+01    4.00339e+01    4.00438e+01    4.00519e+01    4.00588e+01    4.00643e+01    4.00691e+01    4.00730e+01    4.00763e+01    4.00792e+01    4.00929e+01    4.00968e+01    4.00985e+01    4.00994e+01    4.01000e+01    4.01006e+01    4.01012e+01    4.01017e+01    
1.03680e+03    3.89608e+01    3.92391e+01    3.94065e+01    3.95179e+01    3.96373e+01    3.97287e+01    3.97921e+01    3.98329e+01    3.98588e+01    3.98779e+01    3.98942e+01    3.99081e+01    3.99204e+01    3.99306e+01    3.99392e+01    3.99460e+01    3.99518e+01    3.99565e+01    3.99605e+01    3.99640e+01    3.99805e+01    3.99856e+01    3.99879e+01    3.99892e+01    3.99899e+01    3.99905e+01    3.99908e+01    3.99912e+01    
1.03700e+03    3.89811e+01    3.92604e+01    3.94258e+01    3.95322e+01    3.96666e+01    3.97600e+01    3.98205e+01    3.98590e+01    3.98836e+01    3.99018e+01    3.99175e+01    3.99312e+01    3.99434e+01    3.99537e+01    3.99623e+01    3.99693e+01    3.99753e+01    3.99804e+01    3.99846e+01    3.99884e+01    4.00062e+01    4.00114e+01    4.00134e+01    4.00144e+01    4.00150e+01    4.00157e+01    4.00165e+01    4.00172e+01    
1.03720e+03    3.91938e+01    3.94883e+01    3.96747e+01    3.98141e+01    3.99419e+01    4.00201e+01    4.00712e+01    4.01053e+01    4.01280e+01    4.01449e+01    4.01590e+01    4.01709e+01    4.01812e+01    4.01899e+01    4.01972e+01    4.02031e+01    4.02083e+01    4.02126e+01    4.02163e+01    4.02195e+01    4.02351e+01    4.02395e+01    4.02413e+01    4.02422e+01    4.02426e+01    4.02431e+01    4.02434e+01    4.02439e+01    
1.03740e+03    3.92699e+01    3.95673e+01    3.97570e+01    3.99002e+01    4.00247e+01    4.01034e+01    4.01555e+01    4.01911e+01    4.02159e+01    4.02350e+01    4.02506e+01    4.02634e+01    4.02745e+01    4.02838e+01    4.02916e+01    4.02981e+01    4.03038e+01    4.03085e+01    4.03127e+01    4.03164e+01    4.03346e+01    4.03401e+01    4.03426e+01    4.03439e+01    4.03447e+01    4.03453e+01    4.03459e+01    4.03464e+01    
1.03760e+03    3.93076e+01    3.96063e+01    3.97979e+01    3.99451e+01    4.00717e+01    4.01497e+01    4.02012e+01    4.02369e+01    4.02623e+01    4.02821e+01    4.02982e+01    4.03116e+01    4.03231e+01    4.03328e+01    4.03411e+01    4.03479e+01    4.03540e+01    4.03592e+01    4.03637e+01    4.03677e+01    4.03885e+01    4.03953e+01    4.03985e+01    4.04001e+01    4.04012e+01    4.04018e+01    4.04022e+01    4.04027e+01    
1.03780e+03    3.93070e+01    3.96047e+01    3.97946e+01    3.99385e+01    4.00639e+01    4.01420e+01    4.01938e+01    4.02293e+01    4.02542e+01    4.02736e+01    4.02899e+01    4.03035e+01    4.03154e+01    4.03257e+01    4.03346e+01    4.03422e+01    4.03490e+01    4.03550e+01    4.03602e+01    4.03650e+01    4.03903e+01    4.03989e+01    4.04028e+01    4.04047e+01    4.04059e+01    4.04066e+01    4.04072e+01    4.04077e+01    
1.03800e+03    3.92435e+01    3.95365e+01    3.97190e+01    3.98499e+01    3.99760e+01    4.00592e+01    4.01137e+01    4.01498e+01    4.01744e+01    4.01936e+01    4.02101e+01    4.02245e+01    4.02374e+01    4.02486e+01    4.02584e+01    4.02668e+01    4.02744e+01    4.02810e+01    4.02869e+01    4.02923e+01    4.03217e+01    4.03321e+01    4.03362e+01    4.03381e+01    4.03391e+01    4.03398e+01    4.03405e+01    4.03410e+01    
1.03820e+03    3.93069e+01    3.96024e+01    3.97887e+01    3.99263e+01    4.00527e+01    4.01321e+01    4.01840e+01    4.02188e+01    4.02428e+01    4.02615e+01    4.02773e+01    4.02909e+01    4.03030e+01    4.03133e+01    4.03223e+01    4.03299e+01    4.03367e+01    4.03426e+01    4.03478e+01    4.03526e+01    4.03792e+01    4.03896e+01    4.03943e+01    4.03967e+01    4.03980e+01    4.03988e+01    4.03994e+01    4.03999e+01    
1.03840e+03    3.93445e+01    3.96412e+01    3.98295e+01    3.99700e+01    4.00936e+01    4.01711e+01    4.02217e+01    4.02564e+01    4.02814e+01    4.03011e+01    4.03176e+01    4.03315e+01    4.03438e+01    4.03543e+01    4.03636e+01    4.03714e+01    4.03785e+01    4.03846e+01    4.03901e+01    4.03952e+01    4.04238e+01    4.04354e+01    4.04414e+01    4.04449e+01    4.04470e+01    4.04482e+01    4.04489e+01    4.04493e+01    
1.03860e+03    3.93434e+01    3.96388e+01    3.98240e+01    3.99581e+01    4.00802e+01    4.01610e+01    4.02134e+01    4.02491e+01    4.02751e+01    4.02958e+01    4.03132e+01    4.03278e+01    4.03407e+01    4.03517e+01    4.03613e+01    4.03693e+01    4.03765e+01    4.03827e+01    4.03883e+01    4.03933e+01    4.04224e+01    4.04347e+01    4.04408e+01    4.04442e+01    4.04462e+01    4.04474e+01    4.04481e+01    4.04487e+01    
1.03880e+03    3.93544e+01    3.96512e+01    3.98393e+01    3.99785e+01    4.00997e+01    4.01851e+01    4.02412e+01    4.02797e+01    4.03084e+01    4.03311e+01    4.03495e+01    4.03646e+01    4.03777e+01    4.03887e+01    4.03983e+01    4.04064e+01    4.04138e+01    4.04202e+01    4.04260e+01    4.04312e+01    4.04618e+01    4.04749e+01    4.04816e+01    4.04855e+01    4.04879e+01    4.04894e+01    4.04903e+01    4.04909e+01    
1.03900e+03    3.92698e+01    3.95624e+01    3.97445e+01    3.98726e+01    3.99870e+01    4.00710e+01    4.01258e+01    4.01638e+01    4.01932e+01    4.02170e+01    4.02367e+01    4.02530e+01    4.02672e+01    4.02792e+01    4.02898e+01    4.02989e+01    4.03070e+01    4.03142e+01    4.03207e+01    4.03266e+01    4.03609e+01    4.03756e+01    4.03834e+01    4.03881e+01    4.03910e+01    4.03930e+01    4.03943e+01    4.03953e+01    
1.03920e+03    3.93053e+01    3.95991e+01    3.97826e+01    3.99149e+01    4.00387e+01    4.01296e+01    4.01870e+01    4.02259e+01    4.02555e+01    4.02790e+01    4.02981e+01    4.03136e+01    4.03269e+01    4.03381e+01    4.03478e+01    4.03560e+01    4.03634e+01    4.03698e+01    4.03755e+01    4.03807e+01    4.04108e+01    4.04239e+01    4.04307e+01    4.04347e+01    4.04372e+01    4.04388e+01    4.04398e+01    4.04406e+01    
1.03940e+03    3.94228e+01    3.97198e+01    3.99077e+01    4.00461e+01    4.01682e+01    4.02557e+01    4.03114e+01    4.03494e+01    4.03782e+01    4.04010e+01    4.04192e+01    4.04339e+01    4.04464e+01    4.04569e+01    4.04661e+01    4.04738e+01    4.04809e+01    4.04870e+01    4.04925e+01    4.04975e+01    4.05265e+01    4.05391e+01    4.05461e+01    4.05503e+01    4.05530e+01    4.05547e+01    4.05557e+01    4.05564e+01    
1.03960e+03    3.94056e+01    3.97018e+01    3.98885e+01    4.00251e+01    4.01477e+01    4.02359e+01    4.02926e+01    4.03316e+01    4.03612e+01    4.03846e+01    4.04035e+01    4.04186e+01    4.04316e+01    4.04425e+01    4.04520e+01    4.04600e+01    4.04672e+01    4.04736e+01    4.04792e+01    4.04844e+01    4.05145e+01    4.05279e+01    4.05355e+01    4.05402e+01    4.05433e+01    4.05452e+01    4.05463e+01    4.05470e+01    
1.03980e+03    3.93667e+01    3.96619e+01    3.98475e+01    3.99831e+01    4.01072e+01    4.01973e+01    4.02557e+01    4.02956e+01    4.03255e+01    4.03492e+01    4.03683e+01    4.03837e+01    4.03968e+01    4.04078e+01    4.04174e+01    4.04254e+01    4.04326e+01    4.04389e+01    4.04444e+01    4.04495e+01    4.04798e+01    4.04940e+01    4.05019e+01    4.05068e+01    4.05099e+01    4.05119e+01    4.05130e+01    4.05138e+01    
1.04000e+03    3.93297e+01    3.96235e+01    3.98077e+01    3.99418e+01    4.00654e+01    4.01561e+01    4.02161e+01    4.02573e+01    4.02879e+01    4.03119e+01    4.03313e+01    4.03469e+01    4.03603e+01    4.03715e+01    4.03813e+01    4.03895e+01    4.03969e+01    4.04033e+01    4.04090e+01    4.04142e+01    4.04463e+01    4.04618e+01    4.04705e+01    4.04759e+01    4.04793e+01    4.04815e+01    4.04827e+01    4.04836e+01    
1.04020e+03    3.93174e+01    3.96094e+01    3.97909e+01    3.99192e+01    4.00381e+01    4.01251e+01    4.01837e+01    4.02239e+01    4.02532e+01    4.02762e+01    4.02952e+01    4.03109e+01    4.03246e+01    4.03361e+01    4.03462e+01    4.03548e+01    4.03625e+01    4.03693e+01    4.03754e+01    4.03809e+01    4.04148e+01    4.04309e+01    4.04395e+01    4.04447e+01    4.04481e+01    4.04502e+01    4.04516e+01    4.04525e+01    
1.04040e+03    3.93683e+01    3.96622e+01    3.98463e+01    3.99789e+01    4.00986e+01    4.01864e+01    4.02443e+01    4.02841e+01    4.03137e+01    4.03368e+01    4.03552e+01    4.03700e+01    4.03827e+01    4.03932e+01    4.04025e+01    4.04103e+01    4.04174e+01    4.04236e+01    4.04291e+01    4.04342e+01    4.04652e+01    4.04800e+01    4.04882e+01    4.04932e+01    4.04964e+01    4.04984e+01    4.04996e+01    4.05003e+01    
1.04060e+03    3.93991e+01    3.96942e+01    3.98801e+01    4.00160e+01    4.01372e+01    4.02261e+01    4.02841e+01    4.03239e+01    4.03535e+01    4.03767e+01    4.03950e+01    4.04095e+01    4.04218e+01    4.04320e+01    4.04410e+01    4.04485e+01    4.04553e+01    4.04612e+01    4.04665e+01    4.04713e+01    4.05005e+01    4.05141e+01    4.05217e+01    4.05264e+01    4.05294e+01    4.05312e+01    4.05322e+01    4.05329e+01    
1.04080e+03    3.93735e+01    3.96676e+01    3.98523e+01    3.99863e+01    4.01062e+01    4.01945e+01    4.02526e+01    4.02926e+01    4.03226e+01    4.03461e+01    4.03648e+01    4.03797e+01    4.03923e+01    4.04028e+01    4.04118e+01    4.04194e+01    4.04261e+01    4.04319e+01    4.04370e+01    4.04417e+01    4.04701e+01    4.04837e+01    4.04914e+01    4.04960e+01    4.04990e+01    4.05008e+01    4.05019e+01    4.05025e+01    
1.04100e+03    3.93289e+01    3.96201e+01    3.98008e+01    3.99279e+01    4.00459e+01    4.01362e+01    4.01963e+01    4.02371e+01    4.02670e+01    4.02906e+01    4.03099e+01    4.03257e+01    4.03394e+01    4.03509e+01    4.03608e+01    4.03691e+01    4.03765e+01    4.03829e+01    4.03886e+01    4.03938e+01    4.04250e+01    4.04395e+01    4.04473e+01    4.04519e+01    4.04548e+01    4.04567e+01    4.04579e+01    4.04588e+01    
1.04120e+03    3.93977e+01    3.96909e+01    3.98744e+01    4.00063e+01    4.01248e+01    4.02138e+01    4.02720e+01    4.03120e+01    4.03420e+01    4.03657e+01    4.03847e+01    4.03999e+01    4.04130e+01    4.04239e+01    4.04334e+01    4.04414e+01    4.04486e+01    4.04549e+01    4.04605e+01    4.04656e+01    4.04964e+01    4.05108e+01    4.05189e+01    4.05239e+01    4.05272e+01    4.05292e+01    4.05304e+01    4.05312e+01    
1.04140e+03    3.94295e+01    3.97233e+01    3.99078e+01    4.00419e+01    4.01609e+01    4.02516e+01    4.03109e+01    4.03516e+01    4.03825e+01    4.04070e+01    4.04265e+01    4.04421e+01    4.04554e+01    4.04665e+01    4.04762e+01    4.04843e+01    4.04917e+01    4.04981e+01    4.05038e+01    4.05091e+01    4.05401e+01    4.05545e+01    4.05626e+01    4.05677e+01    4.05710e+01    4.05731e+01    4.05744e+01    4.05754e+01    
1.04160e+03    3.94353e+01    3.97290e+01    3.99133e+01    4.00469e+01    4.01662e+01    4.02576e+01    4.03172e+01    4.03581e+01    4.03891e+01    4.04137e+01    4.04335e+01    4.04495e+01    4.04631e+01    4.04745e+01    4.04844e+01    4.04928e+01    4.05003e+01    4.05068e+01    4.05126e+01    4.05179e+01    4.05494e+01    4.05636e+01    4.05715e+01    4.05763e+01    4.05793e+01    4.05812e+01    4.05824e+01    4.05832e+01    
1.04180e+03    3.94331e+01    3.97268e+01    3.99109e+01    4.00439e+01    4.01626e+01    4.02535e+01    4.03130e+01    4.03539e+01    4.03852e+01    4.04103e+01    4.04306e+01    4.04470e+01    4.04611e+01    4.04730e+01    4.04833e+01    4.04920e+01    4.04999e+01    4.05067e+01    4.05128e+01    4.05184e+01    4.05519e+01    4.05674e+01    4.05762e+01    4.05817e+01    4.05852e+01    4.05875e+01    4.05890e+01    4.05901e+01    
1.04200e+03    3.94304e+01    3.97244e+01    3.99092e+01    4.00434e+01    4.01614e+01    4.02521e+01    4.03116e+01    4.03526e+01    4.03841e+01    4.04094e+01    4.04299e+01    4.04466e+01    4.04610e+01    4.04731e+01    4.04837e+01    4.04926e+01    4.05007e+01    4.05077e+01    4.05139e+01    4.05197e+01    4.05538e+01    4.05695e+01    4.05785e+01    4.05841e+01    4.05878e+01    4.05902e+01    4.05918e+01    4.05929e+01    
1.04220e+03    3.94243e+01    3.97175e+01    3.99011e+01    4.00334e+01    4.01526e+01    4.02458e+01    4.03070e+01    4.03491e+01    4.03813e+01    4.04071e+01    4.04282e+01    4.04453e+01    4.04601e+01    4.04727e+01    4.04836e+01    4.04930e+01    4.05014e+01    4.05088e+01    4.05154e+01    4.05215e+01    4.05575e+01    4.05739e+01    4.05833e+01    4.05891e+01    4.05928e+01    4.05953e+01    4.05969e+01    4.05980e+01    
1.04240e+03    3.94142e+01    3.97073e+01    3.98910e+01    4.00239e+01    4.01424e+01    4.02352e+01    4.02967e+01    4.03390e+01    4.03713e+01    4.03973e+01    4.04185e+01    4.04358e+01    4.04508e+01    4.04634e+01    4.04745e+01    4.04838e+01    4.04922e+01    4.04996e+01    4.05061e+01    4.05122e+01    4.05480e+01    4.05644e+01    4.05737e+01    4.05793e+01    4.05830e+01    4.05853e+01    4.05869e+01    4.05880e+01    
1.04260e+03    3.94063e+01    3.96994e+01    3.98834e+01    4.00166e+01    4.01319e+01    4.02214e+01    4.02816e+01    4.03236e+01    4.03557e+01    4.03817e+01    4.04029e+01    4.04203e+01    4.04354e+01    4.04481e+01    4.04592e+01    4.04684e+01    4.04768e+01    4.04840e+01    4.04904e+01    4.04963e+01    4.05311e+01    4.05470e+01    4.05559e+01    4.05613e+01    4.05648e+01    4.05670e+01    4.05683e+01    4.05693e+01    
1.04280e+03    3.94174e+01    3.97112e+01    3.98961e+01    4.00307e+01    4.01454e+01    4.02354e+01    4.02951e+01    4.03364e+01    4.03680e+01    4.03935e+01    4.04143e+01    4.04314e+01    4.04461e+01    4.04586e+01    4.04694e+01    4.04786e+01    4.04868e+01    4.04939e+01    4.05003e+01    4.05062e+01    4.05405e+01    4.05558e+01    4.05642e+01    4.05693e+01    4.05726e+01    4.05746e+01    4.05758e+01    4.05765e+01    
1.04300e+03    3.94133e+01    3.97068e+01    3.98910e+01    4.00247e+01    4.01426e+01    4.02355e+01    4.02972e+01    4.03398e+01    4.03724e+01    4.03984e+01    4.04196e+01    4.04369e+01    4.04518e+01    4.04643e+01    4.04752e+01    4.04844e+01    4.04927e+01    4.04999e+01    4.05064e+01    4.05123e+01    4.05470e+01    4.05625e+01    4.05710e+01    4.05761e+01    4.05794e+01    4.05814e+01    4.05825e+01    4.05832e+01    
1.04320e+03    3.93788e+01    3.96710e+01    3.98537e+01    3.99852e+01    4.01038e+01    4.01993e+01    4.02634e+01    4.03074e+01    4.03406e+01    4.03671e+01    4.03887e+01    4.04065e+01    4.04218e+01    4.04348e+01    4.04460e+01    4.04555e+01    4.04641e+01    4.04715e+01    4.04781e+01    4.04842e+01    4.05198e+01    4.05357e+01    4.05442e+01    4.05493e+01    4.05525e+01    4.05545e+01    4.05557e+01    4.05564e+01    
1.04340e+03    3.93785e+01    3.96700e+01    3.98515e+01    3.99800e+01    4.00947e+01    4.01855e+01    4.02477e+01    4.02909e+01    4.03235e+01    4.03498e+01    4.03714e+01    4.03892e+01    4.04048e+01    4.04179e+01    4.04294e+01    4.04391e+01    4.04479e+01    4.04555e+01    4.04624e+01    4.04686e+01    4.05059e+01    4.05226e+01    4.05315e+01    4.05367e+01    4.05399e+01    4.05419e+01    4.05431e+01    4.05439e+01    
1.04360e+03    3.93989e+01    3.96915e+01    3.98747e+01    4.00066e+01    4.01244e+01    4.02184e+01    4.02809e+01    4.03240e+01    4.03570e+01    4.03836e+01    4.04054e+01    4.04233e+01    4.04387e+01    4.04518e+01    4.04632e+01    4.04729e+01    4.04816e+01    4.04893e+01    4.04961e+01    4.05024e+01    4.05397e+01    4.05568e+01    4.05663e+01    4.05721e+01    4.05758e+01    4.05781e+01    4.05795e+01    4.05806e+01    
1.04380e+03    3.94031e+01    3.96954e+01    3.98782e+01    4.00098e+01    4.01279e+01    4.02224e+01    4.02852e+01    4.03284e+01    4.03616e+01    4.03884e+01    4.04103e+01    4.04283e+01    4.04439e+01    4.04571e+01    4.04687e+01    4.04785e+01    4.04873e+01    4.04951e+01    4.05020e+01    4.05084e+01    4.05466e+01    4.05643e+01    4.05744e+01    4.05807e+01    4.05847e+01    4.05873e+01    4.05889e+01    4.05900e+01    
1.04400e+03    3.94016e+01    3.96940e+01    3.98775e+01    4.00108e+01    4.01288e+01    4.02233e+01    4.02864e+01    4.03298e+01    4.03628e+01    4.03894e+01    4.04111e+01    4.04289e+01    4.04443e+01    4.04573e+01    4.04687e+01    4.04783e+01    4.04870e+01    4.04946e+01    4.05014e+01    4.05076e+01    4.05447e+01    4.05618e+01    4.05714e+01    4.05772e+01    4.05810e+01    4.05833e+01    4.05847e+01    4.05858e+01    
1.04420e+03    3.93956e+01    3.96881e+01    3.98718e+01    4.00057e+01    4.01230e+01    4.02169e+01    4.02805e+01    4.03246e+01    4.03579e+01    4.03845e+01    4.04060e+01    4.04236e+01    4.04387e+01    4.04515e+01    4.04626e+01    4.04720e+01    4.04804e+01    4.04878e+01    4.04944e+01    4.05004e+01    4.05362e+01    4.05525e+01    4.05616e+01    4.05672e+01    4.05707e+01    4.05730e+01    4.05743e+01    4.05752e+01    
1.04440e+03    3.94042e+01    3.96974e+01    3.98822e+01    4.00170e+01    4.01310e+01    4.02211e+01    4.02827e+01    4.03252e+01    4.03569e+01    4.03822e+01    4.04029e+01    4.04200e+01    4.04348e+01    4.04473e+01    4.04582e+01    4.04674e+01    4.04757e+01    4.04829e+01    4.04894e+01    4.04953e+01    4.05299e+01    4.05453e+01    4.05536e+01    4.05585e+01    4.05617e+01    4.05636e+01    4.05648e+01    4.05656e+01    
1.04460e+03    3.94210e+01    3.97155e+01    3.99021e+01    4.00397e+01    4.01535e+01    4.02424e+01    4.03027e+01    4.03445e+01    4.03758e+01    4.04006e+01    4.04208e+01    4.04372e+01    4.04513e+01    4.04631e+01    4.04734e+01    4.04821e+01    4.04899e+01    4.04966e+01    4.05026e+01    4.05081e+01    4.05406e+01    4.05554e+01    4.05637e+01    4.05689e+01    4.05722e+01    4.05742e+01    4.05754e+01    4.05761e+01    
1.04480e+03    3.94196e+01    3.97143e+01    3.99010e+01    4.00387e+01    4.01532e+01    4.02421e+01    4.03022e+01    4.03436e+01    4.03746e+01    4.03991e+01    4.04189e+01    4.04350e+01    4.04488e+01    4.04604e+01    4.04704e+01    4.04788e+01    4.04863e+01    4.04928e+01    4.04986e+01    4.05039e+01    4.05356e+01    4.05504e+01    4.05590e+01    4.05643e+01    4.05678e+01    4.05700e+01    4.05713e+01    4.05724e+01    
1.04500e+03    3.94068e+01    3.97009e+01    3.98865e+01    4.00222e+01    4.01378e+01    4.02274e+01    4.02875e+01    4.03286e+01    4.03592e+01    4.03832e+01    4.04027e+01    4.04184e+01    4.04319e+01    4.04432e+01    4.04529e+01    4.04609e+01    4.04681e+01    4.04743e+01    4.04797e+01    4.04847e+01    4.05147e+01    4.05294e+01    4.05380e+01    4.05433e+01    4.05468e+01    4.05491e+01    4.05503e+01    4.05512e+01    
1.04520e+03    3.94032e+01    3.96974e+01    3.98829e+01    4.00185e+01    4.01339e+01    4.02249e+01    4.02862e+01    4.03282e+01    4.03595e+01    4.03843e+01    4.04043e+01    4.04206e+01    4.04345e+01    4.04462e+01    4.04564e+01    4.04650e+01    4.04727e+01    4.04795e+01    4.04855e+01    4.04910e+01    4.05241e+01    4.05397e+01    4.05488e+01    4.05545e+01    4.05582e+01    4.05606e+01    4.05622e+01    4.05633e+01    
1.04540e+03    3.94003e+01    3.96946e+01    3.98805e+01    4.00169e+01    4.01328e+01    4.02249e+01    4.02867e+01    4.03290e+01    4.03607e+01    4.03859e+01    4.04062e+01    4.04228e+01    4.04371e+01    4.04491e+01    4.04597e+01    4.04686e+01    4.04768e+01    4.04839e+01    4.04902e+01    4.04961e+01    4.05309e+01    4.05469e+01    4.05562e+01    4.05621e+01    4.05660e+01    4.05685e+01    4.05702e+01    4.05714e+01    
1.04560e+03    3.93969e+01    3.96913e+01    3.98772e+01    4.00136e+01    4.01294e+01    4.02205e+01    4.02820e+01    4.03245e+01    4.03564e+01    4.03817e+01    4.04021e+01    4.04186e+01    4.04328e+01    4.04447e+01    4.04551e+01    4.04639e+01    4.04719e+01    4.04788e+01    4.04850e+01    4.04906e+01    4.05240e+01    4.05393e+01    4.05481e+01    4.05537e+01    4.05573e+01    4.05596e+01    4.05609e+01    4.05620e+01    
1.04580e+03    3.93881e+01    3.96828e+01    3.98690e+01    4.00058e+01    4.01212e+01    4.02116e+01    4.02729e+01    4.03152e+01    4.03469e+01    4.03721e+01    4.03924e+01    4.04089e+01    4.04231e+01    4.04349e+01    4.04451e+01    4.04537e+01    4.04614e+01    4.04680e+01    4.04739e+01    4.04793e+01    4.05115e+01    4.05266e+01    4.05352e+01    4.05404e+01    4.05438e+01    4.05459e+01    4.05472e+01    4.05479e+01    
1.04600e+03    3.93787e+01    3.96734e+01    3.98596e+01    3.99963e+01    4.01125e+01    4.02038e+01    4.02657e+01    4.03085e+01    4.03407e+01    4.03662e+01    4.03870e+01    4.04038e+01    4.04183e+01    4.04304e+01    4.04409e+01    4.04496e+01    4.04575e+01    4.04642e+01    4.04702e+01    4.04757e+01    4.05081e+01    4.05231e+01    4.05316e+01    4.05368e+01    4.05401e+01    4.05423e+01    4.05436e+01    4.05445e+01    
1.04620e+03    3.93755e+01    3.96700e+01    3.98559e+01    3.99922e+01    4.01088e+01    4.02017e+01    4.02650e+01    4.03089e+01    4.03423e+01    4.03688e+01    4.03904e+01    4.04079e+01    4.04231e+01    4.04358e+01    4.04469e+01    4.04563e+01    4.04648e+01    4.04723e+01    4.04789e+01    4.04850e+01    4.05207e+01    4.05366e+01    4.05457e+01    4.05512e+01    4.05548e+01    4.05571e+01    4.05584e+01    4.05595e+01    
1.04640e+03    3.93804e+01    3.96750e+01    3.98610e+01    3.99977e+01    4.01130e+01    4.02055e+01    4.02689e+01    4.03130e+01    4.03466e+01    4.03733e+01    4.03950e+01    4.04127e+01    4.04279e+01    4.04408e+01    4.04520e+01    4.04616e+01    4.04702e+01    4.04778e+01    4.04845e+01    4.04908e+01    4.05278e+01    4.05448e+01    4.05545e+01    4.05605e+01    4.05644e+01    4.05668e+01    4.05683e+01    4.05695e+01    
1.04660e+03    3.93865e+01    3.96812e+01    3.98678e+01    4.00055e+01    4.01200e+01    4.02117e+01    4.02746e+01    4.03183e+01    4.03514e+01    4.03777e+01    4.03992e+01    4.04167e+01    4.04318e+01    4.04445e+01    4.04557e+01    4.04652e+01    4.04737e+01    4.04812e+01    4.04880e+01    4.04942e+01    4.05313e+01    4.05486e+01    4.05585e+01    4.05647e+01    4.05688e+01    4.05714e+01    4.05731e+01    4.05742e+01    
1.04680e+03    3.93887e+01    3.96835e+01    3.98704e+01    4.00087e+01    4.01231e+01    4.02141e+01    4.02766e+01    4.03202e+01    4.03531e+01    4.03794e+01    4.04008e+01    4.04183e+01    4.04335e+01    4.04463e+01    4.04575e+01    4.04671e+01    4.04757e+01    4.04833e+01    4.04901e+01    4.04963e+01    4.05333e+01    4.05504e+01    4.05602e+01    4.05664e+01    4.05704e+01    4.05731e+01    4.05749e+01    4.05761e+01    
1.04700e+03    3.93822e+01    3.96767e+01    3.98631e+01    4.00008e+01    4.01144e+01    4.02049e+01    4.02676e+01    4.03115e+01    4.03447e+01    4.03713e+01    4.03930e+01    4.04108e+01    4.04261e+01    4.04391e+01    4.04505e+01    4.04602e+01    4.04690e+01    4.04767e+01    4.04836e+01    4.04899e+01    4.05276e+01    4.05451e+01    4.05551e+01    4.05613e+01    4.05654e+01    4.05682e+01    4.05699e+01    4.05711e+01    
1.04720e+03    3.93622e+01    3.96561e+01    3.98422e+01    3.99799e+01    4.00938e+01    4.01848e+01    4.02477e+01    4.02915e+01    4.03246e+01    4.03513e+01    4.03732e+01    4.03912e+01    4.04069e+01    4.04203e+01    4.04319e+01    4.04419e+01    4.04509e+01    4.04588e+01    4.04659e+01    4.04724e+01    4.05114e+01    4.05295e+01    4.05399e+01    4.05463e+01    4.05505e+01    4.05532e+01    4.05549e+01    4.05561e+01    
1.04740e+03    3.93389e+01    3.96314e+01    3.98158e+01    3.99506e+01    4.00646e+01    4.01557e+01    4.02193e+01    4.02637e+01    4.02971e+01    4.03239e+01    4.03462e+01    4.03648e+01    4.03810e+01    4.03948e+01    4.04069e+01    4.04172e+01    4.04265e+01    4.04348e+01    4.04421e+01    4.04489e+01    4.04892e+01    4.05077e+01    4.05180e+01    4.05243e+01    4.05282e+01    4.05308e+01    4.05323e+01    4.05335e+01    
1.04760e+03    3.93335e+01    3.96264e+01    3.98116e+01    3.99487e+01    4.00632e+01    4.01547e+01    4.02182e+01    4.02624e+01    4.02957e+01    4.03224e+01    4.03444e+01    4.03627e+01    4.03786e+01    4.03922e+01    4.04040e+01    4.04142e+01    4.04233e+01    4.04313e+01    4.04385e+01    4.04451e+01    4.04851e+01    4.05036e+01    4.05140e+01    4.05203e+01    4.05244e+01    4.05271e+01    4.05289e+01    4.05302e+01    
1.04780e+03    3.93248e+01    3.96180e+01    3.98043e+01    3.99440e+01    4.00590e+01    4.01485e+01    4.02112e+01    4.02551e+01    4.02879e+01    4.03140e+01    4.03354e+01    4.03531e+01    4.03684e+01    4.03814e+01    4.03928e+01    4.04025e+01    4.04112e+01    4.04189e+01    4.04258e+01    4.04321e+01    4.04707e+01    4.04890e+01    4.04992e+01    4.05055e+01    4.05095e+01    4.05121e+01    4.05137e+01    4.05150e+01    
1.04800e+03    3.92254e+01    3.95138e+01    3.96949e+01    3.98276e+01    3.99388e+01    4.00352e+01    4.01043e+01    4.01519e+01    4.01870e+01    4.02150e+01    4.02384e+01    4.02580e+01    4.02752e+01    4.02899e+01    4.03029e+01    4.03140e+01    4.03241e+01    4.03329e+01    4.03409e+01    4.03482e+01    4.03922e+01    4.04122e+01    4.04228e+01    4.04291e+01    4.04331e+01    4.04357e+01    4.04374e+01    4.04386e+01    
1.04820e+03    3.92608e+01    3.95518e+01    3.97365e+01    3.98757e+01    3.99918e+01    4.00833e+01    4.01479e+01    4.01931e+01    4.02268e+01    4.02537e+01    4.02762e+01    4.02948e+01    4.03112e+01    4.03252e+01    4.03375e+01    4.03480e+01    4.03576e+01    4.03660e+01    4.03736e+01    4.03806e+01    4.04219e+01    4.04402e+01    4.04499e+01    4.04556e+01    4.04591e+01    4.04614e+01    4.04629e+01    4.04639e+01    
1.04840e+03    3.92933e+01    3.95871e+01    3.97748e+01    3.99185e+01    4.00382e+01    4.01283e+01    4.01920e+01    4.02366e+01    4.02696e+01    4.02959e+01    4.03177e+01    4.03359e+01    4.03519e+01    4.03654e+01    4.03773e+01    4.03873e+01    4.03963e+01    4.04042e+01    4.04112e+01    4.04177e+01    4.04562e+01    4.04738e+01    4.04833e+01    4.04890e+01    4.04926e+01    4.04948e+01    4.04962e+01    4.04972e+01    
1.04860e+03    3.92779e+01    3.95712e+01    3.97575e+01    3.98978e+01    4.00165e+01    4.01065e+01    4.01716e+01    4.02169e+01    4.02499e+01    4.02762e+01    4.02985e+01    4.03174e+01    4.03341e+01    4.03485e+01    4.03610e+01    4.03717e+01    4.03813e+01    4.03897e+01    4.03972e+01    4.04041e+01    4.04453e+01    4.04641e+01    4.04739e+01    4.04796e+01    4.04832e+01    4.04855e+01    4.04869e+01    4.04880e+01    
1.04880e+03    3.92645e+01    3.95574e+01    3.97429e+01    3.98822e+01    4.00019e+01    4.00917e+01    4.01576e+01    4.02036e+01    4.02363e+01    4.02623e+01    4.02844e+01    4.03032e+01    4.03200e+01    4.03344e+01    4.03471e+01    4.03578e+01    4.03674e+01    4.03759e+01    4.03835e+01    4.03905e+01    4.04323e+01    4.04513e+01    4.04611e+01    4.04667e+01    4.04702e+01    4.04726e+01    4.04742e+01    4.04755e+01    
1.04900e+03    3.92276e+01    3.95177e+01    3.96990e+01    3.98309e+01    3.99524e+01    4.00442e+01    4.01121e+01    4.01585e+01    4.01902e+01    4.02150e+01    4.02364e+01    4.02551e+01    4.02719e+01    4.02864e+01    4.02993e+01    4.03103e+01    4.03203e+01    4.03291e+01    4.03370e+01    4.03443e+01    4.03878e+01    4.04069e+01    4.04163e+01    4.04215e+01    4.04246e+01    4.04266e+01    4.04279e+01    4.04289e+01    
1.04920e+03    3.91444e+01    3.94275e+01    3.95971e+01    3.97090e+01    3.98372e+01    3.99380e+01    4.00104e+01    4.00578e+01    4.00889e+01    4.01131e+01    4.01349e+01    4.01545e+01    4.01725e+01    4.01885e+01    4.02030e+01    4.02155e+01    4.02271e+01    4.02374e+01    4.02467e+01    4.02554e+01    4.03057e+01    4.03257e+01    4.03340e+01    4.03379e+01    4.03401e+01    4.03417e+01    4.03430e+01    4.03441e+01    
1.04940e+03    3.91464e+01    3.94310e+01    3.96038e+01    3.97230e+01    3.98545e+01    3.99545e+01    4.00270e+01    4.00747e+01    4.01056e+01    4.01293e+01    4.01505e+01    4.01694e+01    4.01867e+01    4.02020e+01    4.02157e+01    4.02275e+01    4.02382e+01    4.02478e+01    4.02564e+01    4.02643e+01    4.03103e+01    4.03285e+01    4.03363e+01    4.03400e+01    4.03422e+01    4.03439e+01    4.03453e+01    4.03464e+01    
1.04960e+03    3.91861e+01    3.94739e+01    3.96520e+01    3.97792e+01    3.98997e+01    3.99951e+01    4.00675e+01    4.01181e+01    4.01529e+01    4.01795e+01    4.02013e+01    4.02194e+01    4.02352e+01    4.02486e+01    4.02605e+01    4.02707e+01    4.02800e+01    4.02881e+01    4.02955e+01    4.03022e+01    4.03426e+01    4.03599e+01    4.03677e+01    4.03717e+01    4.03741e+01    4.03759e+01    4.03772e+01    4.03783e+01    
1.04980e+03    3.91264e+01    3.94111e+01    3.95854e+01    3.97063e+01    3.98259e+01    3.99186e+01    3.99864e+01    4.00307e+01    4.00590e+01    4.00809e+01    4.01009e+01    4.01189e+01    4.01356e+01    4.01505e+01    4.01637e+01    4.01750e+01    4.01854e+01    4.01946e+01    4.02028e+01    4.02104e+01    4.02541e+01    4.02709e+01    4.02777e+01    4.02806e+01    4.02822e+01    4.02834e+01    4.02844e+01    4.02853e+01    
1.05000e+03    3.91722e+01    3.94608e+01    3.96406e+01    3.97715e+01    3.98954e+01    3.99885e+01    4.00566e+01    4.01020e+01    4.01317e+01    4.01545e+01    4.01745e+01    4.01921e+01    4.02082e+01    4.02222e+01    4.02345e+01    4.02450e+01    4.02545e+01    4.02629e+01    4.02703e+01    4.02771e+01    4.03157e+01    4.03305e+01    4.03368e+01    4.03399e+01    4.03416e+01    4.03427e+01    4.03436e+01    4.03443e+01    
1.05020e+03    3.92685e+01    3.95623e+01    3.97491e+01    3.98897e+01    4.00076e+01    4.00941e+01    4.01574e+01    4.02012e+01    4.02317e+01    4.02553e+01    4.02754e+01    4.02924e+01    4.03075e+01    4.03204e+01    4.03316e+01    4.03411e+01    4.03496e+01    4.03570e+01    4.03636e+01    4.03696e+01    4.04044e+01    4.04191e+01    4.04264e+01    4.04304e+01    4.04329e+01    4.04345e+01    4.04355e+01    4.04364e+01    
1.05040e+03    3.92877e+01    3.95827e+01    3.97711e+01    3.99145e+01    4.00326e+01    4.01192e+01    4.01818e+01    4.02254e+01    4.02563e+01    4.02806e+01    4.03008e+01    4.03178e+01    4.03327e+01    4.03454e+01    4.03564e+01    4.03657e+01    4.03740e+01    4.03813e+01    4.03877e+01    4.03935e+01    4.04281e+01    4.04435e+01    4.04514e+01    4.04560e+01    4.04588e+01    4.04607e+01    4.04619e+01    4.04627e+01    
1.05060e+03    3.92750e+01    3.95693e+01    3.97569e+01    3.98985e+01    4.00136e+01    4.00967e+01    4.01576e+01    4.02001e+01    4.02300e+01    4.02535e+01    4.02733e+01    4.02901e+01    4.03051e+01    4.03178e+01    4.03289e+01    4.03383e+01    4.03466e+01    4.03539e+01    4.03604e+01    4.03664e+01    4.04021e+01    4.04184e+01    4.04269e+01    4.04317e+01    4.04348e+01    4.04367e+01    4.04380e+01    4.04389e+01    
1.05080e+03    3.91937e+01    3.94828e+01    3.96628e+01    3.97918e+01    3.99066e+01    3.99928e+01    4.00567e+01    4.00998e+01    4.01286e+01    4.01510e+01    4.01707e+01    4.01880e+01    4.02038e+01    4.02175e+01    4.02295e+01    4.02397e+01    4.02490e+01    4.02571e+01    4.02643e+01    4.02710e+01    4.03107e+01    4.03280e+01    4.03357e+01    4.03396e+01    4.03419e+01    4.03434e+01    4.03446e+01    4.03456e+01    
1.05100e+03    3.91916e+01    3.94804e+01    3.96604e+01    3.97897e+01    3.99058e+01    3.99920e+01    4.00553e+01    4.00979e+01    4.01264e+01    4.01486e+01    4.01685e+01    4.01861e+01    4.02023e+01    4.02165e+01    4.02291e+01    4.02401e+01    4.02500e+01    4.02589e+01    4.02668e+01    4.02742e+01    4.03177e+01    4.03360e+01    4.03443e+01    4.03484e+01    4.03509e+01    4.03526e+01    4.03538e+01    4.03549e+01    
1.05120e+03    3.92571e+01    3.95496e+01    3.97347e+01    3.98720e+01    3.99823e+01    4.00656e+01    4.01275e+01    4.01703e+01    4.02003e+01    4.02239e+01    4.02442e+01    4.02615e+01    4.02771e+01    4.02906e+01    4.03026e+01    4.03130e+01    4.03224e+01    4.03307e+01    4.03382e+01    4.03452e+01    4.03875e+01    4.04070e+01    4.04173e+01    4.04234e+01    4.04273e+01    4.04299e+01    4.04316e+01    4.04328e+01    
1.05140e+03    3.92687e+01    3.95601e+01    3.97427e+01    3.98749e+01    3.99883e+01    4.00757e+01    4.01389e+01    4.01823e+01    4.02131e+01    4.02374e+01    4.02581e+01    4.02758e+01    4.02917e+01    4.03054e+01    4.03175e+01    4.03280e+01    4.03375e+01    4.03459e+01    4.03535e+01    4.03605e+01    4.04034e+01    4.04230e+01    4.04330e+01    4.04388e+01    4.04424e+01    4.04448e+01    4.04464e+01    4.04476e+01    
1.05160e+03    3.93193e+01    3.96133e+01    3.97997e+01    3.99377e+01    4.00504e+01    4.01370e+01    4.01979e+01    4.02404e+01    4.02720e+01    4.02972e+01    4.03179e+01    4.03350e+01    4.03498e+01    4.03625e+01    4.03736e+01    4.03831e+01    4.03917e+01    4.03993e+01    4.04061e+01    4.04124e+01    4.04513e+01    4.04700e+01    4.04804e+01    4.04867e+01    4.04908e+01    4.04935e+01    4.04952e+01    4.04965e+01    
1.05180e+03    3.93367e+01    3.96311e+01    3.98179e+01    3.99559e+01    4.00683e+01    4.01556e+01    4.02159e+01    4.02578e+01    4.02893e+01    4.03144e+01    4.03349e+01    4.03518e+01    4.03663e+01    4.03787e+01    4.03895e+01    4.03987e+01    4.04070e+01    4.04142e+01    4.04207e+01    4.04267e+01    4.04634e+01    4.04808e+01    4.04905e+01    4.04964e+01    4.05002e+01    4.05027e+01    4.05044e+01    4.05055e+01    
1.05200e+03    3.93334e+01    3.96275e+01    3.98135e+01    3.99504e+01    4.00636e+01    4.01526e+01    4.02137e+01    4.02560e+01    4.02879e+01    4.03133e+01    4.03340e+01    4.03508e+01    4.03654e+01    4.03777e+01    4.03884e+01    4.03976e+01    4.04058e+01    4.04130e+01    4.04195e+01    4.04254e+01    4.04618e+01    4.04792e+01    4.04890e+01    4.04951e+01    4.04990e+01    4.05015e+01    4.05030e+01    4.05041e+01    
1.05220e+03    3.93327e+01    3.96271e+01    3.98137e+01    3.99516e+01    4.00629e+01    4.01501e+01    4.02104e+01    4.02521e+01    4.02833e+01    4.03080e+01    4.03282e+01    4.03447e+01    4.03590e+01    4.03711e+01    4.03816e+01    4.03905e+01    4.03986e+01    4.04057e+01    4.04120e+01    4.04178e+01    4.04535e+01    4.04707e+01    4.04804e+01    4.04863e+01    4.04902e+01    4.04926e+01    4.04941e+01    4.04950e+01    
1.05240e+03    3.93336e+01    3.96279e+01    3.98145e+01    3.99521e+01    4.00637e+01    4.01501e+01    4.02098e+01    4.02512e+01    4.02819e+01    4.03061e+01    4.03256e+01    4.03415e+01    4.03551e+01    4.03665e+01    4.03765e+01    4.03849e+01    4.03924e+01    4.03990e+01    4.04048e+01    4.04102e+01    4.04436e+01    4.04601e+01    4.04694e+01    4.04751e+01    4.04788e+01    4.04813e+01    4.04828e+01    4.04838e+01    
1.05260e+03    3.93438e+01    3.96387e+01    3.98262e+01    3.99652e+01    4.00774e+01    4.01641e+01    4.02236e+01    4.02649e+01    4.02955e+01    4.03195e+01    4.03386e+01    4.03539e+01    4.03670e+01    4.03779e+01    4.03873e+01    4.03951e+01    4.04021e+01    4.04083e+01    4.04137e+01    4.04186e+01    4.04496e+01    4.04652e+01    4.04741e+01    4.04796e+01    4.04832e+01    4.04855e+01    4.04869e+01    4.04878e+01    
1.05280e+03    3.93345e+01    3.96295e+01    3.98174e+01    3.99579e+01    4.00714e+01    4.01587e+01    4.02186e+01    4.02602e+01    4.02912e+01    4.03156e+01    4.03351e+01    4.03508e+01    4.03642e+01    4.03753e+01    4.03850e+01    4.03931e+01    4.04004e+01    4.04067e+01    4.04123e+01    4.04174e+01    4.04487e+01    4.04638e+01    4.04725e+01    4.04778e+01    4.04812e+01    4.04834e+01    4.04848e+01    4.04856e+01    
1.05300e+03    3.93117e+01    3.96054e+01    3.97921e+01    3.99317e+01    4.00451e+01    4.01312e+01    4.01913e+01    4.02331e+01    4.02639e+01    4.02881e+01    4.03075e+01    4.03233e+01    4.03368e+01    4.03481e+01    4.03579e+01    4.03661e+01    4.03734e+01    4.03798e+01    4.03854e+01    4.03906e+01    4.04226e+01    4.04383e+01    4.04469e+01    4.04520e+01    4.04553e+01    4.04575e+01    4.04589e+01    4.04599e+01    
1.05320e+03    3.93094e+01    3.96014e+01    3.97856e+01    3.99203e+01    4.00310e+01    4.01145e+01    4.01737e+01    4.02149e+01    4.02448e+01    4.02681e+01    4.02870e+01    4.03025e+01    4.03159e+01    4.03272e+01    4.03369e+01    4.03452e+01    4.03525e+01    4.03590e+01    4.03647e+01    4.03699e+01    4.04025e+01    4.04184e+01    4.04271e+01    4.04323e+01    4.04356e+01    4.04377e+01    4.04390e+01    4.04399e+01    
1.05340e+03    3.93503e+01    3.96439e+01    3.98304e+01    3.99692e+01    4.00823e+01    4.01707e+01    4.02312e+01    4.02734e+01    4.03051e+01    4.03300e+01    4.03498e+01    4.03656e+01    4.03791e+01    4.03903e+01    4.04000e+01    4.04083e+01    4.04156e+01    4.04221e+01    4.04279e+01    4.04332e+01    4.04662e+01    4.04825e+01    4.04916e+01    4.04972e+01    4.05008e+01    4.05031e+01    4.05045e+01    4.05054e+01    
1.05360e+03    3.93459e+01    3.96397e+01    3.98268e+01    3.99674e+01    4.00812e+01    4.01716e+01    4.02336e+01    4.02768e+01    4.03094e+01    4.03351e+01    4.03556e+01    4.03720e+01    4.03860e+01    4.03978e+01    4.04082e+01    4.04171e+01    4.04252e+01    4.04324e+01    4.04388e+01    4.04448e+01    4.04816e+01    4.04991e+01    4.05090e+01    4.05149e+01    4.05188e+01    4.05213e+01    4.05228e+01    4.05238e+01    
1.05380e+03    3.92990e+01    3.95899e+01    3.97730e+01    3.99070e+01    4.00200e+01    4.01108e+01    4.01746e+01    4.02192e+01    4.02524e+01    4.02785e+01    4.02995e+01    4.03166e+01    4.03313e+01    4.03437e+01    4.03547e+01    4.03642e+01    4.03728e+01    4.03804e+01    4.03873e+01    4.03937e+01    4.04329e+01    4.04511e+01    4.04609e+01    4.04668e+01    4.04705e+01    4.04728e+01    4.04742e+01    4.04752e+01    
1.05400e+03    3.92996e+01    3.95907e+01    3.97738e+01    3.99070e+01    4.00192e+01    4.01087e+01    4.01705e+01    4.02135e+01    4.02458e+01    4.02714e+01    4.02918e+01    4.03083e+01    4.03223e+01    4.03341e+01    4.03443e+01    4.03531e+01    4.03609e+01    4.03677e+01    4.03739e+01    4.03795e+01    4.04149e+01    4.04324e+01    4.04420e+01    4.04478e+01    4.04515e+01    4.04539e+01    4.04554e+01    4.04564e+01    
1.05420e+03    3.93087e+01    3.96005e+01    3.97843e+01    3.99183e+01    4.00301e+01    4.01191e+01    4.01804e+01    4.02231e+01    4.02555e+01    4.02811e+01    4.03016e+01    4.03181e+01    4.03322e+01    4.03439e+01    4.03540e+01    4.03625e+01    4.03702e+01    4.03768e+01    4.03827e+01    4.03881e+01    4.04220e+01    4.04391e+01    4.04488e+01    4.04547e+01    4.04586e+01    4.04612e+01    4.04627e+01    4.04638e+01    
1.05440e+03    3.93089e+01    3.96007e+01    3.97844e+01    3.99182e+01    4.00306e+01    4.01212e+01    4.01831e+01    4.02261e+01    4.02587e+01    4.02845e+01    4.03050e+01    4.03215e+01    4.03355e+01    4.03472e+01    4.03573e+01    4.03658e+01    4.03735e+01    4.03801e+01    4.03861e+01    4.03915e+01    4.04257e+01    4.04429e+01    4.04526e+01    4.04586e+01    4.04625e+01    4.04651e+01    4.04667e+01    4.04678e+01    
1.05460e+03    3.93203e+01    3.96123e+01    3.97965e+01    3.99318e+01    4.00442e+01    4.01337e+01    4.01949e+01    4.02379e+01    4.02704e+01    4.02961e+01    4.03163e+01    4.03323e+01    4.03458e+01    4.03569e+01    4.03665e+01    4.03746e+01    4.03819e+01    4.03882e+01    4.03938e+01    4.03989e+01    4.04316e+01    4.04483e+01    4.04579e+01    4.04637e+01    4.04675e+01    4.04700e+01    4.04715e+01    4.04725e+01    
1.05480e+03    3.93279e+01    3.96197e+01    3.98042e+01    3.99403e+01    4.00530e+01    4.01419e+01    4.02028e+01    4.02454e+01    4.02777e+01    4.03029e+01    4.03229e+01    4.03386e+01    4.03520e+01    4.03630e+01    4.03727e+01    4.03808e+01    4.03882e+01    4.03946e+01    4.04003e+01    4.04056e+01    4.04392e+01    4.04561e+01    4.04656e+01    4.04714e+01    4.04751e+01    4.04776e+01    4.04790e+01    4.04800e+01    
1.05500e+03    3.93257e+01    3.96175e+01    3.98016e+01    3.99365e+01    4.00484e+01    4.01351e+01    4.01939e+01    4.02344e+01    4.02646e+01    4.02883e+01    4.03074e+01    4.03228e+01    4.03359e+01    4.03469e+01    4.03564e+01    4.03644e+01    4.03715e+01    4.03778e+01    4.03833e+01    4.03884e+01    4.04212e+01    4.04382e+01    4.04477e+01    4.04534e+01    4.04571e+01    4.04596e+01    4.04611e+01    4.04621e+01    
1.05520e+03    3.93334e+01    3.96258e+01    3.98101e+01    3.99451e+01    4.00594e+01    4.01481e+01    4.02083e+01    4.02499e+01    4.02811e+01    4.03053e+01    4.03244e+01    4.03395e+01    4.03522e+01    4.03627e+01    4.03718e+01    4.03795e+01    4.03864e+01    4.03924e+01    4.03977e+01    4.04026e+01    4.04340e+01    4.04503e+01    4.04596e+01    4.04654e+01    4.04691e+01    4.04715e+01    4.04729e+01    4.04738e+01    
1.05540e+03    3.93524e+01    3.96462e+01    3.98321e+01    3.99691e+01    4.00827e+01    4.01701e+01    4.02293e+01    4.02704e+01    4.03011e+01    4.03250e+01    4.03437e+01    4.03584e+01    4.03709e+01    4.03811e+01    4.03901e+01    4.03976e+01    4.04044e+01    4.04103e+01    4.04156e+01    4.04205e+01    4.04513e+01    4.04670e+01    4.04759e+01    4.04813e+01    4.04848e+01    4.04871e+01    4.04885e+01    4.04894e+01    
1.05560e+03    3.93475e+01    3.96409e+01    3.98265e+01    3.99630e+01    4.00769e+01    4.01650e+01    4.02244e+01    4.02656e+01    4.02964e+01    4.03205e+01    4.03394e+01    4.03544e+01    4.03670e+01    4.03774e+01    4.03865e+01    4.03941e+01    4.04008e+01    4.04068e+01    4.04121e+01    4.04169e+01    4.04480e+01    4.04641e+01    4.04733e+01    4.04789e+01    4.04826e+01    4.04849e+01    4.04862e+01    4.04871e+01    
1.05580e+03    3.93283e+01    3.96210e+01    3.98059e+01    3.99416e+01    4.00563e+01    4.01439e+01    4.02019e+01    4.02417e+01    4.02715e+01    4.02950e+01    4.03137e+01    4.03287e+01    4.03413e+01    4.03517e+01    4.03606e+01    4.03680e+01    4.03745e+01    4.03802e+01    4.03851e+01    4.03896e+01    4.04186e+01    4.04341e+01    4.04430e+01    4.04484e+01    4.04519e+01    4.04541e+01    4.04555e+01    4.04564e+01    
1.05600e+03    3.93229e+01    3.96157e+01    3.98013e+01    3.99391e+01    4.00537e+01    4.01399e+01    4.01967e+01    4.02358e+01    4.02652e+01    4.02886e+01    4.03072e+01    4.03222e+01    4.03349e+01    4.03454e+01    4.03544e+01    4.03618e+01    4.03684e+01    4.03741e+01    4.03791e+01    4.03836e+01    4.04129e+01    4.04285e+01    4.04374e+01    4.04430e+01    4.04466e+01    4.04489e+01    4.04503e+01    4.04512e+01    
1.05620e+03    3.93059e+01    3.95979e+01    3.97833e+01    3.99220e+01    4.00362e+01    4.01232e+01    4.01831e+01    4.02244e+01    4.02546e+01    4.02782e+01    4.02971e+01    4.03124e+01    4.03255e+01    4.03365e+01    4.03461e+01    4.03542e+01    4.03614e+01    4.03678e+01    4.03734e+01    4.03786e+01    4.04104e+01    4.04260e+01    4.04349e+01    4.04404e+01    4.04440e+01    4.04463e+01    4.04477e+01    4.04487e+01    
1.05640e+03    3.93137e+01    3.96044e+01    3.97874e+01    3.99212e+01    4.00343e+01    4.01219e+01    4.01818e+01    4.02229e+01    4.02531e+01    4.02767e+01    4.02959e+01    4.03117e+01    4.03252e+01    4.03368e+01    4.03470e+01    4.03558e+01    4.03638e+01    4.03708e+01    4.03771e+01    4.03830e+01    4.04176e+01    4.04330e+01    4.04415e+01    4.04467e+01    4.04500e+01    4.04522e+01    4.04536e+01    4.04546e+01    
1.05660e+03    3.93470e+01    3.96397e+01    3.98250e+01    3.99624e+01    4.00776e+01    4.01674e+01    4.02277e+01    4.02693e+01    4.03002e+01    4.03244e+01    4.03436e+01    4.03587e+01    4.03715e+01    4.03821e+01    4.03913e+01    4.03989e+01    4.04058e+01    4.04117e+01    4.04169e+01    4.04217e+01    4.04502e+01    4.04636e+01    4.04711e+01    4.04756e+01    4.04786e+01    4.04805e+01    4.04816e+01    4.04824e+01    
1.05680e+03    3.93532e+01    3.96462e+01    3.98318e+01    3.99693e+01    4.00842e+01    4.01735e+01    4.02337e+01    4.02753e+01    4.03065e+01    4.03308e+01    4.03501e+01    4.03653e+01    4.03782e+01    4.03889e+01    4.03980e+01    4.04055e+01    4.04123e+01    4.04181e+01    4.04231e+01    4.04277e+01    4.04541e+01    4.04657e+01    4.04721e+01    4.04760e+01    4.04785e+01    4.04800e+01    4.04809e+01    4.04816e+01    
1.05700e+03    3.93331e+01    3.96263e+01    3.98126e+01    3.99523e+01    4.00685e+01    4.01585e+01    4.02188e+01    4.02605e+01    4.02920e+01    4.03168e+01    4.03364e+01    4.03519e+01    4.03650e+01    4.03758e+01    4.03850e+01    4.03927e+01    4.03995e+01    4.04054e+01    4.04105e+01    4.04152e+01    4.04422e+01    4.04543e+01    4.04609e+01    4.04650e+01    4.04675e+01    4.04690e+01    4.04699e+01    4.04705e+01    
1.05720e+03    3.93305e+01    3.96231e+01    3.98080e+01    3.99443e+01    4.00589e+01    4.01476e+01    4.02075e+01    4.02486e+01    4.02790e+01    4.03029e+01    4.03222e+01    4.03379e+01    4.03513e+01    4.03624e+01    4.03721e+01    4.03801e+01    4.03872e+01    4.03933e+01    4.03987e+01    4.04037e+01    4.04323e+01    4.04451e+01    4.04522e+01    4.04564e+01    4.04591e+01    4.04609e+01    4.04621e+01    4.04629e+01    
1.05740e+03    3.93525e+01    3.96459e+01    3.98316e+01    3.99685e+01    4.00815e+01    4.01698e+01    4.02304e+01    4.02724e+01    4.03037e+01    4.03282e+01    4.03476e+01    4.03632e+01    4.03764e+01    4.03873e+01    4.03966e+01    4.04044e+01    4.04112e+01    4.04171e+01    4.04223e+01    4.04270e+01    4.04547e+01    4.04674e+01    4.04746e+01    4.04790e+01    4.04818e+01    4.04836e+01    4.04847e+01    4.04854e+01    
1.05760e+03    3.93631e+01    3.96566e+01    3.98426e+01    3.99801e+01    4.00941e+01    4.01835e+01    4.02448e+01    4.02875e+01    4.03194e+01    4.03445e+01    4.03643e+01    4.03801e+01    4.03935e+01    4.04045e+01    4.04140e+01    4.04219e+01    4.04290e+01    4.04351e+01    4.04405e+01    4.04454e+01    4.04744e+01    4.04880e+01    4.04957e+01    4.05005e+01    4.05036e+01    4.05055e+01    4.05066e+01    4.05073e+01    
1.05780e+03    3.93596e+01    3.96526e+01    3.98380e+01    3.99748e+01    4.00902e+01    4.01796e+01    4.02403e+01    4.02823e+01    4.03135e+01    4.03381e+01    4.03579e+01    4.03738e+01    4.03873e+01    4.03986e+01    4.04082e+01    4.04163e+01    4.04234e+01    4.04296e+01    4.04350e+01    4.04400e+01    4.04702e+01    4.04850e+01    4.04934e+01    4.04986e+01    4.05020e+01    4.05041e+01    4.05054e+01    4.05062e+01    
1.05800e+03    3.93558e+01    3.96486e+01    3.98340e+01    3.99711e+01    4.00852e+01    4.01738e+01    4.02338e+01    4.02751e+01    4.03062e+01    4.03310e+01    4.03510e+01    4.03673e+01    4.03813e+01    4.03931e+01    4.04033e+01    4.04118e+01    4.04195e+01    4.04262e+01    4.04321e+01    4.04375e+01    4.04704e+01    4.04861e+01    4.04951e+01    4.05006e+01    4.05042e+01    4.05066e+01    4.05080e+01    4.05090e+01    
1.05820e+03    3.93571e+01    3.96495e+01    3.98345e+01    3.99713e+01    4.00857e+01    4.01752e+01    4.02360e+01    4.02787e+01    4.03114e+01    4.03373e+01    4.03580e+01    4.03745e+01    4.03886e+01    4.04004e+01    4.04106e+01    4.04193e+01    4.04271e+01    4.04340e+01    4.04401e+01    4.04457e+01    4.04798e+01    4.04961e+01    4.05056e+01    4.05114e+01    4.05153e+01    4.05177e+01    4.05192e+01    4.05202e+01    
1.05840e+03    3.93562e+01    3.96483e+01    3.98328e+01    3.99686e+01    4.00816e+01    4.01706e+01    4.02307e+01    4.02725e+01    4.03043e+01    4.03296e+01    4.03499e+01    4.03663e+01    4.03803e+01    4.03920e+01    4.04022e+01    4.04108e+01    4.04186e+01    4.04254e+01    4.04314e+01    4.04370e+01    4.04712e+01    4.04878e+01    4.04972e+01    4.05030e+01    4.05067e+01    4.05091e+01    4.05105e+01    4.05114e+01    
1.05860e+03    3.93533e+01    3.96453e+01    3.98295e+01    3.99650e+01    4.00783e+01    4.01675e+01    4.02278e+01    4.02698e+01    4.03020e+01    4.03276e+01    4.03482e+01    4.03648e+01    4.03791e+01    4.03911e+01    4.04016e+01    4.04105e+01    4.04185e+01    4.04256e+01    4.04320e+01    4.04378e+01    4.04736e+01    4.04906e+01    4.05002e+01    4.05061e+01    4.05099e+01    4.05123e+01    4.05136e+01    4.05145e+01    
1.05880e+03    3.93586e+01    3.96510e+01    3.98356e+01    3.99713e+01    4.00844e+01    4.01729e+01    4.02328e+01    4.02746e+01    4.03066e+01    4.03321e+01    4.03526e+01    4.03693e+01    4.03835e+01    4.03955e+01    4.04060e+01    4.04150e+01    4.04231e+01    4.04302e+01    4.04366e+01    4.04425e+01    4.04787e+01    4.04959e+01    4.05056e+01    4.05116e+01    4.05155e+01    4.05180e+01    4.05195e+01    4.05205e+01    
1.05900e+03    3.93597e+01    3.96523e+01    3.98371e+01    3.99727e+01    4.00849e+01    4.01724e+01    4.02318e+01    4.02731e+01    4.03044e+01    4.03293e+01    4.03494e+01    4.03657e+01    4.03796e+01    4.03913e+01    4.04015e+01    4.04102e+01    4.04180e+01    4.04248e+01    4.04308e+01    4.04364e+01    4.04712e+01    4.04884e+01    4.04981e+01    4.05041e+01    4.05080e+01    4.05104e+01    4.05119e+01    4.05128e+01    
1.05920e+03    3.93616e+01    3.96546e+01    3.98398e+01    3.99763e+01    4.00899e+01    4.01785e+01    4.02393e+01    4.02819e+01    4.03140e+01    4.03392e+01    4.03593e+01    4.03753e+01    4.03890e+01    4.04004e+01    4.04105e+01    4.04191e+01    4.04270e+01    4.04339e+01    4.04401e+01    4.04458e+01    4.04814e+01    4.04986e+01    4.05083e+01    4.05142e+01    4.05181e+01    4.05205e+01    4.05219e+01    4.05229e+01    
1.05940e+03    3.93629e+01    3.96562e+01    3.98416e+01    3.99780e+01    4.00910e+01    4.01791e+01    4.02397e+01    4.02822e+01    4.03142e+01    4.03393e+01    4.03592e+01    4.03749e+01    4.03883e+01    4.03994e+01    4.04092e+01    4.04175e+01    4.04249e+01    4.04315e+01    4.04374e+01    4.04428e+01    4.04766e+01    4.04933e+01    4.05027e+01    4.05085e+01    4.05123e+01    4.05147e+01    4.05162e+01    4.05172e+01    
1.05960e+03    3.93704e+01    3.96636e+01    3.98488e+01    3.99844e+01    4.00972e+01    4.01856e+01    4.02458e+01    4.02878e+01    4.03195e+01    4.03444e+01    4.03641e+01    4.03799e+01    4.03933e+01    4.04045e+01    4.04145e+01    4.04229e+01    4.04307e+01    4.04375e+01    4.04436e+01    4.04493e+01    4.04846e+01    4.05016e+01    4.05110e+01    4.05166e+01    4.05202e+01    4.05225e+01    4.05240e+01    4.05251e+01    
1.05980e+03    3.93668e+01    3.96594e+01    3.98441e+01    3.99796e+01    4.00936e+01    4.01827e+01    4.02433e+01    4.02854e+01    4.03171e+01    4.03422e+01    4.03623e+01    4.03784e+01    4.03923e+01    4.04040e+01    4.04142e+01    4.04229e+01    4.04308e+01    4.04378e+01    4.04440e+01    4.04498e+01    4.04861e+01    4.05039e+01    4.05134e+01    4.05190e+01    4.05225e+01    4.05248e+01    4.05262e+01    4.05272e+01    
1.06000e+03    3.93576e+01    3.96496e+01    3.98336e+01    3.99688e+01    4.00838e+01    4.01738e+01    4.02348e+01    4.02771e+01    4.03087e+01    4.03338e+01    4.03539e+01    4.03702e+01    4.03841e+01    4.03957e+01    4.04058e+01    4.04143e+01    4.04218e+01    4.04284e+01    4.04342e+01    4.04395e+01    4.04712e+01    4.04860e+01    4.04943e+01    4.04995e+01    4.05029e+01    4.05052e+01    4.05065e+01    4.05073e+01    
