                                             NORMALIZED SPECTRUM
               |-------------------------------------------------------------------------------------------------------------------------------------------------------------------------------------------------------------------------------------------------------------------------------------------------------------------------------------------------------------------------------------------------------------------------------|
WAVELENGTH [A]    1 Myr          2 Myr          3 Myr          4 Myr          5 Myr          6 Myr          7 Myr          8 Myr          9 Myr          10 Myr         11 Myr         12 Myr         13 Myr        14 Myr         15 Myr         16 Myr          17 Myr        18 Myr         19 Myr         20 Myr          30Myr          40Myr          50Myr           60Myr         70Myr           80Myr         90Myr           100Myr
1.01600e+03    9.92200e-01    9.94800e-01    9.96700e-01    9.97700e-01    9.98400e-01    9.98900e-01    9.99200e-01    9.99400e-01    9.99500e-01    9.99600e-01    9.99700e-01    9.99700e-01    9.99800e-01    9.99900e-01    1.00000e+00    1.00000e+00    1.00010e+00    1.00020e+00    1.00020e+00    1.00030e+00    1.00090e+00    1.00190e+00    1.00340e+00    1.00470e+00    1.00550e+00    1.00590e+00    1.00600e+00    1.00600e+00    
1.01620e+03    9.93600e-01    9.95600e-01    9.97100e-01    9.97900e-01    9.98400e-01    9.98700e-01    9.98900e-01    9.99000e-01    9.99100e-01    9.99200e-01    9.99200e-01    9.99300e-01    9.99300e-01    9.99300e-01    9.99400e-01    9.99400e-01    9.99400e-01    9.99400e-01    9.99400e-01    9.99500e-01    9.99600e-01    9.99800e-01    1.00000e+00    1.00020e+00    1.00040e+00    1.00040e+00    1.00040e+00    1.00040e+00    
1.01640e+03    9.92400e-01    9.94300e-01    9.95700e-01    9.96700e-01    9.97400e-01    9.97800e-01    9.98000e-01    9.98200e-01    9.98200e-01    9.98300e-01    9.98300e-01    9.98300e-01    9.98300e-01    9.98300e-01    9.98300e-01    9.98300e-01    9.98300e-01    9.98300e-01    9.98300e-01    9.98200e-01    9.97600e-01    9.96900e-01    9.96500e-01    9.96300e-01    9.96200e-01    9.96100e-01    9.96100e-01    9.96100e-01    
1.01660e+03    9.99700e-01    1.00130e+00    1.00220e+00    1.00180e+00    1.00130e+00    1.00110e+00    1.00090e+00    1.00080e+00    1.00070e+00    1.00060e+00    1.00060e+00    1.00050e+00    1.00050e+00    1.00040e+00    1.00040e+00    1.00030e+00    1.00030e+00    1.00020e+00    1.00020e+00    1.00010e+00    9.98900e-01    9.98300e-01    9.99200e-01    1.00020e+00    1.00100e+00    1.00140e+00    1.00150e+00    1.00150e+00    
1.01680e+03    1.00150e+00    1.00290e+00    1.00340e+00    1.00250e+00    1.00160e+00    1.00100e+00    1.00060e+00    1.00030e+00    1.00010e+00    9.99900e-01    9.99800e-01    9.99600e-01    9.99400e-01    9.99300e-01    9.99100e-01    9.99000e-01    9.98800e-01    9.98600e-01    9.98500e-01    9.98300e-01    9.94900e-01    9.92200e-01    9.91600e-01    9.91700e-01    9.91900e-01    9.92100e-01    9.92100e-01    9.92200e-01    
1.01700e+03    9.96700e-01    9.97600e-01    9.98100e-01    9.98000e-01    9.97900e-01    9.97600e-01    9.97300e-01    9.97100e-01    9.97000e-01    9.96800e-01    9.96600e-01    9.96400e-01    9.96100e-01    9.95900e-01    9.95700e-01    9.95400e-01    9.95200e-01    9.94900e-01    9.94600e-01    9.94300e-01    9.88600e-01    9.83400e-01    9.80700e-01    9.79300e-01    9.78500e-01    9.78200e-01    9.78100e-01    9.78200e-01    
1.01720e+03    9.92600e-01    9.93000e-01    9.93600e-01    9.94200e-01    9.94800e-01    9.94900e-01    9.94800e-01    9.94800e-01    9.94700e-01    9.94500e-01    9.94300e-01    9.94100e-01    9.93900e-01    9.93600e-01    9.93400e-01    9.93100e-01    9.92800e-01    9.92500e-01    9.92100e-01    9.91700e-01    9.85000e-01    9.78600e-01    9.74700e-01    9.72400e-01    9.71000e-01    9.70400e-01    9.70300e-01    9.70400e-01    
1.01740e+03    9.87600e-01    9.88100e-01    9.88900e-01    9.90600e-01    9.92100e-01    9.92700e-01    9.92800e-01    9.93000e-01    9.93000e-01    9.93000e-01    9.92900e-01    9.92700e-01    9.92500e-01    9.92300e-01    9.92100e-01    9.91800e-01    9.91500e-01    9.91200e-01    9.90900e-01    9.90500e-01    9.83800e-01    9.77400e-01    9.73700e-01    9.71500e-01    9.70300e-01    9.69800e-01    9.69700e-01    9.69800e-01    
1.01760e+03    9.78800e-01    9.79400e-01    9.80600e-01    9.83400e-01    9.85800e-01    9.86200e-01    9.85700e-01    9.85100e-01    9.84200e-01    9.83000e-01    9.81300e-01    9.79700e-01    9.78100e-01    9.76800e-01    9.75800e-01    9.75200e-01    9.74800e-01    9.74600e-01    9.74400e-01    9.74300e-01    9.71200e-01    9.67500e-01    9.65700e-01    9.64800e-01    9.64300e-01    9.64100e-01    9.64200e-01    9.64300e-01    
1.01780e+03    9.81400e-01    9.82300e-01    9.83900e-01    9.87400e-01    9.90300e-01    9.92200e-01    9.93300e-01    9.94200e-01    9.94800e-01    9.95400e-01    9.96000e-01    9.96500e-01    9.96900e-01    9.97200e-01    9.97400e-01    9.97500e-01    9.97500e-01    9.97400e-01    9.97300e-01    9.97100e-01    9.93700e-01    9.90600e-01    9.89100e-01    9.88400e-01    9.88000e-01    9.87900e-01    9.87900e-01    9.87900e-01    
1.01800e+03    9.38400e-01    9.39400e-01    9.41200e-01    9.44900e-01    9.44300e-01    9.33100e-01    9.24000e-01    9.17200e-01    9.12300e-01    9.09800e-01    9.09600e-01    9.10700e-01    9.12500e-01    9.14500e-01    9.16300e-01    9.17900e-01    9.19400e-01    9.20700e-01    9.21900e-01    9.23000e-01    9.27800e-01    9.28400e-01    9.28300e-01    9.28100e-01    9.27900e-01    9.28000e-01    9.28100e-01    9.28000e-01    
1.01820e+03    9.11600e-01    9.11000e-01    9.09200e-01    9.05000e-01    9.04400e-01    8.99300e-01    8.96800e-01    8.94900e-01    8.93100e-01    8.92500e-01    8.93500e-01    8.95300e-01    8.97300e-01    8.99000e-01    8.99800e-01    9.00100e-01    8.99900e-01    8.99500e-01    8.98800e-01    8.98100e-01    8.97000e-01    8.99400e-01    9.00000e-01    9.00000e-01    8.99900e-01    8.99700e-01    8.99600e-01    8.99200e-01    
1.01840e+03    9.79600e-01    9.81500e-01    9.83000e-01    9.84100e-01    9.84700e-01    9.86100e-01    9.85800e-01    9.85100e-01    9.85000e-01    9.85700e-01    9.87000e-01    9.88500e-01    9.90100e-01    9.91400e-01    9.92400e-01    9.93000e-01    9.93400e-01    9.93600e-01    9.93700e-01    9.93700e-01    9.93100e-01    9.92400e-01    9.91300e-01    9.90400e-01    9.89700e-01    9.89300e-01    9.89200e-01    9.89300e-01    
1.01860e+03    1.03530e+00    1.03820e+00    1.04160e+00    1.04640e+00    1.04820e+00    1.05150e+00    1.05250e+00    1.05280e+00    1.05310e+00    1.05320e+00    1.05310e+00    1.05280e+00    1.05260e+00    1.05260e+00    1.05270e+00    1.05310e+00    1.05360e+00    1.05410e+00    1.05470e+00    1.05520e+00    1.05690e+00    1.05570e+00    1.05430e+00    1.05320e+00    1.05240e+00    1.05190e+00    1.05160e+00    1.05160e+00    
1.01880e+03    1.06220e+00    1.06370e+00    1.06490e+00    1.06580e+00    1.06600e+00    1.06740e+00    1.06780e+00    1.06830e+00    1.06880e+00    1.06920e+00    1.06930e+00    1.06920e+00    1.06910e+00    1.06920e+00    1.06940e+00    1.06970e+00    1.07020e+00    1.07080e+00    1.07130e+00    1.07180e+00    1.07280e+00    1.07080e+00    1.06910e+00    1.06790e+00    1.06700e+00    1.06650e+00    1.06620e+00    1.06570e+00    
1.01900e+03    1.04380e+00    1.04460e+00    1.04570e+00    1.04740e+00    1.04720e+00    1.04540e+00    1.04420e+00    1.04300e+00    1.04180e+00    1.04110e+00    1.04120e+00    1.04190e+00    1.04280e+00    1.04370e+00    1.04460e+00    1.04540e+00    1.04620e+00    1.04680e+00    1.04740e+00    1.04790e+00    1.04750e+00    1.04430e+00    1.04150e+00    1.03950e+00    1.03810e+00    1.03760e+00    1.03750e+00    1.03730e+00    
1.01920e+03    9.53400e-01    9.50700e-01    9.48400e-01    9.45300e-01    9.39400e-01    9.35000e-01    9.31900e-01    9.27000e-01    9.20900e-01    9.16200e-01    9.14200e-01    9.13900e-01    9.14500e-01    9.15500e-01    9.16500e-01    9.17300e-01    9.18100e-01    9.18800e-01    9.19400e-01    9.19900e-01    9.20800e-01    9.18800e-01    9.16500e-01    9.14600e-01    9.13200e-01    9.12600e-01    9.12300e-01    9.11900e-01    
1.01940e+03    9.43100e-01    9.40100e-01    9.37100e-01    9.32400e-01    9.26300e-01    9.15600e-01    9.08400e-01    9.02200e-01    8.96000e-01    8.91100e-01    8.88400e-01    8.87000e-01    8.86300e-01    8.85800e-01    8.85200e-01    8.84500e-01    8.83700e-01    8.82900e-01    8.82100e-01    8.81200e-01    8.74500e-01    8.69500e-01    8.65000e-01    8.61600e-01    8.59300e-01    8.58200e-01    8.57900e-01    8.57600e-01    
1.01960e+03    9.78700e-01    9.78000e-01    9.77900e-01    9.77200e-01    9.71500e-01    9.58000e-01    9.47200e-01    9.39400e-01    9.33500e-01    9.29500e-01    9.27300e-01    9.26100e-01    9.25200e-01    9.24200e-01    9.22700e-01    9.20800e-01    9.18700e-01    9.16500e-01    9.14200e-01    9.11800e-01    8.97200e-01    8.90400e-01    8.85400e-01    8.81900e-01    8.79700e-01    8.78600e-01    8.78200e-01    8.77800e-01    
1.01980e+03    9.76600e-01    9.76600e-01    9.76900e-01    9.76100e-01    9.69800e-01    9.54800e-01    9.42400e-01    9.32900e-01    9.25400e-01    9.20200e-01    9.17400e-01    9.15800e-01    9.14800e-01    9.13800e-01    9.12300e-01    9.10400e-01    9.08200e-01    9.05900e-01    9.03500e-01    9.01100e-01    8.86700e-01    8.80200e-01    8.75300e-01    8.71700e-01    8.69400e-01    8.68400e-01    8.68100e-01    8.67800e-01    
1.02000e+03    9.87800e-01    9.89400e-01    9.91900e-01    9.95100e-01    9.90100e-01    9.80200e-01    9.72800e-01    9.68400e-01    9.65400e-01    9.63000e-01    9.60900e-01    9.59000e-01    9.57000e-01    9.55000e-01    9.52800e-01    9.50600e-01    9.48200e-01    9.45900e-01    9.43600e-01    9.41400e-01    9.27000e-01    9.19700e-01    9.14200e-01    9.10200e-01    9.07500e-01    9.06100e-01    9.05400e-01    9.04800e-01    
1.02020e+03    9.36800e-01    9.37800e-01    9.40000e-01    9.44900e-01    9.47300e-01    9.44100e-01    9.42000e-01    9.41500e-01    9.41100e-01    9.40500e-01    9.39500e-01    9.38300e-01    9.36900e-01    9.35400e-01    9.33800e-01    9.32200e-01    9.30600e-01    9.29100e-01    9.27500e-01    9.26000e-01    9.15400e-01    9.08700e-01    9.03300e-01    8.99300e-01    8.96600e-01    8.95300e-01    8.94700e-01    8.94100e-01    
1.02040e+03    7.85900e-01    7.81500e-01    7.77800e-01    7.72000e-01    7.56400e-01    7.52900e-01    7.55800e-01    7.59800e-01    7.63000e-01    7.65000e-01    7.65800e-01    7.65900e-01    7.65600e-01    7.65200e-01    7.64900e-01    7.64700e-01    7.64500e-01    7.64300e-01    7.64200e-01    7.64000e-01    7.62900e-01    7.60600e-01    7.57100e-01    7.54000e-01    7.51900e-01    7.51100e-01    7.51100e-01    7.51100e-01    
1.02060e+03    6.77300e-01    6.68900e-01    6.59500e-01    6.46300e-01    6.41600e-01    6.44100e-01    6.48400e-01    6.51100e-01    6.51900e-01    6.52100e-01    6.52400e-01    6.52700e-01    6.53100e-01    6.53700e-01    6.54300e-01    6.55000e-01    6.55800e-01    6.56600e-01    6.57400e-01    6.58100e-01    6.62500e-01    6.62300e-01    6.59400e-01    6.56300e-01    6.54100e-01    6.53000e-01    6.52800e-01    6.52600e-01    
1.02080e+03    7.56900e-01    7.54700e-01    7.54500e-01    7.56000e-01    7.49600e-01    7.39900e-01    7.34300e-01    7.31200e-01    7.28700e-01    7.26600e-01    7.24600e-01    7.22900e-01    7.21300e-01    7.19900e-01    7.18500e-01    7.17300e-01    7.16200e-01    7.15100e-01    7.14200e-01    7.13200e-01    7.08300e-01    7.05100e-01    7.00800e-01    6.97100e-01    6.94300e-01    6.92800e-01    6.92100e-01    6.91700e-01    
1.02100e+03    7.52200e-01    7.48900e-01    7.46300e-01    7.42500e-01    7.33200e-01    7.22200e-01    7.15000e-01    7.10500e-01    7.07100e-01    7.04100e-01    7.01200e-01    6.98400e-01    6.95800e-01    6.93300e-01    6.91000e-01    6.88800e-01    6.86800e-01    6.84900e-01    6.83100e-01    6.81500e-01    6.73000e-01    6.69300e-01    6.65300e-01    6.62000e-01    6.59700e-01    6.58600e-01    6.58400e-01    6.58200e-01    
1.02120e+03    7.45100e-01    7.40600e-01    7.36000e-01    7.28600e-01    7.17600e-01    7.03600e-01    6.96200e-01    6.92500e-01    6.89600e-01    6.86700e-01    6.83600e-01    6.80500e-01    6.77500e-01    6.74600e-01    6.72100e-01    6.69800e-01    6.67700e-01    6.65800e-01    6.64100e-01    6.62500e-01    6.53800e-01    6.49600e-01    6.45100e-01    6.41300e-01    6.38700e-01    6.37200e-01    6.36600e-01    6.36100e-01    
1.02140e+03    7.58800e-01    7.55900e-01    7.54600e-01    7.53900e-01    7.46700e-01    7.35300e-01    7.28600e-01    7.23700e-01    7.18900e-01    7.14900e-01    7.12000e-01    7.09900e-01    7.08200e-01    7.06500e-01    7.04800e-01    7.03000e-01    7.01100e-01    6.99300e-01    6.97600e-01    6.95800e-01    6.86000e-01    6.81300e-01    6.76800e-01    6.73200e-01    6.70700e-01    6.69300e-01    6.68800e-01    6.68400e-01    
1.02160e+03    8.15400e-01    8.14400e-01    8.14400e-01    8.15900e-01    8.16000e-01    8.12300e-01    8.11100e-01    8.09900e-01    8.07800e-01    8.06300e-01    8.06100e-01    8.06500e-01    8.07000e-01    8.07200e-01    8.06700e-01    8.05600e-01    8.04200e-01    8.02600e-01    8.00800e-01    7.98900e-01    7.85700e-01    7.78200e-01    7.72400e-01    7.68100e-01    7.65100e-01    7.63400e-01    7.62700e-01    7.62100e-01    
1.02180e+03    8.71400e-01    8.73200e-01    8.76300e-01    8.82200e-01    8.85100e-01    8.86400e-01    8.88600e-01    8.89900e-01    8.89500e-01    8.89100e-01    8.89100e-01    8.89200e-01    8.89200e-01    8.88900e-01    8.87900e-01    8.86400e-01    8.84600e-01    8.82500e-01    8.80400e-01    8.78200e-01    8.61600e-01    8.51700e-01    8.44300e-01    8.39000e-01    8.35500e-01    8.33300e-01    8.32300e-01    8.31500e-01    
1.02200e+03    8.72400e-01    8.74700e-01    8.77500e-01    8.82100e-01    8.85300e-01    8.86400e-01    8.89000e-01    8.90300e-01    8.89400e-01    8.88200e-01    8.87700e-01    8.87400e-01    8.87200e-01    8.86600e-01    8.85500e-01    8.84000e-01    8.82100e-01    8.80100e-01    8.78000e-01    8.75800e-01    8.58600e-01    8.47400e-01    8.39000e-01    8.33000e-01    8.28800e-01    8.26500e-01    8.25300e-01    8.24400e-01    
1.02220e+03    8.50100e-01    8.51900e-01    8.53200e-01    8.54400e-01    8.57100e-01    8.61600e-01    8.68300e-01    8.73900e-01    8.76700e-01    8.78400e-01    8.79500e-01    8.80100e-01    8.80200e-01    8.79900e-01    8.78900e-01    8.77500e-01    8.75800e-01    8.73900e-01    8.71900e-01    8.69800e-01    8.51900e-01    8.39400e-01    8.30000e-01    8.23300e-01    8.18700e-01    8.16200e-01    8.15100e-01    8.14300e-01    
1.02240e+03    7.97600e-01    7.98000e-01    7.96900e-01    7.93300e-01    7.93800e-01    7.99400e-01    8.06500e-01    8.12000e-01    8.14900e-01    8.16700e-01    8.17900e-01    8.18700e-01    8.19000e-01    8.18800e-01    8.17900e-01    8.16500e-01    8.14800e-01    8.12900e-01    8.10900e-01    8.08800e-01    7.92300e-01    7.81600e-01    7.73500e-01    7.67500e-01    7.63500e-01    7.61300e-01    7.60200e-01    7.59400e-01    
1.02260e+03    7.46500e-01    7.46100e-01    7.44400e-01    7.40000e-01    7.39500e-01    7.45100e-01    7.52000e-01    7.56900e-01    7.59100e-01    7.60400e-01    7.61600e-01    7.62500e-01    7.63100e-01    7.63100e-01    7.62300e-01    7.61000e-01    7.59300e-01    7.57300e-01    7.55300e-01    7.53100e-01    7.37500e-01    7.28400e-01    7.21300e-01    7.16000e-01    7.12300e-01    7.10000e-01    7.08800e-01    7.08000e-01    
1.02280e+03    7.13900e-01    7.13800e-01    7.13200e-01    7.11700e-01    7.13300e-01    7.19700e-01    7.28500e-01    7.34900e-01    7.37900e-01    7.39800e-01    7.41500e-01    7.43000e-01    7.44000e-01    7.44300e-01    7.43800e-01    7.42600e-01    7.40900e-01    7.39000e-01    7.36900e-01    7.34700e-01    7.18800e-01    7.10100e-01    7.03600e-01    6.98900e-01    6.95700e-01    6.93700e-01    6.92700e-01    6.91900e-01    
1.02300e+03    7.01500e-01    7.01800e-01    7.02100e-01    7.03600e-01    7.08800e-01    7.20000e-01    7.32700e-01    7.42200e-01    7.47400e-01    7.50800e-01    7.53200e-01    7.54900e-01    7.56000e-01    7.56400e-01    7.55900e-01    7.54700e-01    7.53200e-01    7.51300e-01    7.49300e-01    7.47200e-01    7.31200e-01    7.21900e-01    7.15400e-01    7.10900e-01    7.07900e-01    7.06100e-01    7.05100e-01    7.04400e-01    
1.02320e+03    6.76500e-01    6.74800e-01    6.72800e-01    6.70800e-01    6.76800e-01    6.88600e-01    7.02800e-01    7.13000e-01    7.17900e-01    7.20500e-01    7.22500e-01    7.23900e-01    7.24700e-01    7.24800e-01    7.24100e-01    7.22700e-01    7.20900e-01    7.18800e-01    7.16600e-01    7.14300e-01    6.97700e-01    6.88300e-01    6.81300e-01    6.76100e-01    6.72600e-01    6.70700e-01    6.69800e-01    6.69100e-01    
1.02340e+03    6.53900e-01    6.50800e-01    6.47100e-01    6.43400e-01    6.52700e-01    6.66700e-01    6.82500e-01    6.93600e-01    6.98600e-01    7.01200e-01    7.02900e-01    7.03900e-01    7.04300e-01    7.04100e-01    7.02900e-01    7.01100e-01    6.99000e-01    6.96500e-01    6.94000e-01    6.91300e-01    6.73700e-01    6.64600e-01    6.57500e-01    6.52200e-01    6.48700e-01    6.46600e-01    6.45700e-01    6.45000e-01    
1.02360e+03    6.24700e-01    6.20100e-01    6.13900e-01    6.05900e-01    6.14100e-01    6.27300e-01    6.43100e-01    6.53800e-01    6.58100e-01    6.60000e-01    6.61400e-01    6.62400e-01    6.62900e-01    6.62700e-01    6.61700e-01    6.59900e-01    6.57700e-01    6.55200e-01    6.52600e-01    6.50000e-01    6.33700e-01    6.26400e-01    6.20200e-01    6.15500e-01    6.12200e-01    6.10300e-01    6.09500e-01    6.08800e-01    
1.02380e+03    5.45800e-01    5.38200e-01    5.28600e-01    5.15600e-01    5.22100e-01    5.35900e-01    5.52100e-01    5.62400e-01    5.65700e-01    5.66800e-01    5.67900e-01    5.69000e-01    5.69800e-01    5.70000e-01    5.69400e-01    5.68100e-01    5.66400e-01    5.64400e-01    5.62300e-01    5.60200e-01    5.48500e-01    5.44400e-01    5.40000e-01    5.36300e-01    5.33700e-01    5.32200e-01    5.31600e-01    5.31100e-01    
1.02400e+03    4.61200e-01    4.50900e-01    4.37900e-01    4.18900e-01    4.19600e-01    4.33900e-01    4.50400e-01    4.60200e-01    4.63200e-01    4.64000e-01    4.64900e-01    4.65900e-01    4.66700e-01    4.67100e-01    4.66900e-01    4.66200e-01    4.65100e-01    4.63900e-01    4.62600e-01    4.61200e-01    4.55400e-01    4.54300e-01    4.51600e-01    4.48900e-01    4.46800e-01    4.45600e-01    4.45000e-01    4.44700e-01    
1.02420e+03    3.80700e-01    3.69500e-01    3.55700e-01    3.34500e-01    3.29200e-01    3.44700e-01    3.62000e-01    3.71700e-01    3.74300e-01    3.74800e-01    3.75800e-01    3.77000e-01    3.78300e-01    3.79300e-01    3.79700e-01    3.79700e-01    3.79500e-01    3.79000e-01    3.78500e-01    3.77900e-01    3.77400e-01    3.78500e-01    3.76400e-01    3.73900e-01    3.71800e-01    3.70600e-01    3.70000e-01    3.69600e-01    
1.02440e+03    3.35600e-01    3.25700e-01    3.14000e-01    2.96900e-01    2.91600e-01    3.08800e-01    3.28400e-01    3.40400e-01    3.45100e-01    3.47300e-01    3.49000e-01    3.50500e-01    3.51800e-01    3.52600e-01    3.53100e-01    3.53200e-01    3.53000e-01    3.52700e-01    3.52400e-01    3.52000e-01    3.53400e-01    3.56300e-01    3.55800e-01    3.54600e-01    3.53500e-01    3.53000e-01    3.53000e-01    3.53000e-01    
1.02460e+03    2.99500e-01    2.89100e-01    2.77300e-01    2.60500e-01    2.53100e-01    2.67600e-01    2.85200e-01    2.96200e-01    3.00900e-01    3.03300e-01    3.05400e-01    3.07200e-01    3.08800e-01    3.09900e-01    3.10700e-01    3.11000e-01    3.11200e-01    3.11200e-01    3.11100e-01    3.10900e-01    3.14800e-01    3.19400e-01    3.19900e-01    3.19100e-01    3.18300e-01    3.18000e-01    3.18000e-01    3.18000e-01    
1.02480e+03    2.35300e-01    2.24300e-01    2.13500e-01    2.00700e-01    1.92700e-01    2.04200e-01    2.18500e-01    2.27500e-01    2.31900e-01    2.34600e-01    2.37100e-01    2.39300e-01    2.41300e-01    2.42900e-01    2.44100e-01    2.44800e-01    2.45400e-01    2.45900e-01    2.46200e-01    2.46500e-01    2.54000e-01    2.60900e-01    2.62400e-01    2.62200e-01    2.61700e-01    2.61600e-01    2.61700e-01    2.61900e-01    
1.02500e+03    1.90200e-01    1.78800e-01    1.68400e-01    1.57800e-01    1.50500e-01    1.56600e-01    1.66500e-01    1.73300e-01    1.77000e-01    1.79700e-01    1.82200e-01    1.84700e-01    1.86900e-01    1.88700e-01    1.90200e-01    1.91300e-01    1.92200e-01    1.92900e-01    1.93500e-01    1.94100e-01    2.04300e-01    2.13100e-01    2.16200e-01    2.17200e-01    2.17600e-01    2.17700e-01    2.17900e-01    2.18000e-01    
1.02520e+03    1.54600e-01    1.43700e-01    1.34200e-01    1.25100e-01    1.18700e-01    1.22600e-01    1.29500e-01    1.34700e-01    1.38200e-01    1.41100e-01    1.43700e-01    1.46000e-01    1.48000e-01    1.49700e-01    1.51100e-01    1.52100e-01    1.53000e-01    1.53800e-01    1.54400e-01    1.55100e-01    1.66100e-01    1.75500e-01    1.78300e-01    1.78900e-01    1.79000e-01    1.79300e-01    1.79700e-01    1.80100e-01    
1.02540e+03    1.42900e-01    1.33000e-01    1.24500e-01    1.16000e-01    1.09800e-01    1.13100e-01    1.17700e-01    1.21100e-01    1.23800e-01    1.26100e-01    1.28100e-01    1.29800e-01    1.31300e-01    1.32500e-01    1.33500e-01    1.34200e-01    1.34900e-01    1.35500e-01    1.36100e-01    1.36700e-01    1.48300e-01    1.58400e-01    1.61500e-01    1.62300e-01    1.62300e-01    1.62400e-01    1.62700e-01    1.62900e-01    
1.02560e+03    1.36600e-01    1.27100e-01    1.18600e-01    1.09500e-01    1.03200e-01    1.06400e-01    1.10500e-01    1.13300e-01    1.15600e-01    1.17600e-01    1.19600e-01    1.21400e-01    1.23000e-01    1.24400e-01    1.25500e-01    1.26400e-01    1.27300e-01    1.28000e-01    1.28700e-01    1.29300e-01    1.41500e-01    1.51900e-01    1.55300e-01    1.56200e-01    1.56400e-01    1.56500e-01    1.56700e-01    1.56900e-01    
1.02580e+03    1.28500e-01    1.19700e-01    1.12500e-01    1.06300e-01    1.02400e-01    1.07200e-01    1.12300e-01    1.15700e-01    1.18600e-01    1.21200e-01    1.23700e-01    1.25900e-01    1.27900e-01    1.29600e-01    1.31000e-01    1.32100e-01    1.33100e-01    1.33900e-01    1.34700e-01    1.35500e-01    1.47700e-01    1.57700e-01    1.60600e-01    1.61200e-01    1.61200e-01    1.61400e-01    1.61900e-01    1.62200e-01    
1.02600e+03    1.48700e-01    1.40700e-01    1.33500e-01    1.26800e-01    1.25600e-01    1.33600e-01    1.39800e-01    1.43100e-01    1.45300e-01    1.47400e-01    1.49800e-01    1.52200e-01    1.54500e-01    1.56400e-01    1.57900e-01    1.59000e-01    1.59900e-01    1.60600e-01    1.61200e-01    1.61800e-01    1.72200e-01    1.81200e-01    1.83600e-01    1.83900e-01    1.83600e-01    1.83600e-01    1.83900e-01    1.84100e-01    
1.02620e+03    1.89100e-01    1.82200e-01    1.75200e-01    1.67400e-01    1.67900e-01    1.77200e-01    1.85000e-01    1.89300e-01    1.91600e-01    1.93600e-01    1.95800e-01    1.98000e-01    2.00100e-01    2.01900e-01    2.03200e-01    2.04100e-01    2.04800e-01    2.05300e-01    2.05600e-01    2.06000e-01    2.14000e-01    2.21200e-01    2.22800e-01    2.22600e-01    2.22000e-01    2.21600e-01    2.21500e-01    2.21500e-01    
1.02640e+03    2.27700e-01    2.22400e-01    2.16500e-01    2.09200e-01    2.10600e-01    2.17000e-01    2.23900e-01    2.27400e-01    2.28500e-01    2.29300e-01    2.30900e-01    2.32800e-01    2.34700e-01    2.36300e-01    2.37400e-01    2.38000e-01    2.38400e-01    2.38600e-01    2.38600e-01    2.38700e-01    2.44200e-01    2.50200e-01    2.51400e-01    2.51100e-01    2.50600e-01    2.50300e-01    2.50200e-01    2.50200e-01    
1.02660e+03    2.87600e-01    2.84500e-01    2.80300e-01    2.74300e-01    2.76300e-01    2.79200e-01    2.83400e-01    2.85300e-01    2.85000e-01    2.84800e-01    2.85600e-01    2.87000e-01    2.88500e-01    2.89700e-01    2.90400e-01    2.90500e-01    2.90400e-01    2.90100e-01    2.89600e-01    2.89100e-01    2.91600e-01    2.96200e-01    2.96500e-01    2.95500e-01    2.94600e-01    2.94000e-01    2.93900e-01    2.93800e-01    
1.02680e+03    3.39900e-01    3.38100e-01    3.34200e-01    3.26700e-01    3.27900e-01    3.26400e-01    3.29900e-01    3.32400e-01    3.32400e-01    3.32300e-01    3.33400e-01    3.35100e-01    3.36800e-01    3.38200e-01    3.38900e-01    3.39000e-01    3.38700e-01    3.38200e-01    3.37500e-01    3.36700e-01    3.36700e-01    3.39600e-01    3.38800e-01    3.37100e-01    3.35600e-01    3.34800e-01    3.34500e-01    3.34300e-01    
1.02700e+03    3.79600e-01    3.79100e-01    3.75700e-01    3.68000e-01    3.71200e-01    3.72500e-01    3.78100e-01    3.82200e-01    3.83500e-01    3.84400e-01    3.86200e-01    3.88300e-01    3.90400e-01    3.92000e-01    3.92800e-01    3.92800e-01    3.92500e-01    3.91900e-01    3.91100e-01    3.90200e-01    3.87600e-01    3.88300e-01    3.86300e-01    3.84100e-01    3.82200e-01    3.81100e-01    3.80500e-01    3.80100e-01    
1.02720e+03    4.17400e-01    4.18000e-01    4.15700e-01    4.08800e-01    4.10300e-01    4.10100e-01    4.16300e-01    4.21800e-01    4.24000e-01    4.25600e-01    4.27800e-01    4.30000e-01    4.32000e-01    4.33400e-01    4.33800e-01    4.33500e-01    4.32700e-01    4.31600e-01    4.30200e-01    4.28800e-01    4.22900e-01    4.22200e-01    4.19600e-01    4.17000e-01    4.14900e-01    4.13700e-01    4.13000e-01    4.12600e-01    
1.02740e+03    4.47800e-01    4.49100e-01    4.47500e-01    4.41000e-01    4.40300e-01    4.40300e-01    4.48200e-01    4.55800e-01    4.60200e-01    4.63600e-01    4.66800e-01    4.69600e-01    4.71800e-01    4.73300e-01    4.73700e-01    4.73200e-01    4.72300e-01    4.71000e-01    4.69400e-01    4.67800e-01    4.60000e-01    4.58300e-01    4.55300e-01    4.52500e-01    4.50400e-01    4.49100e-01    4.48600e-01    4.48200e-01    
1.02760e+03    4.52000e-01    4.53100e-01    4.51600e-01    4.45800e-01    4.45300e-01    4.49600e-01    4.60500e-01    4.70100e-01    4.76500e-01    4.81600e-01    4.86300e-01    4.90400e-01    4.93800e-01    4.96300e-01    4.97700e-01    4.98100e-01    4.98000e-01    4.97400e-01    4.96600e-01    4.95600e-01    4.89500e-01    4.86700e-01    4.82700e-01    4.79300e-01    4.76700e-01    4.75300e-01    4.74700e-01    4.74300e-01    
1.02780e+03    4.31600e-01    4.30900e-01    4.27100e-01    4.17000e-01    4.10700e-01    4.16400e-01    4.29200e-01    4.40000e-01    4.47200e-01    4.53100e-01    4.58600e-01    4.63500e-01    4.67700e-01    4.70900e-01    4.72900e-01    4.73800e-01    4.74100e-01    4.73900e-01    4.73300e-01    4.72600e-01    4.68500e-01    4.66800e-01    4.63400e-01    4.60200e-01    4.57700e-01    4.56100e-01    4.55400e-01    4.55000e-01    
1.02800e+03    4.06700e-01    4.04500e-01    3.99200e-01    3.86700e-01    3.77600e-01    3.81200e-01    3.93300e-01    4.03500e-01    4.09800e-01    4.15100e-01    4.20400e-01    4.25300e-01    4.29600e-01    4.32900e-01    4.34900e-01    4.35900e-01    4.36100e-01    4.35900e-01    4.35300e-01    4.34500e-01    4.31200e-01    4.30800e-01    4.28100e-01    4.25300e-01    4.23200e-01    4.21900e-01    4.21200e-01    4.20800e-01    
1.02820e+03    4.47800e-01    4.46400e-01    4.42100e-01    4.30800e-01    4.20200e-01    4.25900e-01    4.38800e-01    4.49800e-01    4.57200e-01    4.63200e-01    4.68600e-01    4.73200e-01    4.77100e-01    4.79800e-01    4.81400e-01    4.81900e-01    4.81800e-01    4.81300e-01    4.80400e-01    4.79300e-01    4.73700e-01    4.71800e-01    4.67800e-01    4.64200e-01    4.61300e-01    4.59500e-01    4.58600e-01    4.58100e-01    
1.02840e+03    4.87400e-01    4.87200e-01    4.85000e-01    4.77400e-01    4.67600e-01    4.75300e-01    4.87500e-01    4.97200e-01    5.04000e-01    5.09600e-01    5.14700e-01    5.19000e-01    5.22600e-01    5.25200e-01    5.26600e-01    5.27000e-01    5.26700e-01    5.26000e-01    5.25000e-01    5.23800e-01    5.16700e-01    5.13400e-01    5.08900e-01    5.04900e-01    5.01800e-01    4.99900e-01    4.99100e-01    4.98600e-01    
1.02860e+03    5.04400e-01    5.03200e-01    4.99200e-01    4.88600e-01    4.78700e-01    4.89200e-01    5.04100e-01    5.16600e-01    5.25900e-01    5.33500e-01    5.39600e-01    5.44400e-01    5.48200e-01    5.50900e-01    5.52400e-01    5.53000e-01    5.53100e-01    5.52600e-01    5.51900e-01    5.51000e-01    5.44500e-01    5.40400e-01    5.35500e-01    5.31200e-01    5.28100e-01    5.26300e-01    5.25500e-01    5.24900e-01    
1.02880e+03    5.02100e-01    4.98100e-01    4.89500e-01    4.70600e-01    4.60300e-01    4.75200e-01    4.93700e-01    5.07800e-01    5.17700e-01    5.25500e-01    5.32400e-01    5.38300e-01    5.43400e-01    5.47400e-01    5.50300e-01    5.52200e-01    5.53600e-01    5.54400e-01    5.54800e-01    5.55000e-01    5.53300e-01    5.50000e-01    5.45400e-01    5.41500e-01    5.38600e-01    5.36800e-01    5.35900e-01    5.35300e-01    
1.02900e+03    5.59600e-01    5.57500e-01    5.51900e-01    5.38400e-01    5.31200e-01    5.48000e-01    5.67700e-01    5.83200e-01    5.94300e-01    6.03100e-01    6.10200e-01    6.15800e-01    6.20300e-01    6.23700e-01    6.26100e-01    6.27600e-01    6.28600e-01    6.29000e-01    6.29200e-01    6.29100e-01    6.24600e-01    6.19300e-01    6.13800e-01    6.09400e-01    6.06100e-01    6.04100e-01    6.03000e-01    6.02200e-01    
1.02920e+03    5.89800e-01    5.87700e-01    5.81400e-01    5.66400e-01    5.61500e-01    5.79900e-01    5.97800e-01    6.11100e-01    6.21000e-01    6.28700e-01    6.34800e-01    6.39500e-01    6.43200e-01    6.45800e-01    6.47400e-01    6.48200e-01    6.48300e-01    6.48100e-01    6.47600e-01    6.46800e-01    6.39300e-01    6.33200e-01    6.27400e-01    6.22800e-01    6.19500e-01    6.17500e-01    6.16500e-01    6.15700e-01    
1.02940e+03    5.77600e-01    5.74800e-01    5.68000e-01    5.53300e-01    5.53900e-01    5.71700e-01    5.86600e-01    5.97200e-01    6.04800e-01    6.10700e-01    6.15400e-01    6.19000e-01    6.21800e-01    6.23600e-01    6.24500e-01    6.24700e-01    6.24300e-01    6.23600e-01    6.22700e-01    6.21600e-01    6.13400e-01    6.08300e-01    6.03200e-01    5.99000e-01    5.95900e-01    5.93900e-01    5.92800e-01    5.92100e-01    
1.02960e+03    5.66300e-01    5.62700e-01    5.54800e-01    5.40000e-01    5.48000e-01    5.67800e-01    5.83100e-01    5.94200e-01    6.02300e-01    6.08300e-01    6.12700e-01    6.15700e-01    6.17700e-01    6.18900e-01    6.19300e-01    6.19000e-01    6.18300e-01    6.17400e-01    6.16300e-01    6.15000e-01    6.06900e-01    6.02600e-01    5.98200e-01    5.94700e-01    5.92000e-01    5.90200e-01    5.89200e-01    5.88500e-01    
1.02980e+03    5.49400e-01    5.45600e-01    5.37200e-01    5.21700e-01    5.31100e-01    5.51000e-01    5.65300e-01    5.75200e-01    5.82500e-01    5.88000e-01    5.91900e-01    5.94600e-01    5.96500e-01    5.97600e-01    5.98100e-01    5.98000e-01    5.97700e-01    5.97100e-01    5.96400e-01    5.95600e-01    5.90300e-01    5.87300e-01    5.83500e-01    5.80300e-01    5.77900e-01    5.76400e-01    5.75600e-01    5.75000e-01    
1.03000e+03    5.43100e-01    5.38800e-01    5.29200e-01    5.10800e-01    5.20900e-01    5.42800e-01    5.58100e-01    5.68700e-01    5.76600e-01    5.82600e-01    5.87000e-01    5.90200e-01    5.92600e-01    5.94300e-01    5.95400e-01    5.96100e-01    5.96400e-01    5.96600e-01    5.96600e-01    5.96500e-01    5.94700e-01    5.92500e-01    5.89200e-01    5.86100e-01    5.83800e-01    5.82200e-01    5.81300e-01    5.80600e-01    
1.03020e+03    5.29800e-01    5.24900e-01    5.13900e-01    4.93000e-01    5.01800e-01    5.26300e-01    5.43700e-01    5.55300e-01    5.63400e-01    5.69400e-01    5.73700e-01    5.76900e-01    5.79400e-01    5.81100e-01    5.82300e-01    5.83000e-01    5.83500e-01    5.83700e-01    5.83700e-01    5.83600e-01    5.82200e-01    5.80100e-01    5.76900e-01    5.73900e-01    5.71700e-01    5.70300e-01    5.69600e-01    5.69000e-01    
1.03040e+03    4.92700e-01    4.86400e-01    4.74000e-01    4.51100e-01    4.60400e-01    4.84900e-01    5.01900e-01    5.13000e-01    5.20800e-01    5.26700e-01    5.31100e-01    5.34400e-01    5.37000e-01    5.38800e-01    5.40100e-01    5.40900e-01    5.41400e-01    5.41600e-01    5.41700e-01    5.41700e-01    5.41200e-01    5.40200e-01    5.37700e-01    5.35200e-01    5.33200e-01    5.31900e-01    5.31100e-01    5.30600e-01    
1.03060e+03    4.75800e-01    4.69900e-01    4.58600e-01    4.39200e-01    4.54400e-01    4.79400e-01    4.95100e-01    5.04500e-01    5.10600e-01    5.15000e-01    5.18300e-01    5.20700e-01    5.22500e-01    5.23800e-01    5.24500e-01    5.24800e-01    5.24800e-01    5.24600e-01    5.24300e-01    5.23900e-01    5.21400e-01    5.19800e-01    5.16800e-01    5.14000e-01    5.11900e-01    5.10600e-01    5.09900e-01    5.09400e-01    
1.03080e+03    4.61500e-01    4.55200e-01    4.44800e-01    4.28700e-01    4.44700e-01    4.69800e-01    4.86400e-01    4.96200e-01    5.02100e-01    5.06000e-01    5.08700e-01    5.10500e-01    5.11800e-01    5.12500e-01    5.12600e-01    5.12200e-01    5.11500e-01    5.10600e-01    5.09600e-01    5.08600e-01    5.02800e-01    5.00200e-01    4.96800e-01    4.94000e-01    4.91900e-01    4.90700e-01    4.90200e-01    4.89800e-01    
1.03100e+03    4.83700e-01    4.76700e-01    4.65800e-01    4.47800e-01    4.53900e-01    4.69100e-01    4.82800e-01    4.92400e-01    4.98100e-01    5.01700e-01    5.04300e-01    5.06100e-01    5.07400e-01    5.08100e-01    5.08300e-01    5.08000e-01    5.07500e-01    5.06800e-01    5.05900e-01    5.05000e-01    4.99300e-01    4.96200e-01    4.92900e-01    4.90200e-01    4.88200e-01    4.87000e-01    4.86400e-01    4.85900e-01    
1.03120e+03    5.43000e-01    5.38500e-01    5.32000e-01    5.23000e-01    5.34600e-01    5.52400e-01    5.65000e-01    5.73800e-01    5.79700e-01    5.83700e-01    5.86200e-01    5.87600e-01    5.88300e-01    5.88400e-01    5.88000e-01    5.87200e-01    5.86200e-01    5.85100e-01    5.83800e-01    5.82400e-01    5.71400e-01    5.64400e-01    5.59400e-01    5.56000e-01    5.53600e-01    5.52200e-01    5.51400e-01    5.50800e-01    
1.03140e+03    6.17800e-01    6.14500e-01    6.09400e-01    6.02100e-01    6.10900e-01    6.22500e-01    6.31500e-01    6.39200e-01    6.45300e-01    6.49900e-01    6.53000e-01    6.54900e-01    6.56100e-01    6.56700e-01    6.56800e-01    6.56500e-01    6.56000e-01    6.55300e-01    6.54500e-01    6.53600e-01    6.44000e-01    6.36700e-01    6.31400e-01    6.27800e-01    6.25300e-01    6.23700e-01    6.22800e-01    6.22100e-01    
1.03160e+03    6.40700e-01    6.37000e-01    6.31900e-01    6.24800e-01    6.30100e-01    6.36800e-01    6.43100e-01    6.49100e-01    6.54400e-01    6.58900e-01    6.62500e-01    6.65200e-01    6.67400e-01    6.69100e-01    6.70200e-01    6.70900e-01    6.71300e-01    6.71500e-01    6.71500e-01    6.71400e-01    6.66400e-01    6.60800e-01    6.56400e-01    6.53300e-01    6.51100e-01    6.49900e-01    6.49300e-01    6.48800e-01    
1.03180e+03    6.72000e-01    6.70300e-01    6.67800e-01    6.64400e-01    6.66700e-01    6.65700e-01    6.66200e-01    6.67700e-01    6.69500e-01    6.71600e-01    6.73900e-01    6.76000e-01    6.78000e-01    6.79500e-01    6.80600e-01    6.81100e-01    6.81400e-01    6.81400e-01    6.81300e-01    6.81000e-01    6.75600e-01    6.70400e-01    6.66400e-01    6.63600e-01    6.61800e-01    6.60800e-01    6.60300e-01    6.59900e-01    
1.03200e+03    7.16000e-01    7.17500e-01    7.18900e-01    7.20600e-01    7.21600e-01    7.13700e-01    7.07900e-01    7.04700e-01    7.02900e-01    7.02400e-01    7.02800e-01    7.03600e-01    7.04300e-01    7.04700e-01    7.04500e-01    7.03700e-01    7.02600e-01    7.01300e-01    6.99800e-01    6.98300e-01    6.87500e-01    6.82000e-01    6.78100e-01    6.75300e-01    6.73400e-01    6.72200e-01    6.71600e-01    6.71000e-01    
1.03220e+03    7.81600e-01    7.83500e-01    7.83100e-01    7.78600e-01    7.77900e-01    7.61300e-01    7.51100e-01    7.46400e-01    7.43800e-01    7.43000e-01    7.43600e-01    7.44700e-01    7.46000e-01    7.47100e-01    7.47600e-01    7.47600e-01    7.47400e-01    7.46800e-01    7.46200e-01    7.45400e-01    7.37600e-01    7.32000e-01    7.28000e-01    7.25100e-01    7.23200e-01    7.22000e-01    7.21300e-01    7.20700e-01    
1.03240e+03    8.67900e-01    8.71800e-01    8.74100e-01    8.74700e-01    8.76700e-01    8.60500e-01    8.50500e-01    8.46900e-01    8.46300e-01    8.47200e-01    8.48800e-01    8.50700e-01    8.52500e-01    8.54000e-01    8.55100e-01    8.55800e-01    8.56200e-01    8.56300e-01    8.56300e-01    8.56100e-01    8.49800e-01    8.42700e-01    8.37700e-01    8.34200e-01    8.31800e-01    8.30400e-01    8.29600e-01    8.29000e-01    
1.03260e+03    8.79300e-01    8.82200e-01    8.83500e-01    8.82500e-01    8.80800e-01    8.64000e-01    8.54300e-01    8.50700e-01    8.49700e-01    8.50400e-01    8.52100e-01    8.54100e-01    8.56200e-01    8.58000e-01    8.59300e-01    8.60100e-01    8.60600e-01    8.60900e-01    8.60900e-01    8.60800e-01    8.55300e-01    8.49100e-01    8.44800e-01    8.41900e-01    8.39800e-01    8.38500e-01    8.37800e-01    8.37300e-01    
1.03280e+03    8.17400e-01    8.17400e-01    8.15200e-01    8.08400e-01    8.02800e-01    7.84000e-01    7.73600e-01    7.69000e-01    7.66600e-01    7.66000e-01    7.66700e-01    7.67900e-01    7.69300e-01    7.70500e-01    7.71100e-01    7.71100e-01    7.70900e-01    7.70500e-01    7.69900e-01    7.69200e-01    7.62500e-01    7.58100e-01    7.55200e-01    7.53300e-01    7.51900e-01    7.51000e-01    7.50500e-01    7.50200e-01    
1.03300e+03    7.62900e-01    7.60600e-01    7.55000e-01    7.41900e-01    7.37100e-01    7.18700e-01    7.06200e-01    6.98900e-01    6.93800e-01    6.90800e-01    6.89500e-01    6.89100e-01    6.89100e-01    6.89100e-01    6.88600e-01    6.87700e-01    6.86600e-01    6.85400e-01    6.84100e-01    6.82700e-01    6.73400e-01    6.68900e-01    6.65900e-01    6.63800e-01    6.62400e-01    6.61400e-01    6.60800e-01    6.60300e-01    
1.03320e+03    7.79500e-01    7.78900e-01    7.75300e-01    7.65900e-01    7.64200e-01    7.45200e-01    7.30700e-01    7.21500e-01    7.14600e-01    7.09600e-01    7.06300e-01    7.03900e-01    7.02000e-01    7.00200e-01    6.98200e-01    6.96100e-01    6.93900e-01    6.91600e-01    6.89400e-01    6.87200e-01    6.73000e-01    6.65800e-01    6.60700e-01    6.57100e-01    6.54700e-01    6.53100e-01    6.52300e-01    6.51600e-01    
1.03340e+03    8.15000e-01    8.15000e-01    8.12700e-01    8.06100e-01    8.07500e-01    7.93000e-01    7.81600e-01    7.74200e-01    7.68300e-01    7.63400e-01    7.59300e-01    7.55900e-01    7.52700e-01    7.49700e-01    7.46700e-01    7.43700e-01    7.40700e-01    7.37800e-01    7.35000e-01    7.32200e-01    7.14700e-01    7.05900e-01    6.99900e-01    6.95700e-01    6.92800e-01    6.91100e-01    6.90200e-01    6.89500e-01    
1.03360e+03    8.22700e-01    8.21900e-01    8.18900e-01    8.10600e-01    8.04900e-01    7.90100e-01    7.79900e-01    7.72900e-01    7.66600e-01    7.61100e-01    7.56600e-01    7.52900e-01    7.49500e-01    7.46300e-01    7.43000e-01    7.39800e-01    7.36500e-01    7.33400e-01    7.30300e-01    7.27300e-01    7.08300e-01    6.99200e-01    6.93600e-01    6.90000e-01    6.87600e-01    6.86000e-01    6.85100e-01    6.84300e-01    
1.03380e+03    8.19900e-01    8.16800e-01    8.10400e-01    7.95200e-01    7.83700e-01    7.69300e-01    7.59900e-01    7.53500e-01    7.47800e-01    7.43100e-01    7.39400e-01    7.36300e-01    7.33600e-01    7.31000e-01    7.28300e-01    7.25600e-01    7.22900e-01    7.20300e-01    7.17700e-01    7.15200e-01    6.98800e-01    6.90900e-01    6.86200e-01    6.83300e-01    6.81300e-01    6.80000e-01    6.79200e-01    6.78400e-01    
1.03400e+03    8.39300e-01    8.35400e-01    8.27400e-01    8.08900e-01    7.97000e-01    7.87700e-01    7.81900e-01    7.77700e-01    7.73800e-01    7.70200e-01    7.67300e-01    7.64800e-01    7.62600e-01    7.60400e-01    7.58100e-01    7.55800e-01    7.53500e-01    7.51200e-01    7.49100e-01    7.46900e-01    7.32100e-01    7.24300e-01    7.19600e-01    7.16500e-01    7.14500e-01    7.13100e-01    7.12200e-01    7.11400e-01    
1.03420e+03    8.48600e-01    8.44700e-01    8.37100e-01    8.19500e-01    8.08500e-01    8.03700e-01    8.00200e-01    7.97200e-01    7.94000e-01    7.91200e-01    7.89000e-01    7.87000e-01    7.85200e-01    7.83400e-01    7.81400e-01    7.79300e-01    7.77200e-01    7.75000e-01    7.72900e-01    7.70800e-01    7.55700e-01    7.47300e-01    7.42300e-01    7.39100e-01    7.37000e-01    7.35600e-01    7.34600e-01    7.33800e-01    
1.03440e+03    8.56100e-01    8.53100e-01    8.46100e-01    8.29100e-01    8.19800e-01    8.15800e-01    8.12800e-01    8.10100e-01    8.07300e-01    8.04900e-01    8.03100e-01    8.01500e-01    8.00100e-01    7.98700e-01    7.97100e-01    7.95400e-01    7.93600e-01    7.91700e-01    7.89900e-01    7.88100e-01    7.74900e-01    7.67600e-01    7.63100e-01    7.60200e-01    7.58200e-01    7.56800e-01    7.55900e-01    7.55000e-01    
1.03460e+03    8.54000e-01    8.52100e-01    8.46300e-01    8.31400e-01    8.25200e-01    8.22300e-01    8.19200e-01    8.16600e-01    8.14300e-01    8.12500e-01    8.11100e-01    8.10000e-01    8.08900e-01    8.07900e-01    8.06700e-01    8.05400e-01    8.04100e-01    8.02800e-01    8.01400e-01    8.00000e-01    7.88900e-01    7.81900e-01    7.77600e-01    7.74800e-01    7.72900e-01    7.71600e-01    7.70800e-01    7.70200e-01    
1.03480e+03    8.17100e-01    8.16000e-01    8.12000e-01    8.01900e-01    7.99600e-01    7.98200e-01    7.96900e-01    7.95200e-01    7.93200e-01    7.91400e-01    7.90400e-01    7.89800e-01    7.89400e-01    7.89000e-01    7.88500e-01    7.87800e-01    7.87200e-01    7.86400e-01    7.85700e-01    7.84900e-01    7.76200e-01    7.69300e-01    7.64700e-01    7.61700e-01    7.59600e-01    7.58100e-01    7.57200e-01    7.56500e-01    
1.03500e+03    7.76200e-01    7.74000e-01    7.68200e-01    7.54700e-01    7.51300e-01    7.42400e-01    7.37300e-01    7.33900e-01    7.30400e-01    7.27700e-01    7.26300e-01    7.25700e-01    7.25400e-01    7.25300e-01    7.25000e-01    7.24600e-01    7.24100e-01    7.23600e-01    7.23000e-01    7.22400e-01    7.14300e-01    7.07200e-01    7.02200e-01    6.98700e-01    6.96300e-01    6.94800e-01    6.94000e-01    6.93300e-01    
1.03520e+03    7.35100e-01    7.33400e-01    7.28800e-01    7.18700e-01    7.21500e-01    7.11500e-01    7.03000e-01    6.96500e-01    6.90600e-01    6.85900e-01    6.82900e-01    6.80800e-01    6.79300e-01    6.77900e-01    6.76400e-01    6.74700e-01    6.73100e-01    6.71400e-01    6.69700e-01    6.68000e-01    6.54300e-01    6.45800e-01    6.40400e-01    6.36900e-01    6.34500e-01    6.33000e-01    6.32000e-01    6.31300e-01    
1.03540e+03    7.02700e-01    7.01200e-01    6.98100e-01    6.92600e-01    6.97900e-01    6.81000e-01    6.66500e-01    6.55800e-01    6.46600e-01    6.39300e-01    6.34400e-01    6.31000e-01    6.28400e-01    6.26200e-01    6.24100e-01    6.22100e-01    6.20100e-01    6.18100e-01    6.16300e-01    6.14400e-01    6.00300e-01    5.91700e-01    5.86300e-01    5.82800e-01    5.80500e-01    5.79000e-01    5.78200e-01    5.77600e-01    
1.03560e+03    6.79200e-01    6.77800e-01    6.76800e-01    6.77400e-01    6.87500e-01    6.68700e-01    6.51700e-01    6.38500e-01    6.26700e-01    6.17000e-01    6.10000e-01    6.04900e-01    6.00800e-01    5.97300e-01    5.93900e-01    5.90700e-01    5.87500e-01    5.84600e-01    5.81700e-01    5.78900e-01    5.58800e-01    5.47500e-01    5.40800e-01    5.36700e-01    5.34000e-01    5.32400e-01    5.31600e-01    5.31000e-01    
1.03580e+03    6.11800e-01    6.06500e-01    6.01000e-01    5.95300e-01    6.00300e-01    5.82300e-01    5.71400e-01    5.63800e-01    5.55000e-01    5.47200e-01    5.41500e-01    5.37200e-01    5.33700e-01    5.30500e-01    5.27400e-01    5.24200e-01    5.21200e-01    5.18200e-01    5.15300e-01    5.12400e-01    4.91500e-01    4.79500e-01    4.72500e-01    4.68100e-01    4.65300e-01    4.63500e-01    4.62400e-01    4.61900e-01    
1.03600e+03    4.11500e-01    3.98300e-01    3.83400e-01    3.62600e-01    3.57900e-01    3.55100e-01    3.57500e-01    3.58800e-01    3.57200e-01    3.55300e-01    3.54300e-01    3.53800e-01    3.53600e-01    3.53200e-01    3.52400e-01    3.51300e-01    3.50000e-01    3.48600e-01    3.47000e-01    3.45500e-01    3.32100e-01    3.23800e-01    3.19000e-01    3.15900e-01    3.14000e-01    3.13000e-01    3.12500e-01    3.12300e-01    
1.03620e+03    2.59500e-01    2.43100e-01    2.25800e-01    2.04600e-01    2.05000e-01    2.09700e-01    2.12700e-01    2.12900e-01    2.11400e-01    2.10200e-01    2.10300e-01    2.11000e-01    2.12000e-01    2.12800e-01    2.13200e-01    2.13200e-01    2.13000e-01    2.12600e-01    2.12000e-01    2.11400e-01    2.04600e-01    1.99600e-01    1.96500e-01    1.94500e-01    1.93300e-01    1.92700e-01    1.92500e-01    1.92400e-01    
1.03640e+03    3.81700e-01    3.68200e-01    3.51300e-01    3.30400e-01    3.54000e-01    3.54800e-01    3.51500e-01    3.46600e-01    3.39400e-01    3.32800e-01    3.28400e-01    3.25400e-01    3.23200e-01    3.21400e-01    3.19600e-01    3.17800e-01    3.16100e-01    3.14400e-01    3.12700e-01    3.11100e-01    2.97700e-01    2.89200e-01    2.84200e-01    2.81100e-01    2.79200e-01    2.78100e-01    2.77800e-01    2.77600e-01    
1.03660e+03    5.33000e-01    5.24600e-01    5.13600e-01    5.00900e-01    5.25800e-01    5.14400e-01    5.04500e-01    4.95700e-01    4.84300e-01    4.73800e-01    4.65900e-01    4.60100e-01    4.55400e-01    4.51300e-01    4.47400e-01    4.43800e-01    4.40300e-01    4.37000e-01    4.33900e-01    4.30800e-01    4.08900e-01    3.96600e-01    3.89500e-01    3.85300e-01    3.82600e-01    3.81000e-01    3.80300e-01    3.79800e-01    
1.03680e+03    4.09400e-01    3.95500e-01    3.79600e-01    3.58400e-01    3.61800e-01    3.61700e-01    3.62600e-01    3.60800e-01    3.55400e-01    3.50100e-01    3.46600e-01    3.44400e-01    3.42800e-01    3.41300e-01    3.39700e-01    3.37900e-01    3.36100e-01    3.34200e-01    3.32300e-01    3.30400e-01    3.15600e-01    3.07000e-01    3.02000e-01    2.98900e-01    2.96900e-01    2.95700e-01    2.95000e-01    2.94500e-01    
1.03700e+03    4.29000e-01    4.15400e-01    3.96900e-01    3.70500e-01    3.87000e-01    3.88700e-01    3.87200e-01    3.83100e-01    3.76300e-01    3.69900e-01    3.65800e-01    3.63200e-01    3.61400e-01    3.59900e-01    3.58300e-01    3.56600e-01    3.54800e-01    3.53000e-01    3.51300e-01    3.49500e-01    3.34900e-01    3.25700e-01    3.20200e-01    3.16800e-01    3.14600e-01    3.13400e-01    3.12900e-01    3.12600e-01    
1.03720e+03    7.00000e-01    7.02100e-01    7.04000e-01    7.09000e-01    7.29500e-01    7.07600e-01    6.89700e-01    6.75500e-01    6.60500e-01    6.47400e-01    6.37800e-01    6.30700e-01    6.24900e-01    6.20000e-01    6.15300e-01    6.10900e-01    6.06600e-01    6.02600e-01    5.98800e-01    5.95000e-01    5.67200e-01    5.50800e-01    5.41200e-01    5.35200e-01    5.31300e-01    5.29000e-01    5.27700e-01    5.26900e-01    
1.03740e+03    8.34100e-01    8.42200e-01    8.50800e-01    8.64400e-01    8.82700e-01    8.57100e-01    8.37200e-01    8.22900e-01    8.08800e-01    7.96700e-01    7.87500e-01    7.80500e-01    7.74700e-01    7.69600e-01    7.64800e-01    7.60200e-01    7.55800e-01    7.51600e-01    7.47600e-01    7.43700e-01    7.13200e-01    6.94400e-01    6.83400e-01    6.76500e-01    6.72100e-01    6.69400e-01    6.68000e-01    6.67100e-01    
1.03760e+03    9.09700e-01    9.21200e-01    9.34900e-01    9.58400e-01    9.83700e-01    9.53500e-01    9.30100e-01    9.14500e-01    9.00000e-01    8.87900e-01    8.78800e-01    8.72000e-01    8.66400e-01    8.61500e-01    8.57000e-01    8.52700e-01    8.48500e-01    8.44500e-01    8.40800e-01    8.37100e-01    8.07400e-01    7.88500e-01    7.77200e-01    7.70100e-01    7.65400e-01    7.62300e-01    7.60600e-01    7.59500e-01    
1.03780e+03    9.08500e-01    9.17800e-01    9.27800e-01    9.44200e-01    9.66200e-01    9.36900e-01    9.14400e-01    8.98600e-01    8.83400e-01    8.70800e-01    8.62000e-01    8.55800e-01    8.51200e-01    8.47600e-01    8.44400e-01    8.41500e-01    8.38800e-01    8.36400e-01    8.34100e-01    8.31800e-01    8.10900e-01    7.95100e-01    7.84900e-01    7.78200e-01    7.73700e-01    7.70900e-01    7.69400e-01    7.68300e-01    
1.03800e+03    7.84900e-01    7.84400e-01    7.79600e-01    7.69900e-01    7.89200e-01    7.74200e-01    7.60500e-01    7.48300e-01    7.35100e-01    7.24200e-01    7.17400e-01    7.13500e-01    7.11200e-01    7.09700e-01    7.08500e-01    7.07400e-01    7.06400e-01    7.05500e-01    7.04600e-01    7.03600e-01    6.92400e-01    6.81600e-01    6.73400e-01    6.67600e-01    6.63500e-01    6.61000e-01    6.59700e-01    6.58900e-01    
1.03820e+03    9.08200e-01    9.13000e-01    9.15300e-01    9.17800e-01    9.41600e-01    9.15700e-01    8.94000e-01    8.77100e-01    8.60500e-01    8.46700e-01    8.37500e-01    8.31500e-01    8.27100e-01    8.23800e-01    8.20800e-01    8.18000e-01    8.15400e-01    8.12900e-01    8.10600e-01    8.08300e-01    7.90400e-01    7.78200e-01    7.69700e-01    7.63900e-01    7.59800e-01    7.57200e-01    7.55600e-01    7.54600e-01    
1.03840e+03    9.90300e-01    9.98200e-01    1.00530e+00    1.01510e+00    1.03460e+00    1.00170e+00    9.75100e-01    9.56500e-01    9.40400e-01    9.27600e-01    9.18900e-01    9.13000e-01    9.08700e-01    9.05400e-01    9.02500e-01    9.00000e-01    8.97700e-01    8.95600e-01    8.93600e-01    8.91700e-01    8.75800e-01    8.64800e-01    8.58000e-01    8.53600e-01    8.50500e-01    8.48200e-01    8.46800e-01    8.45600e-01    
1.03860e+03    9.87900e-01    9.92700e-01    9.92800e-01    9.87600e-01    1.00300e+00    9.78600e-01    9.56700e-01    9.40600e-01    9.26800e-01    9.16300e-01    9.09600e-01    9.05300e-01    9.02300e-01    9.00000e-01    8.97800e-01    8.95700e-01    8.93600e-01    8.91600e-01    8.89700e-01    8.87900e-01    8.73100e-01    8.63400e-01    8.56800e-01    8.52300e-01    8.49100e-01    8.46800e-01    8.45400e-01    8.44300e-01    
1.03880e+03    1.01320e+00    1.02160e+00    1.02830e+00    1.03520e+00    1.04910e+00    1.03450e+00    1.01980e+00    1.00930e+00    1.00070e+00    9.93900e-01    9.89000e-01    9.85300e-01    9.82300e-01    9.79800e-01    9.77600e-01    9.75600e-01    9.73800e-01    9.72000e-01    9.70400e-01    9.68900e-01    9.55900e-01    9.47000e-01    9.41100e-01    9.37200e-01    9.34500e-01    9.32700e-01    9.31500e-01    9.30600e-01    
1.03900e+03    8.34000e-01    8.32700e-01    8.26600e-01    8.11200e-01    8.09400e-01    7.95400e-01    7.81900e-01    7.72900e-01    7.67500e-01    7.64300e-01    7.62700e-01    7.61900e-01    7.61600e-01    7.61600e-01    7.61600e-01    7.61500e-01    7.61500e-01    7.61500e-01    7.61500e-01    7.61400e-01    7.57700e-01    7.53500e-01    7.50700e-01    7.48900e-01    7.47700e-01    7.47100e-01    7.46900e-01    7.46600e-01    
1.03920e+03    9.05000e-01    9.05900e-01    9.02600e-01    8.94000e-01    9.11700e-01    9.10400e-01    9.00300e-01    8.91700e-01    8.85800e-01    8.81500e-01    8.78400e-01    8.76000e-01    8.73900e-01    8.72100e-01    8.70400e-01    8.68700e-01    8.67000e-01    8.65400e-01    8.63900e-01    8.62400e-01    8.50100e-01    8.42100e-01    8.37100e-01    8.33800e-01    8.31600e-01    8.30100e-01    8.29300e-01    8.28800e-01    
1.03940e+03    1.18590e+00    1.19630e+00    1.20360e+00    1.20940e+00    1.22840e+00    1.21710e+00    1.19870e+00    1.18480e+00    1.17510e+00    1.16750e+00    1.16110e+00    1.15560e+00    1.15080e+00    1.14650e+00    1.14270e+00    1.13940e+00    1.13630e+00    1.13360e+00    1.13100e+00    1.12860e+00    1.10960e+00    1.09790e+00    1.09170e+00    1.08810e+00    1.08580e+00    1.08410e+00    1.08300e+00    1.08200e+00    
1.03960e+03    1.13990e+00    1.14770e+00    1.15150e+00    1.15230e+00    1.17170e+00    1.16270e+00    1.14810e+00    1.13740e+00    1.13000e+00    1.12430e+00    1.11970e+00    1.11570e+00    1.11220e+00    1.10910e+00    1.10620e+00    1.10370e+00    1.10130e+00    1.09900e+00    1.09690e+00    1.09490e+00    1.07920e+00    1.06990e+00    1.06550e+00    1.06310e+00    1.06160e+00    1.06050e+00    1.05970e+00    1.05870e+00    
1.03980e+03    1.04230e+00    1.04690e+00    1.04780e+00    1.04600e+00    1.06740e+00    1.06400e+00    1.05440e+00    1.04680e+00    1.04100e+00    1.03630e+00    1.03260e+00    1.02940e+00    1.02660e+00    1.02410e+00    1.02160e+00    1.01920e+00    1.01680e+00    1.01460e+00    1.01250e+00    1.01040e+00    9.96500e-01    9.89600e-01    9.86200e-01    9.84300e-01    9.83100e-01    9.82200e-01    9.81600e-01    9.80800e-01    
1.04000e+03    9.57100e-01    9.58300e-01    9.56200e-01    9.51100e-01    9.69300e-01    9.67700e-01    9.62600e-01    9.58400e-01    9.54500e-01    9.51000e-01    9.48200e-01    9.45900e-01    9.43900e-01    9.42000e-01    9.40100e-01    9.38300e-01    9.36500e-01    9.34800e-01    9.33200e-01    9.31700e-01    9.22400e-01    9.18900e-01    9.17500e-01    9.16700e-01    9.16200e-01    9.15800e-01    9.15500e-01    9.14900e-01    
1.04020e+03    9.30400e-01    9.27800e-01    9.19800e-01    9.02900e-01    9.10300e-01    9.01000e-01    8.93500e-01    8.87500e-01    8.81200e-01    8.76000e-01    8.72600e-01    8.70600e-01    8.69200e-01    8.68200e-01    8.67200e-01    8.66300e-01    8.65400e-01    8.64500e-01    8.63700e-01    8.62900e-01    8.58000e-01    8.55700e-01    8.54200e-01    8.53300e-01    8.52600e-01    8.52200e-01    8.52100e-01    8.51900e-01    
1.04040e+03    1.04620e+00    1.04780e+00    1.04500e+00    1.03590e+00    1.04650e+00    1.03750e+00    1.02730e+00    1.01960e+00    1.01290e+00    1.00700e+00    1.00190e+00    9.97600e-01    9.93700e-01    9.90200e-01    9.87100e-01    9.84300e-01    9.81800e-01    9.79500e-01    9.77400e-01    9.75500e-01    9.63500e-01    9.58200e-01    9.55600e-01    9.54100e-01    9.53100e-01    9.52300e-01    9.51700e-01    9.50900e-01    
1.04060e+03    1.12280e+00    1.12780e+00    1.12960e+00    1.12840e+00    1.14360e+00    1.13690e+00    1.12580e+00    1.11720e+00    1.11020e+00    1.10390e+00    1.09790e+00    1.09250e+00    1.08740e+00    1.08280e+00    1.07860e+00    1.07480e+00    1.07130e+00    1.06820e+00    1.06530e+00    1.06260e+00    1.04490e+00    1.03650e+00    1.03220e+00    1.02980e+00    1.02810e+00    1.02690e+00    1.02600e+00    1.02500e+00    
1.04080e+03    1.05870e+00    1.06080e+00    1.05950e+00    1.05380e+00    1.06480e+00    1.05710e+00    1.04700e+00    1.03970e+00    1.03390e+00    1.02890e+00    1.02420e+00    1.02000e+00    1.01600e+00    1.01220e+00    1.00850e+00    1.00500e+00    1.00160e+00    9.98400e-01    9.95400e-01    9.92500e-01    9.74500e-01    9.66500e-01    9.62500e-01    9.60200e-01    9.58700e-01    9.57600e-01    9.56700e-01    9.55800e-01    
1.04100e+03    9.55300e-01    9.50900e-01    9.41000e-01    9.21100e-01    9.26800e-01    9.24400e-01    9.19700e-01    9.14900e-01    9.09700e-01    9.05500e-01    9.02600e-01    9.00800e-01    8.99400e-01    8.98100e-01    8.96700e-01    8.95200e-01    8.93600e-01    8.92000e-01    8.90400e-01    8.88800e-01    8.78300e-01    8.72900e-01    8.69600e-01    8.67500e-01    8.66100e-01    8.65100e-01    8.64600e-01    8.64200e-01    
1.04120e+03    1.11940e+00    1.11930e+00    1.11490e+00    1.10350e+00    1.11150e+00    1.10500e+00    1.09490e+00    1.08700e+00    1.08120e+00    1.07640e+00    1.07220e+00    1.06870e+00    1.06550e+00    1.06260e+00    1.05980e+00    1.05730e+00    1.05490e+00    1.05270e+00    1.05070e+00    1.04870e+00    1.03520e+00    1.02850e+00    1.02550e+00    1.02390e+00    1.02300e+00    1.02230e+00    1.02170e+00    1.02100e+00    
1.04140e+03    1.20440e+00    1.20580e+00    1.20390e+00    1.19780e+00    1.20780e+00    1.20570e+00    1.19750e+00    1.19100e+00    1.18690e+00    1.18360e+00    1.18050e+00    1.17760e+00    1.17480e+00    1.17210e+00    1.16960e+00    1.16730e+00    1.16500e+00    1.16290e+00    1.16090e+00    1.15890e+00    1.14480e+00    1.13740e+00    1.13410e+00    1.13240e+00    1.13150e+00    1.13090e+00    1.13050e+00    1.13040e+00    
1.04160e+03    1.22060e+00    1.22180e+00    1.21920e+00    1.21140e+00    1.22270e+00    1.22240e+00    1.21500e+00    1.20880e+00    1.20490e+00    1.20210e+00    1.19980e+00    1.19770e+00    1.19580e+00    1.19390e+00    1.19200e+00    1.19010e+00    1.18820e+00    1.18640e+00    1.18460e+00    1.18290e+00    1.16950e+00    1.16170e+00    1.15750e+00    1.15510e+00    1.15350e+00    1.15230e+00    1.15150e+00    1.15090e+00    
1.04180e+03    1.21440e+00    1.21550e+00    1.21240e+00    1.20310e+00    1.21240e+00    1.21070e+00    1.20300e+00    1.19720e+00    1.19420e+00    1.19270e+00    1.19170e+00    1.19100e+00    1.19040e+00    1.18980e+00    1.18900e+00    1.18810e+00    1.18720e+00    1.18620e+00    1.18530e+00    1.18430e+00    1.17620e+00    1.17180e+00    1.17020e+00    1.16960e+00    1.16930e+00    1.16910e+00    1.16920e+00    1.16920e+00    
1.04200e+03    1.20670e+00    1.20890e+00    1.20770e+00    1.20170e+00    1.20910e+00    1.20710e+00    1.19940e+00    1.19360e+00    1.19110e+00    1.19020e+00    1.19000e+00    1.19000e+00    1.19010e+00    1.19020e+00    1.19000e+00    1.18970e+00    1.18930e+00    1.18880e+00    1.18820e+00    1.18760e+00    1.18130e+00    1.17730e+00    1.17630e+00    1.17620e+00    1.17630e+00    1.17640e+00    1.17680e+00    1.17690e+00    
1.04220e+03    1.18990e+00    1.19000e+00    1.18550e+00    1.17440e+00    1.18480e+00    1.18950e+00    1.18670e+00    1.18400e+00    1.18350e+00    1.18400e+00    1.18510e+00    1.18640e+00    1.18770e+00    1.18880e+00    1.18980e+00    1.19060e+00    1.19130e+00    1.19180e+00    1.19230e+00    1.19260e+00    1.19170e+00    1.18960e+00    1.18930e+00    1.18960e+00    1.18990e+00    1.19020e+00    1.19060e+00    1.19070e+00    
1.04240e+03    1.16250e+00    1.16210e+00    1.15820e+00    1.14910e+00    1.15750e+00    1.16080e+00    1.15870e+00    1.15680e+00    1.15670e+00    1.15750e+00    1.15900e+00    1.16070e+00    1.16240e+00    1.16390e+00    1.16500e+00    1.16580e+00    1.16640e+00    1.16680e+00    1.16710e+00    1.16720e+00    1.16570e+00    1.16380e+00    1.16330e+00    1.16320e+00    1.16330e+00    1.16330e+00    1.16360e+00    1.16360e+00    
1.04260e+03    1.14160e+00    1.14120e+00    1.13810e+00    1.12990e+00    1.12970e+00    1.12460e+00    1.11930e+00    1.11640e+00    1.11580e+00    1.11650e+00    1.11820e+00    1.12010e+00    1.12200e+00    1.12350e+00    1.12460e+00    1.12520e+00    1.12560e+00    1.12560e+00    1.12560e+00    1.12540e+00    1.12110e+00    1.11790e+00    1.11660e+00    1.11600e+00    1.11560e+00    1.11520e+00    1.11490e+00    1.11470e+00    
1.04280e+03    1.17130e+00    1.17270e+00    1.17200e+00    1.16700e+00    1.16550e+00    1.16130e+00    1.15460e+00    1.14970e+00    1.14770e+00    1.14730e+00    1.14790e+00    1.14890e+00    1.15000e+00    1.15090e+00    1.15150e+00    1.15180e+00    1.15190e+00    1.15180e+00    1.15160e+00    1.15130e+00    1.14570e+00    1.14090e+00    1.13830e+00    1.13670e+00    1.13570e+00    1.13480e+00    1.13410e+00    1.13330e+00    
1.04300e+03    1.16020e+00    1.16080e+00    1.15810e+00    1.15090e+00    1.15790e+00    1.16160e+00    1.16010e+00    1.15890e+00    1.15940e+00    1.16060e+00    1.16210e+00    1.16360e+00    1.16490e+00    1.16610e+00    1.16690e+00    1.16740e+00    1.16770e+00    1.16780e+00    1.16780e+00    1.16770e+00    1.16320e+00    1.15850e+00    1.15600e+00    1.15460e+00    1.15360e+00    1.15260e+00    1.15180e+00    1.15100e+00    
1.04320e+03    1.07170e+00    1.06900e+00    1.06270e+00    1.05110e+00    1.05890e+00    1.06870e+00    1.07320e+00    1.07550e+00    1.07750e+00    1.07970e+00    1.08230e+00    1.08490e+00    1.08740e+00    1.08950e+00    1.09110e+00    1.09230e+00    1.09310e+00    1.09370e+00    1.09410e+00    1.09430e+00    1.09240e+00    1.08930e+00    1.08710e+00    1.08550e+00    1.08440e+00    1.08350e+00    1.08280e+00    1.08210e+00    
1.04340e+03    1.07070e+00    1.06660e+00    1.05740e+00    1.03860e+00    1.03700e+00    1.03540e+00    1.03510e+00    1.03550e+00    1.03610e+00    1.03750e+00    1.03990e+00    1.04260e+00    1.04550e+00    1.04800e+00    1.05010e+00    1.05180e+00    1.05310e+00    1.05420e+00    1.05520e+00    1.05590e+00    1.05800e+00    1.05700e+00    1.05560e+00    1.05440e+00    1.05340e+00    1.05260e+00    1.05190e+00    1.05140e+00    
1.04360e+03    1.12240e+00    1.12070e+00    1.11530e+00    1.10410e+00    1.11030e+00    1.11680e+00    1.11740e+00    1.11740e+00    1.11910e+00    1.12170e+00    1.12460e+00    1.12760e+00    1.13040e+00    1.13300e+00    1.13510e+00    1.13680e+00    1.13820e+00    1.13940e+00    1.14040e+00    1.14130e+00    1.14380e+00    1.14340e+00    1.14370e+00    1.14410e+00    1.14420e+00    1.14410e+00    1.14400e+00    1.14390e+00    
1.04380e+03    1.13320e+00    1.13070e+00    1.12450e+00    1.11230e+00    1.11940e+00    1.12700e+00    1.12840e+00    1.12890e+00    1.13100e+00    1.13400e+00    1.13740e+00    1.14080e+00    1.14410e+00    1.14700e+00    1.14950e+00    1.15160e+00    1.15330e+00    1.15480e+00    1.15610e+00    1.15720e+00    1.16190e+00    1.16340e+00    1.16530e+00    1.16690e+00    1.16800e+00    1.16840e+00    1.16890e+00    1.16890e+00    
1.04400e+03    1.12940e+00    1.12720e+00    1.12260e+00    1.11470e+00    1.12180e+00    1.12950e+00    1.13170e+00    1.13250e+00    1.13420e+00    1.13660e+00    1.13940e+00    1.14230e+00    1.14510e+00    1.14760e+00    1.14960e+00    1.15120e+00    1.15250e+00    1.15350e+00    1.15440e+00    1.15510e+00    1.15700e+00    1.15670e+00    1.15710e+00    1.15760e+00    1.15790e+00    1.15780e+00    1.15770e+00    1.15770e+00    
1.04420e+03    1.11370e+00    1.11180e+00    1.10810e+00    1.10180e+00    1.10670e+00    1.11280e+00    1.11640e+00    1.11900e+00    1.12140e+00    1.12380e+00    1.12620e+00    1.12840e+00    1.13050e+00    1.13220e+00    1.13350e+00    1.13440e+00    1.13510e+00    1.13560e+00    1.13590e+00    1.13600e+00    1.13440e+00    1.13220e+00    1.13140e+00    1.13110e+00    1.13090e+00    1.13050e+00    1.13020e+00    1.12990e+00    
1.04440e+03    1.13610e+00    1.13600e+00    1.13480e+00    1.13070e+00    1.12740e+00    1.12380e+00    1.12200e+00    1.12040e+00    1.11870e+00    1.11790e+00    1.11810e+00    1.11910e+00    1.12020e+00    1.12130e+00    1.12210e+00    1.12250e+00    1.12280e+00    1.12290e+00    1.12280e+00    1.12270e+00    1.11820e+00    1.11350e+00    1.11070e+00    1.10880e+00    1.10750e+00    1.10650e+00    1.10580e+00    1.10510e+00    
1.04460e+03    1.18090e+00    1.18430e+00    1.18790e+00    1.19140e+00    1.18720e+00    1.18010e+00    1.17500e+00    1.17140e+00    1.16850e+00    1.16640e+00    1.16520e+00    1.16440e+00    1.16370e+00    1.16300e+00    1.16220e+00    1.16120e+00    1.16010e+00    1.15890e+00    1.15770e+00    1.15640e+00    1.14600e+00    1.13980e+00    1.13700e+00    1.13560e+00    1.13470e+00    1.13380e+00    1.13310e+00    1.13220e+00    
1.04480e+03    1.17700e+00    1.18100e+00    1.18500e+00    1.18880e+00    1.18640e+00    1.17940e+00    1.17350e+00    1.16890e+00    1.16520e+00    1.16230e+00    1.16020e+00    1.15850e+00    1.15700e+00    1.15560e+00    1.15400e+00    1.15230e+00    1.15050e+00    1.14870e+00    1.14700e+00    1.14530e+00    1.13280e+00    1.12680e+00    1.12450e+00    1.12360e+00    1.12320e+00    1.12280e+00    1.12250e+00    1.12250e+00    
1.04500e+03    1.14270e+00    1.14520e+00    1.14620e+00    1.14440e+00    1.14520e+00    1.14020e+00    1.13460e+00    1.12940e+00    1.12460e+00    1.12050e+00    1.11750e+00    1.11510e+00    1.11290e+00    1.11080e+00    1.10840e+00    1.10590e+00    1.10330e+00    1.10070e+00    1.09810e+00    1.09560e+00    1.07980e+00    1.07360e+00    1.07150e+00    1.07070e+00    1.07040e+00    1.07000e+00    1.06950e+00    1.06910e+00    
1.04520e+03    1.13350e+00    1.13590e+00    1.13670e+00    1.13480e+00    1.13480e+00    1.13360e+00    1.13100e+00    1.12820e+00    1.12560e+00    1.12340e+00    1.12180e+00    1.12060e+00    1.11950e+00    1.11850e+00    1.11750e+00    1.11640e+00    1.11520e+00    1.11400e+00    1.11290e+00    1.11180e+00    1.10330e+00    1.09930e+00    1.09840e+00    1.09850e+00    1.09870e+00    1.09880e+00    1.09910e+00    1.09920e+00    
1.04540e+03    1.12590e+00    1.12870e+00    1.13030e+00    1.13040e+00    1.13190e+00    1.13360e+00    1.13240e+00    1.13030e+00    1.12860e+00    1.12740e+00    1.12670e+00    1.12630e+00    1.12620e+00    1.12610e+00    1.12590e+00    1.12570e+00    1.12550e+00    1.12530e+00    1.12500e+00    1.12480e+00    1.12060e+00    1.11770e+00    1.11750e+00    1.11800e+00    1.11850e+00    1.11900e+00    1.11970e+00    1.11990e+00    
1.04560e+03    1.11710e+00    1.12010e+00    1.12190e+00    1.12190e+00    1.12330e+00    1.12200e+00    1.12030e+00    1.11880e+00    1.11760e+00    1.11660e+00    1.11600e+00    1.11550e+00    1.11510e+00    1.11470e+00    1.11420e+00    1.11360e+00    1.11290e+00    1.11220e+00    1.11150e+00    1.11070e+00    1.10310e+00    1.09830e+00    1.09690e+00    1.09650e+00    1.09640e+00    1.09620e+00    1.09600e+00    1.09590e+00    
1.04580e+03    1.09460e+00    1.09830e+00    1.10090e+00    1.10190e+00    1.10210e+00    1.09930e+00    1.09690e+00    1.09510e+00    1.09340e+00    1.09210e+00    1.09130e+00    1.09090e+00    1.09040e+00    1.08980e+00    1.08890e+00    1.08770e+00    1.08640e+00    1.08500e+00    1.08360e+00    1.08210e+00    1.07160e+00    1.06670e+00    1.06460e+00    1.06360e+00    1.06290e+00    1.06230e+00    1.06170e+00    1.06110e+00    
1.04600e+03    1.07110e+00    1.07490e+00    1.07730e+00    1.07820e+00    1.08020e+00    1.07980e+00    1.07890e+00    1.07830e+00    1.07770e+00    1.07750e+00    1.07780e+00    1.07820e+00    1.07850e+00    1.07860e+00    1.07820e+00    1.07750e+00    1.07660e+00    1.07550e+00    1.07430e+00    1.07310e+00    1.06330e+00    1.05810e+00    1.05580e+00    1.05460e+00    1.05390e+00    1.05340e+00    1.05310e+00    1.05260e+00    
1.04620e+03    1.06340e+00    1.06650e+00    1.06810e+00    1.06780e+00    1.07120e+00    1.07460e+00    1.07710e+00    1.07930e+00    1.08160e+00    1.08400e+00    1.08640e+00    1.08850e+00    1.09040e+00    1.09200e+00    1.09330e+00    1.09430e+00    1.09500e+00    1.09560e+00    1.09610e+00    1.09640e+00    1.09460e+00    1.09160e+00    1.09060e+00    1.09030e+00    1.09010e+00    1.08990e+00    1.08970e+00    1.08960e+00    
1.04640e+03    1.07540e+00    1.07870e+00    1.08080e+00    1.08160e+00    1.08160e+00    1.08410e+00    1.08680e+00    1.08950e+00    1.09240e+00    1.09530e+00    1.09800e+00    1.10050e+00    1.10270e+00    1.10460e+00    1.10620e+00    1.10750e+00    1.10860e+00    1.10960e+00    1.11040e+00    1.11100e+00    1.11260e+00    1.11220e+00    1.11290e+00    1.11380e+00    1.11450e+00    1.11470e+00    1.11480e+00    1.11490e+00    
1.04660e+03    1.09050e+00    1.09430e+00    1.09780e+00    1.10100e+00    1.09920e+00    1.09970e+00    1.10130e+00    1.10290e+00    1.10460e+00    1.10650e+00    1.10850e+00    1.11050e+00    1.11240e+00    1.11410e+00    1.11550e+00    1.11670e+00    1.11770e+00    1.11850e+00    1.11920e+00    1.11980e+00    1.12160e+00    1.12200e+00    1.12330e+00    1.12460e+00    1.12570e+00    1.12640e+00    1.12700e+00    1.12730e+00    
1.04680e+03    1.09600e+00    1.10010e+00    1.10440e+00    1.10920e+00    1.10690e+00    1.10560e+00    1.10640e+00    1.10760e+00    1.10890e+00    1.11060e+00    1.11270e+00    1.11480e+00    1.11690e+00    1.11880e+00    1.12040e+00    1.12170e+00    1.12290e+00    1.12380e+00    1.12460e+00    1.12530e+00    1.12700e+00    1.12670e+00    1.12770e+00    1.12900e+00    1.13010e+00    1.13100e+00    1.13170e+00    1.13200e+00    
1.04700e+03    1.07980e+00    1.08290e+00    1.08600e+00    1.08930e+00    1.08500e+00    1.08240e+00    1.08370e+00    1.08570e+00    1.08780e+00    1.09020e+00    1.09290e+00    1.09550e+00    1.09810e+00    1.10050e+00    1.10250e+00    1.10410e+00    1.10560e+00    1.10680e+00    1.10790e+00    1.10880e+00    1.11230e+00    1.11300e+00    1.11450e+00    1.11590e+00    1.11710e+00    1.11810e+00    1.11900e+00    1.11920e+00    
1.04720e+03    1.03130e+00    1.03290e+00    1.03500e+00    1.03810e+00    1.03480e+00    1.03350e+00    1.03500e+00    1.03680e+00    1.03860e+00    1.04100e+00    1.04400e+00    1.04730e+00    1.05060e+00    1.05360e+00    1.05620e+00    1.05850e+00    1.06040e+00    1.06220e+00    1.06370e+00    1.06500e+00    1.07150e+00    1.07390e+00    1.07620e+00    1.07800e+00    1.07930e+00    1.08010e+00    1.08090e+00    1.08120e+00    
1.04740e+03    9.77200e-01    9.75800e-01    9.73700e-01    9.70400e-01    9.67500e-01    9.66600e-01    9.69600e-01    9.72400e-01    9.74700e-01    9.77500e-01    9.81300e-01    9.85400e-01    9.89700e-01    9.93600e-01    9.97000e-01    1.00000e+00    1.00260e+00    1.00490e+00    1.00700e+00    1.00880e+00    1.01820e+00    1.02130e+00    1.02330e+00    1.02460e+00    1.02540e+00    1.02580e+00    1.02610e+00    1.02640e+00    
1.04760e+03    9.65300e-01    9.64500e-01    9.64500e-01    9.66100e-01    9.64300e-01    9.64400e-01    9.67200e-01    9.69600e-01    9.71500e-01    9.74000e-01    9.77200e-01    9.80700e-01    9.84300e-01    9.87600e-01    9.90500e-01    9.93000e-01    9.95200e-01    9.97100e-01    9.98700e-01    1.00030e+00    1.00840e+00    1.01170e+00    1.01390e+00    1.01530e+00    1.01630e+00    1.01710e+00    1.01800e+00    1.01850e+00    
1.04780e+03    9.46000e-01    9.45900e-01    9.48300e-01    9.55700e-01    9.54900e-01    9.50600e-01    9.51600e-01    9.53400e-01    9.54300e-01    9.55400e-01    9.57200e-01    9.59200e-01    9.61400e-01    9.63400e-01    9.65100e-01    9.66600e-01    9.67800e-01    9.68900e-01    9.69800e-01    9.70700e-01    9.75700e-01    9.78200e-01    9.79900e-01    9.81200e-01    9.82100e-01    9.82500e-01    9.83000e-01    9.83500e-01    
1.04800e+03    7.52500e-01    7.44100e-01    7.37200e-01    7.31000e-01    7.24000e-01    7.32400e-01    7.44000e-01    7.51700e-01    7.56500e-01    7.60700e-01    7.65600e-01    7.70700e-01    7.75800e-01    7.80500e-01    7.84800e-01    7.88500e-01    7.91900e-01    7.94900e-01    7.97600e-01    8.00200e-01    8.14300e-01    8.19500e-01    8.21900e-01    8.23100e-01    8.23800e-01    8.24200e-01    8.24600e-01    8.24800e-01    
1.04820e+03    8.16400e-01    8.12200e-01    8.11300e-01    8.16600e-01    8.18100e-01    8.18200e-01    8.22600e-01    8.26600e-01    8.29000e-01    8.31600e-01    8.35100e-01    8.38900e-01    8.42800e-01    8.46400e-01    8.49800e-01    8.52700e-01    8.55400e-01    8.57800e-01    8.60000e-01    8.62000e-01    8.71900e-01    8.74200e-01    8.74700e-01    8.74700e-01    8.74600e-01    8.74500e-01    8.74400e-01    8.74400e-01    
1.04840e+03    8.79900e-01    8.81000e-01    8.86100e-01    9.01200e-01    9.10300e-01    9.07400e-01    9.10500e-01    9.13700e-01    9.14900e-01    9.16300e-01    9.18900e-01    9.22100e-01    9.25500e-01    9.28700e-01    9.31300e-01    9.33400e-01    9.35100e-01    9.36600e-01    9.37800e-01    9.38900e-01    9.43600e-01    9.44600e-01    9.44700e-01    9.44700e-01    9.44600e-01    9.44400e-01    9.44200e-01    9.43900e-01    
1.04860e+03    8.49300e-01    8.49300e-01    8.51400e-01    8.59300e-01    8.65900e-01    8.63100e-01    8.68600e-01    8.73200e-01    8.74300e-01    8.75700e-01    8.79100e-01    8.83600e-01    8.88500e-01    8.93100e-01    8.97100e-01    9.00400e-01    9.03300e-01    9.05800e-01    9.08000e-01    9.09900e-01    9.20200e-01    9.23600e-01    9.24500e-01    9.24600e-01    9.24400e-01    9.24300e-01    9.24200e-01    9.24200e-01    
1.04880e+03    8.23400e-01    8.22700e-01    8.23300e-01    8.28900e-01    8.37400e-01    8.34000e-01    8.41200e-01    8.46800e-01    8.47500e-01    8.48100e-01    8.51000e-01    8.55300e-01    8.60000e-01    8.64700e-01    8.68700e-01    8.72000e-01    8.75000e-01    8.77600e-01    8.79800e-01    8.81900e-01    8.93200e-01    8.96900e-01    8.97600e-01    8.97400e-01    8.97200e-01    8.97300e-01    8.97600e-01    8.98100e-01    
1.04900e+03    7.56300e-01    7.51000e-01    7.44100e-01    7.36600e-01    7.47000e-01    7.47600e-01    7.57400e-01    7.63200e-01    7.62000e-01    7.60600e-01    7.62100e-01    7.65500e-01    7.69800e-01    7.74200e-01    7.78200e-01    7.81800e-01    7.85000e-01    7.87900e-01    7.90500e-01    7.92900e-01    8.06100e-01    8.09700e-01    8.09600e-01    8.08600e-01    8.07700e-01    8.07000e-01    8.06800e-01    8.06700e-01    
1.04920e+03    6.24500e-01    6.10000e-01    5.88500e-01    5.56300e-01    5.73100e-01    5.85500e-01    5.99300e-01    6.05300e-01    6.03500e-01    6.01600e-01    6.03200e-01    6.07100e-01    6.12400e-01    6.17900e-01    6.23400e-01    6.28500e-01    6.33400e-01    6.37900e-01    6.42200e-01    6.46200e-01    6.67300e-01    6.71500e-01    6.69800e-01    6.67100e-01    6.64800e-01    6.63700e-01    6.63600e-01    6.63600e-01    
1.04940e+03    6.27300e-01    6.14900e-01    5.97600e-01    5.74500e-01    5.96300e-01    6.08100e-01    6.22600e-01    6.29300e-01    6.27200e-01    6.24400e-01    6.25200e-01    6.28400e-01    6.32700e-01    6.37400e-01    6.41900e-01    6.46000e-01    6.49800e-01    6.53400e-01    6.56600e-01    6.59600e-01    6.74300e-01    6.76000e-01    6.73400e-01    6.70400e-01    6.68100e-01    6.67100e-01    6.67000e-01    6.67100e-01    
1.04960e+03    6.87500e-01    6.78800e-01    6.67800e-01    6.53900e-01    6.61700e-01    6.67700e-01    6.83500e-01    6.95500e-01    6.99400e-01    7.01000e-01    7.02800e-01    7.05000e-01    7.07400e-01    7.09700e-01    7.11800e-01    7.13600e-01    7.15400e-01    7.17000e-01    7.18400e-01    7.19700e-01    7.26300e-01    7.26600e-01    7.23900e-01    7.21100e-01    7.19100e-01    7.18100e-01    7.18000e-01    7.17900e-01    
1.04980e+03    5.99100e-01    5.87400e-01    5.72800e-01    5.52800e-01    5.58200e-01    5.59800e-01    5.67000e-01    5.68600e-01    5.63400e-01    5.58600e-01    5.57700e-01    5.59400e-01    5.62500e-01    5.66100e-01    5.69500e-01    5.72500e-01    5.75400e-01    5.78000e-01    5.80400e-01    5.82600e-01    5.92400e-01    5.92000e-01    5.88400e-01    5.84700e-01    5.81900e-01    5.80300e-01    5.79800e-01    5.79600e-01    
1.05000e+03    6.65700e-01    6.58600e-01    6.50500e-01    6.42400e-01    6.55300e-01    6.57600e-01    6.66600e-01    6.70200e-01    6.66100e-01    6.61600e-01    6.60700e-01    6.62200e-01    6.64800e-01    6.67700e-01    6.70400e-01    6.72600e-01    6.74700e-01    6.76400e-01    6.78000e-01    6.79300e-01    6.82700e-01    6.79000e-01    6.74200e-01    6.70100e-01    6.67100e-01    6.65200e-01    6.64300e-01    6.63800e-01    
1.05020e+03    8.30900e-01    8.32100e-01    8.35200e-01    8.43200e-01    8.48300e-01    8.38600e-01    8.40700e-01    8.42100e-01    8.38400e-01    8.34600e-01    8.33500e-01    8.34200e-01    8.35600e-01    8.37100e-01    8.38400e-01    8.39200e-01    8.39800e-01    8.40200e-01    8.40500e-01    8.40600e-01    8.37400e-01    8.32700e-01    8.28600e-01    8.25500e-01    8.23300e-01    8.21800e-01    8.21100e-01    8.20600e-01    
1.05040e+03    8.68500e-01    8.72000e-01    8.78600e-01    8.92900e-01    8.98700e-01    8.88500e-01    8.89300e-01    8.90400e-01    8.87400e-01    8.84500e-01    8.83800e-01    8.84400e-01    8.85500e-01    8.86800e-01    8.87600e-01    8.88100e-01    8.88400e-01    8.88400e-01    8.88300e-01    8.88100e-01    8.84500e-01    8.80800e-01    8.77800e-01    8.75600e-01    8.74000e-01    8.72900e-01    8.72400e-01    8.71900e-01    
1.05060e+03    8.43500e-01    8.45600e-01    8.50300e-01    8.60700e-01    8.60200e-01    8.43600e-01    8.41100e-01    8.40000e-01    8.35200e-01    8.31000e-01    8.29500e-01    8.29800e-01    8.30900e-01    8.32200e-01    8.33100e-01    8.33700e-01    8.34100e-01    8.34300e-01    8.34300e-01    8.34300e-01    8.33000e-01    8.31300e-01    8.29500e-01    8.28000e-01    8.26900e-01    8.26100e-01    8.25700e-01    8.25400e-01    
1.05080e+03    6.99500e-01    6.92800e-01    6.84600e-01    6.73100e-01    6.72300e-01    6.64200e-01    6.66700e-01    6.66700e-01    6.61300e-01    6.56300e-01    6.55000e-01    6.55900e-01    6.58100e-01    6.60500e-01    6.62700e-01    6.64500e-01    6.66100e-01    6.67500e-01    6.68700e-01    6.69700e-01    6.75000e-01    6.75100e-01    6.72500e-01    6.69700e-01    6.67600e-01    6.66400e-01    6.65900e-01    6.65800e-01    
1.05100e+03    6.96000e-01    6.89000e-01    6.80700e-01    6.69900e-01    6.71100e-01    6.63000e-01    6.64500e-01    6.63800e-01    6.57900e-01    6.52800e-01    6.51700e-01    6.53100e-01    6.55800e-01    6.59000e-01    6.62100e-01    6.65000e-01    6.67700e-01    6.70200e-01    6.72500e-01    6.74700e-01    6.85900e-01    6.87700e-01    6.85800e-01    6.83500e-01    6.81600e-01    6.80500e-01    6.80300e-01    6.80200e-01    
1.05120e+03    8.09500e-01    8.07900e-01    8.07900e-01    8.09600e-01    8.00200e-01    7.85300e-01    7.84700e-01    7.84200e-01    7.79900e-01    7.76400e-01    7.75700e-01    7.76900e-01    7.79100e-01    7.81700e-01    7.84200e-01    7.86500e-01    7.88800e-01    7.90800e-01    7.92700e-01    7.94600e-01    8.05500e-01    8.09800e-01    8.11500e-01    8.12200e-01    8.12700e-01    8.13100e-01    8.13600e-01    8.13900e-01    
1.05140e+03    8.31300e-01    8.27800e-01    8.22800e-01    8.14900e-01    8.11500e-01    8.03900e-01    8.05600e-01    8.06200e-01    8.03200e-01    8.00800e-01    8.01000e-01    8.02900e-01    8.05700e-01    8.08700e-01    8.11500e-01    8.14100e-01    8.16600e-01    8.18900e-01    8.21000e-01    8.23100e-01    8.35400e-01    8.40200e-01    8.41400e-01    8.41500e-01    8.41400e-01    8.41500e-01    8.41900e-01    8.42100e-01    
1.05160e+03    9.34100e-01    9.35800e-01    9.38300e-01    9.41900e-01    9.36200e-01    9.25600e-01    9.22700e-01    9.21600e-01    9.20100e-01    9.19100e-01    9.19200e-01    9.20000e-01    9.21100e-01    9.22300e-01    9.23400e-01    9.24400e-01    9.25300e-01    9.26100e-01    9.26900e-01    9.27600e-01    9.32900e-01    9.36200e-01    9.38300e-01    9.39700e-01    9.40600e-01    9.41300e-01    9.42000e-01    9.42500e-01    
1.05180e+03    9.72200e-01    9.74900e-01    9.78300e-01    9.82200e-01    9.75500e-01    9.66100e-01    9.61900e-01    9.59400e-01    9.57400e-01    9.56200e-01    9.55900e-01    9.56200e-01    9.56800e-01    9.57400e-01    9.57800e-01    9.58100e-01    9.58300e-01    9.58500e-01    9.58600e-01    9.58600e-01    9.59200e-01    9.59900e-01    9.60500e-01    9.60900e-01    9.61300e-01    9.61600e-01    9.62000e-01    9.62200e-01    
1.05200e+03    9.64800e-01    9.66600e-01    9.68500e-01    9.69700e-01    9.65000e-01    9.59600e-01    9.57000e-01    9.55400e-01    9.54300e-01    9.53800e-01    9.53800e-01    9.54200e-01    9.54700e-01    9.55200e-01    9.55500e-01    9.55700e-01    9.55800e-01    9.55800e-01    9.55800e-01    9.55700e-01    9.55700e-01    9.56400e-01    9.57200e-01    9.57900e-01    9.58500e-01    9.58900e-01    9.59100e-01    9.59000e-01    
1.05220e+03    9.63300e-01    9.65800e-01    9.69100e-01    9.72400e-01    9.63500e-01    9.54100e-01    9.49700e-01    9.46800e-01    9.44200e-01    9.42300e-01    9.41300e-01    9.40900e-01    9.40700e-01    9.40700e-01    9.40600e-01    9.40400e-01    9.40100e-01    9.39800e-01    9.39500e-01    9.39200e-01    9.37700e-01    9.37800e-01    9.38400e-01    9.38900e-01    9.39300e-01    9.39500e-01    9.39500e-01    9.39300e-01    
1.05240e+03    9.65200e-01    9.67700e-01    9.70800e-01    9.73500e-01    9.65400e-01    9.54000e-01    9.48500e-01    9.44800e-01    9.41200e-01    9.38000e-01    9.35700e-01    9.33800e-01    9.32300e-01    9.30900e-01    9.29500e-01    9.28100e-01    9.26700e-01    9.25400e-01    9.24100e-01    9.22900e-01    9.16600e-01    9.15200e-01    9.14900e-01    9.14900e-01    9.15000e-01    9.15300e-01    9.15400e-01    9.15400e-01    
1.05260e+03    9.88100e-01    9.92100e-01    9.97200e-01    1.00340e+00    9.96200e-01    9.85300e-01    9.79100e-01    9.75000e-01    9.71000e-01    9.67400e-01    9.64000e-01    9.61100e-01    9.58200e-01    9.55500e-01    9.52900e-01    9.50300e-01    9.47800e-01    9.45400e-01    9.43100e-01    9.40900e-01    9.29300e-01    9.25900e-01    9.24800e-01    9.24400e-01    9.24200e-01    9.24200e-01    9.24000e-01    9.23700e-01    
1.05280e+03    9.67300e-01    9.71200e-01    9.77300e-01    9.86700e-01    9.82400e-01    9.73100e-01    9.68000e-01    9.64700e-01    9.61500e-01    9.58700e-01    9.56200e-01    9.54100e-01    9.52000e-01    9.50000e-01    9.48000e-01    9.46000e-01    9.44000e-01    9.42000e-01    9.40200e-01    9.38400e-01    9.27300e-01    9.23000e-01    9.21300e-01    9.20500e-01    9.20100e-01    9.19900e-01    9.19600e-01    9.19100e-01    
1.05300e+03    9.17700e-01    9.18700e-01    9.22000e-01    9.28900e-01    9.24900e-01    9.13500e-01    9.08800e-01    9.06200e-01    9.03000e-01    9.00000e-01    8.97600e-01    8.95600e-01    8.93900e-01    8.92200e-01    8.90500e-01    8.88800e-01    8.87000e-01    8.85300e-01    8.83700e-01    8.82100e-01    8.73300e-01    8.70300e-01    8.68600e-01    8.67500e-01    8.66900e-01    8.66500e-01    8.66400e-01    8.66200e-01    
1.05320e+03    9.12900e-01    9.10400e-01    9.08300e-01    9.04800e-01    8.95300e-01    8.78900e-01    8.72700e-01    8.69100e-01    8.64100e-01    8.59400e-01    8.56100e-01    8.53700e-01    8.51900e-01    8.50200e-01    8.48600e-01    8.47000e-01    8.45500e-01    8.43900e-01    8.42500e-01    8.41100e-01    8.33700e-01    8.31300e-01    8.29900e-01    8.29000e-01    8.28300e-01    8.27900e-01    8.27600e-01    8.27300e-01    
1.05340e+03    1.00310e+00    1.00400e+00    1.00690e+00    1.01270e+00    1.00750e+00    1.00020e+00    9.96400e-01    9.94400e-01    9.92900e-01    9.91200e-01    9.89300e-01    9.87300e-01    9.85200e-01    9.83200e-01    9.81300e-01    9.79500e-01    9.77700e-01    9.76000e-01    9.74500e-01    9.73000e-01    9.65400e-01    9.63400e-01    9.62900e-01    9.62700e-01    9.62600e-01    9.62500e-01    9.62400e-01    9.62000e-01    
1.05360e+03    9.93000e-01    9.94200e-01    9.98600e-01    1.00850e+00    1.00490e+00    1.00240e+00    1.00190e+00    1.00220e+00    1.00270e+00    1.00290e+00    1.00250e+00    1.00190e+00    1.00110e+00    1.00040e+00    9.99900e-01    9.99600e-01    9.99400e-01    9.99400e-01    9.99300e-01    9.99400e-01    1.00020e+00    1.00120e+00    1.00210e+00    1.00280e+00    1.00330e+00    1.00360e+00    1.00360e+00    1.00350e+00    
1.05380e+03    8.91200e-01    8.86500e-01    8.82200e-01    8.77500e-01    8.72800e-01    8.71400e-01    8.74600e-01    8.77700e-01    8.79400e-01    8.80400e-01    8.81100e-01    8.81800e-01    8.82500e-01    8.83200e-01    8.84000e-01    8.84900e-01    8.85800e-01    8.86700e-01    8.87600e-01    8.88500e-01    8.94100e-01    8.96400e-01    8.97200e-01    8.97500e-01    8.97700e-01    8.97600e-01    8.97600e-01    8.97300e-01    
1.05400e+03    8.92500e-01    8.88200e-01    8.83800e-01    8.77400e-01    8.71300e-01    8.67300e-01    8.66300e-01    8.66200e-01    8.66200e-01    8.65900e-01    8.65600e-01    8.65100e-01    8.64500e-01    8.63900e-01    8.63200e-01    8.62500e-01    8.61800e-01    8.61200e-01    8.60500e-01    8.59900e-01    8.57900e-01    8.58500e-01    8.58900e-01    8.59100e-01    8.59300e-01    8.59400e-01    8.59500e-01    8.59400e-01    
1.05420e+03    9.11400e-01    9.08500e-01    9.05500e-01    9.00700e-01    8.93400e-01    8.88300e-01    8.86300e-01    8.85700e-01    8.85600e-01    8.85500e-01    8.85300e-01    8.84900e-01    8.84400e-01    8.83600e-01    8.82700e-01    8.81600e-01    8.80400e-01    8.79300e-01    8.78100e-01    8.77000e-01    8.72100e-01    8.72000e-01    8.72500e-01    8.73000e-01    8.73500e-01    8.73800e-01    8.74100e-01    8.74200e-01    
1.05440e+03    9.11800e-01    9.08900e-01    9.05600e-01    9.00300e-01    8.94300e-01    8.92600e-01    8.91800e-01    8.91600e-01    8.92100e-01    8.92500e-01    8.92400e-01    8.91900e-01    8.91200e-01    8.90400e-01    8.89400e-01    8.88300e-01    8.87200e-01    8.86100e-01    8.85000e-01    8.84000e-01    8.79500e-01    8.79500e-01    8.80100e-01    8.80800e-01    8.81300e-01    8.81700e-01    8.82100e-01    8.82200e-01    
1.05460e+03    9.36000e-01    9.33300e-01    9.31300e-01    9.29000e-01    9.22900e-01    9.18500e-01    9.16500e-01    9.16200e-01    9.16600e-01    9.16600e-01    9.15700e-01    9.14200e-01    9.12400e-01    9.10500e-01    9.08500e-01    9.06500e-01    9.04500e-01    9.02600e-01    9.00800e-01    8.99100e-01    8.91500e-01    8.90700e-01    8.90800e-01    8.91200e-01    8.91500e-01    8.91800e-01    8.92000e-01    8.91700e-01    
1.05480e+03    9.52600e-01    9.49500e-01    9.47900e-01    9.47300e-01    9.41700e-01    9.36000e-01    9.33200e-01    9.32300e-01    9.32000e-01    9.31200e-01    9.29700e-01    9.27700e-01    9.25600e-01    9.23400e-01    9.21300e-01    9.19500e-01    9.17700e-01    9.16000e-01    9.14500e-01    9.13100e-01    9.07200e-01    9.06800e-01    9.07000e-01    9.07200e-01    9.07300e-01    9.07400e-01    9.07500e-01    9.07300e-01    
1.05500e+03    9.47700e-01    9.44600e-01    9.42200e-01    9.39200e-01    9.31700e-01    9.21600e-01    9.14400e-01    9.08900e-01    9.04300e-01    9.00400e-01    8.97200e-01    8.94500e-01    8.92000e-01    8.89700e-01    8.87500e-01    8.85300e-01    8.83200e-01    8.81300e-01    8.79400e-01    8.77700e-01    8.70500e-01    8.70100e-01    8.70200e-01    8.70300e-01    8.70500e-01    8.70600e-01    8.70700e-01    8.70700e-01    
1.05520e+03    9.64700e-01    9.62800e-01    9.60900e-01    9.57800e-01    9.55600e-01    9.49600e-01    9.45000e-01    9.42000e-01    9.39300e-01    9.36300e-01    9.33000e-01    9.29500e-01    9.26000e-01    9.22700e-01    9.19500e-01    9.16600e-01    9.13900e-01    9.11300e-01    9.09000e-01    9.06800e-01    8.96500e-01    8.94600e-01    8.94400e-01    8.94600e-01    8.94800e-01    8.94900e-01    8.94800e-01    8.94400e-01    
1.05540e+03    1.00790e+00    1.00910e+00    1.01070e+00    1.01230e+00    1.00830e+00    9.99000e-01    9.92000e-01    9.87400e-01    9.83600e-01    9.79600e-01    9.75300e-01    9.71000e-01    9.66700e-01    9.62800e-01    9.59100e-01    9.55700e-01    9.52700e-01    9.49900e-01    9.47300e-01    9.44900e-01    9.32900e-01    9.29700e-01    9.28500e-01    9.28000e-01    9.27800e-01    9.27700e-01    9.27500e-01    9.27100e-01    
1.05560e+03    9.96600e-01    9.97000e-01    9.97700e-01    9.98200e-01    9.94900e-01    9.87300e-01    9.80900e-01    9.76500e-01    9.73100e-01    9.69600e-01    9.65900e-01    9.62000e-01    9.58200e-01    9.54600e-01    9.51100e-01    9.47900e-01    9.44900e-01    9.42100e-01    9.39600e-01    9.37200e-01    9.25700e-01    9.23600e-01    9.23100e-01    9.23000e-01    9.22900e-01    9.22800e-01    9.22700e-01    9.22300e-01    
1.05580e+03    9.53500e-01    9.52400e-01    9.51500e-01    9.50200e-01    9.48900e-01    9.40500e-01    9.31300e-01    9.24200e-01    9.18900e-01    9.14400e-01    9.10400e-01    9.06700e-01    9.03100e-01    8.99700e-01    8.96200e-01    8.92700e-01    8.89300e-01    8.86100e-01    8.83000e-01    8.80000e-01    8.65300e-01    8.62000e-01    8.60800e-01    8.60300e-01    8.60000e-01    8.59700e-01    8.59600e-01    8.59300e-01    
1.05600e+03    9.41500e-01    9.40600e-01    9.41400e-01    9.44600e-01    9.43200e-01    9.31700e-01    9.20200e-01    9.11700e-01    9.05700e-01    9.00900e-01    8.96800e-01    8.93200e-01    8.89800e-01    8.86600e-01    8.83300e-01    8.80100e-01    8.76800e-01    8.73700e-01    8.70800e-01    8.68000e-01    8.53900e-01    8.50900e-01    8.49900e-01    8.49700e-01    8.49600e-01    8.49500e-01    8.49300e-01    8.49100e-01    
1.05620e+03    9.05500e-01    9.03000e-01    9.03300e-01    9.08100e-01    9.05800e-01    8.96600e-01    8.91900e-01    8.88300e-01    8.83800e-01    8.79600e-01    8.76100e-01    8.73300e-01    8.70900e-01    8.68700e-01    8.66700e-01    8.64700e-01    8.62900e-01    8.61100e-01    8.59500e-01    8.57900e-01    8.49000e-01    8.46000e-01    8.44900e-01    8.44500e-01    8.44400e-01    8.44400e-01    8.44300e-01    8.44200e-01    
1.05640e+03    9.22000e-01    9.16600e-01    9.11800e-01    9.06600e-01    9.01900e-01    8.93900e-01    8.89200e-01    8.85200e-01    8.80700e-01    8.76700e-01    8.73800e-01    8.71800e-01    8.70300e-01    8.69300e-01    8.68500e-01    8.67900e-01    8.67500e-01    8.67200e-01    8.67000e-01    8.66700e-01    8.63100e-01    8.59700e-01    8.57900e-01    8.56900e-01    8.56300e-01    8.56000e-01    8.55900e-01    8.55700e-01    
1.05660e+03    9.95300e-01    9.94000e-01    9.94300e-01    9.96700e-01    9.96500e-01    9.92600e-01    9.88200e-01    9.84800e-01    9.81700e-01    9.78500e-01    9.75100e-01    9.71600e-01    9.68200e-01    9.64900e-01    9.61700e-01    9.58600e-01    9.55700e-01    9.52800e-01    9.50200e-01    9.47600e-01    9.30500e-01    9.22400e-01    9.18400e-01    9.16000e-01    9.14500e-01    9.13500e-01    9.12900e-01    9.12200e-01    
1.05680e+03    1.00960e+00    1.00920e+00    1.01010e+00    1.01270e+00    1.01180e+00    1.00680e+00    1.00200e+00    9.98700e-01    9.95800e-01    9.92900e-01    9.89800e-01    9.86500e-01    9.83300e-01    9.80000e-01    9.76600e-01    9.73300e-01    9.70000e-01    9.66900e-01    9.63800e-01    9.60800e-01    9.38900e-01    9.26900e-01    9.20500e-01    9.16800e-01    9.14300e-01    9.12600e-01    9.11500e-01    9.10600e-01    
1.05700e+03    9.63900e-01    9.63800e-01    9.66400e-01    9.73700e-01    9.75900e-01    9.72500e-01    9.68100e-01    9.65200e-01    9.63300e-01    9.61300e-01    9.59000e-01    9.56500e-01    9.53700e-01    9.50900e-01    9.47900e-01    9.44900e-01    9.41900e-01    9.39000e-01    9.36200e-01    9.33400e-01    9.13400e-01    9.02900e-01    8.97100e-01    8.93700e-01    8.91400e-01    8.89700e-01    8.88600e-01    8.87700e-01    
1.05720e+03    9.58300e-01    9.56800e-01    9.56100e-01    9.56100e-01    9.54400e-01    9.48300e-01    9.43300e-01    9.39000e-01    9.34800e-01    9.31200e-01    9.28300e-01    9.26100e-01    9.24100e-01    9.22100e-01    9.20000e-01    9.17800e-01    9.15600e-01    9.13300e-01    9.11100e-01    9.09000e-01    8.92900e-01    8.84100e-01    8.79200e-01    8.76300e-01    8.74500e-01    8.73300e-01    8.72700e-01    8.72200e-01    
1.05740e+03    1.00790e+00    1.00830e+00    1.00950e+00    1.01080e+00    1.00540e+00    9.98100e-01    9.94300e-01    9.92000e-01    9.89500e-01    9.86800e-01    9.84200e-01    9.81600e-01    9.79000e-01    9.76400e-01    9.73500e-01    9.70600e-01    9.67700e-01    9.64800e-01    9.62000e-01    9.59200e-01    9.40100e-01    9.30700e-01    9.25800e-01    9.23000e-01    9.21300e-01    9.20100e-01    9.19300e-01    9.18500e-01    
1.05760e+03    1.03280e+00    1.03360e+00    1.03540e+00    1.03830e+00    1.03510e+00    1.03020e+00    1.02790e+00    1.02700e+00    1.02600e+00    1.02460e+00    1.02270e+00    1.02060e+00    1.01830e+00    1.01590e+00    1.01330e+00    1.01070e+00    1.00810e+00    1.00550e+00    1.00300e+00    1.00060e+00    9.83900e-01    9.75800e-01    9.72000e-01    9.70000e-01    9.68700e-01    9.67700e-01    9.67000e-01    9.66200e-01    
1.05780e+03    1.02450e+00    1.02410e+00    1.02440e+00    1.02560e+00    1.02570e+00    1.02090e+00    1.01730e+00    1.01480e+00    1.01220e+00    1.00980e+00    1.00770e+00    1.00590e+00    1.00400e+00    1.00210e+00    9.99900e-01    9.97600e-01    9.95300e-01    9.92900e-01    9.90500e-01    9.88300e-01    9.74300e-01    9.69000e-01    9.66800e-01    9.65700e-01    9.65100e-01    9.64700e-01    9.64300e-01    9.63700e-01    
1.05800e+03    1.01580e+00    1.01470e+00    1.01500e+00    1.01680e+00    1.01400e+00    1.00730e+00    1.00210e+00    9.98200e-01    9.95300e-01    9.93200e-01    9.91900e-01    9.91000e-01    9.90200e-01    9.89500e-01    9.88500e-01    9.87500e-01    9.86300e-01    9.85100e-01    9.83800e-01    9.82600e-01    9.74700e-01    9.71600e-01    9.70500e-01    9.70100e-01    9.70100e-01    9.70100e-01    9.70100e-01    9.69900e-01    
1.05820e+03    1.01860e+00    1.01680e+00    1.01620e+00    1.01730e+00    1.01520e+00    1.01070e+00    1.00740e+00    1.00650e+00    1.00710e+00    1.00790e+00    1.00800e+00    1.00760e+00    1.00700e+00    1.00620e+00    1.00540e+00    1.00460e+00    1.00370e+00    1.00290e+00    1.00210e+00    1.00130e+00    9.96100e-01    9.94200e-01    9.94200e-01    9.94700e-01    9.95100e-01    9.95400e-01    9.95400e-01    9.95100e-01    
1.05840e+03    1.01650e+00    1.01390e+00    1.01230e+00    1.01110e+00    1.00580e+00    9.99900e-01    9.95000e-01    9.92200e-01    9.90900e-01    9.90200e-01    9.89400e-01    9.88700e-01    9.87900e-01    9.87100e-01    9.86100e-01    9.85200e-01    9.84200e-01    9.83300e-01    9.82400e-01    9.81500e-01    9.76600e-01    9.75300e-01    9.75200e-01    9.75500e-01    9.75700e-01    9.75800e-01    9.75600e-01    9.75300e-01    
1.05860e+03    1.00990e+00    1.00690e+00    1.00470e+00    1.00270e+00    9.98000e-01    9.92800e-01    9.88400e-01    9.86100e-01    9.85600e-01    9.85600e-01    9.85500e-01    9.85400e-01    9.85200e-01    9.84900e-01    9.84700e-01    9.84400e-01    9.84100e-01    9.83800e-01    9.83600e-01    9.83300e-01    9.81900e-01    9.81700e-01    9.82100e-01    9.82500e-01    9.82800e-01    9.82800e-01    9.82700e-01    9.82400e-01    
1.05880e+03    1.02210e+00    1.02010e+00    1.01870e+00    1.01730e+00    1.01210e+00    1.00530e+00    9.99900e-01    9.96900e-01    9.96000e-01    9.95800e-01    9.95600e-01    9.95400e-01    9.95200e-01    9.95000e-01    9.94900e-01    9.94700e-01    9.94500e-01    9.94400e-01    9.94200e-01    9.94100e-01    9.93500e-01    9.93700e-01    9.94400e-01    9.95100e-01    9.95600e-01    9.95900e-01    9.96000e-01    9.95900e-01    
1.05900e+03    1.02470e+00    1.02340e+00    1.02240e+00    1.02060e+00    1.01340e+00    1.00420e+00    9.97600e-01    9.93500e-01    9.91000e-01    9.89400e-01    9.88200e-01    9.87200e-01    9.86400e-01    9.85500e-01    9.84600e-01    9.83700e-01    9.82800e-01    9.81900e-01    9.81000e-01    9.80200e-01    9.76600e-01    9.76600e-01    9.77300e-01    9.78000e-01    9.78500e-01    9.78700e-01    9.78700e-01    9.78400e-01    
1.05920e+03    1.02910e+00    1.02870e+00    1.02880e+00    1.02910e+00    1.02490e+00    1.01820e+00    1.01500e+00    1.01390e+00    1.01310e+00    1.01220e+00    1.01090e+00    1.00940e+00    1.00780e+00    1.00640e+00    1.00520e+00    1.00420e+00    1.00340e+00    1.00270e+00    1.00210e+00    1.00160e+00    9.99700e-01    9.99900e-01    1.00050e+00    1.00110e+00    1.00150e+00    1.00170e+00    1.00170e+00    1.00140e+00    
1.05940e+03    1.03240e+00    1.03250e+00    1.03300e+00    1.03310e+00    1.02760e+00    1.01960e+00    1.01580e+00    1.01450e+00    1.01370e+00    1.01250e+00    1.01070e+00    1.00850e+00    1.00630e+00    1.00410e+00    1.00210e+00    1.00030e+00    9.98700e-01    9.97200e-01    9.95800e-01    9.94600e-01    9.88800e-01    9.87800e-01    9.87800e-01    9.88000e-01    9.88200e-01    9.88400e-01    9.88600e-01    9.88500e-01    
1.05960e+03    1.05040e+00    1.05040e+00    1.05020e+00    1.04850e+00    1.04250e+00    1.03500e+00    1.03020e+00    1.02770e+00    1.02610e+00    1.02440e+00    1.02230e+00    1.02010e+00    1.01790e+00    1.01590e+00    1.01430e+00    1.01300e+00    1.01190e+00    1.01110e+00    1.01030e+00    1.00970e+00    1.00720e+00    1.00690e+00    1.00670e+00    1.00650e+00    1.00640e+00    1.00640e+00    1.00650e+00    1.00640e+00    
1.05980e+03    1.04170e+00    1.04020e+00    1.03880e+00    1.03690e+00    1.03380e+00    1.02810e+00    1.02430e+00    1.02200e+00    1.02050e+00    1.01920e+00    1.01790e+00    1.01670e+00    1.01560e+00    1.01460e+00    1.01370e+00    1.01290e+00    1.01220e+00    1.01170e+00    1.01120e+00    1.01080e+00    1.01070e+00    1.01210e+00    1.01230e+00    1.01200e+00    1.01180e+00    1.01160e+00    1.01160e+00    1.01140e+00    
1.06000e+03    1.01990e+00    1.01690e+00    1.01420e+00    1.01140e+00    1.01070e+00    1.00720e+00    1.00450e+00    1.00260e+00    1.00100e+00    9.99600e-01    9.98500e-01    9.97600e-01    9.96600e-01    9.95600e-01    9.94300e-01    9.93000e-01    9.91500e-01    9.90000e-01    9.88500e-01    9.87100e-01    9.76400e-01    9.71200e-01    9.68900e-01    9.67800e-01    9.67200e-01    9.66900e-01    9.66600e-01    9.66200e-01    
