                                             LOG (LUMINOSITY)
               |-------------------------------------------------------------------------------------------------------------------------------------------------------------------------------------------------------------------------------------------------------------------------------------------------------------------------------------------------------------------------------------------------------------------------------|
WAVELENGTH [A]    1 Myr          2 Myr          3 Myr          4 Myr          5 Myr          6 Myr          7 Myr          8 Myr          9 Myr          10 Myr         11 Myr         12 Myr         13 Myr        14 Myr         15 Myr         16 Myr          17 Myr        18 Myr         19 Myr         20 Myr          30Myr          40Myr          50Myr           60Myr         70Myr           80Myr         90Myr           100Myr
1.01600e+03    3.88044e+01    3.88540e+01    3.88855e+01    3.88122e+01    3.87476e+01    3.86881e+01    3.86139e+01    3.85593e+01    3.85086e+01    3.84594e+01    3.84188e+01    3.83739e+01    3.83365e+01    3.83006e+01    3.82633e+01    3.82285e+01    3.82050e+01    3.81608e+01    3.81414e+01    3.81171e+01    3.78400e+01    3.76658e+01    3.74935e+01    3.73415e+01    3.71459e+01    3.70194e+01    3.67908e+01    3.66945e+01    
1.01620e+03    3.88068e+01    3.88561e+01    3.88852e+01    3.88118e+01    3.87471e+01    3.86872e+01    3.86131e+01    3.85583e+01    3.85076e+01    3.84582e+01    3.84175e+01    3.83725e+01    3.83349e+01    3.82988e+01    3.82614e+01    3.82264e+01    3.82026e+01    3.81582e+01    3.81387e+01    3.81142e+01    3.78337e+01    3.76471e+01    3.74631e+01    3.73042e+01    3.71131e+01    3.70026e+01    3.67887e+01    3.66943e+01    
1.01640e+03    3.88079e+01    3.88558e+01    3.88846e+01    3.88112e+01    3.87466e+01    3.86864e+01    3.86124e+01    3.85576e+01    3.85067e+01    3.84572e+01    3.84164e+01    3.83712e+01    3.83335e+01    3.82972e+01    3.82597e+01    3.82244e+01    3.82005e+01    3.81558e+01    3.81360e+01    3.81112e+01    3.78251e+01    3.76348e+01    3.74486e+01    3.72887e+01    3.71004e+01    3.69963e+01    3.67880e+01    3.66942e+01    
1.01660e+03    3.88114e+01    3.88596e+01    3.88868e+01    3.88113e+01    3.87469e+01    3.86870e+01    3.86127e+01    3.85580e+01    3.85072e+01    3.84577e+01    3.84169e+01    3.83718e+01    3.83342e+01    3.82980e+01    3.82605e+01    3.82253e+01    3.82014e+01    3.81568e+01    3.81370e+01    3.81120e+01    3.78229e+01    3.76507e+01    3.74832e+01    3.73347e+01    3.71419e+01    3.70174e+01    3.67906e+01    3.66944e+01    
1.01680e+03    3.88120e+01    3.88610e+01    3.88866e+01    3.88099e+01    3.87456e+01    3.86852e+01    3.86111e+01    3.85560e+01    3.85050e+01    3.84553e+01    3.84141e+01    3.83686e+01    3.83306e+01    3.82942e+01    3.82562e+01    3.82205e+01    3.81962e+01    3.81508e+01    3.81304e+01    3.81046e+01    3.78001e+01    3.76213e+01    3.74515e+01    3.73025e+01    3.71162e+01    3.70043e+01    3.67889e+01    3.66943e+01    
1.01700e+03    3.88098e+01    3.88599e+01    3.88841e+01    3.88083e+01    3.87438e+01    3.86829e+01    3.86089e+01    3.85536e+01    3.85023e+01    3.84522e+01    3.84106e+01    3.83647e+01    3.83262e+01    3.82893e+01    3.82508e+01    3.82145e+01    3.81896e+01    3.81433e+01    3.81223e+01    3.80954e+01    3.77726e+01    3.75769e+01    3.73954e+01    3.72408e+01    3.70657e+01    3.69795e+01    3.67859e+01    3.66941e+01    
1.01720e+03    3.88083e+01    3.88593e+01    3.88821e+01    3.88074e+01    3.87429e+01    3.86817e+01    3.86078e+01    3.85523e+01    3.85009e+01    3.84505e+01    3.84088e+01    3.83626e+01    3.83239e+01    3.82868e+01    3.82479e+01    3.82113e+01    3.81862e+01    3.81394e+01    3.81180e+01    3.80906e+01    3.77582e+01    3.75511e+01    3.73610e+01    3.72017e+01    3.70342e+01    3.69648e+01    3.67842e+01    3.66940e+01    
1.01740e+03    3.88076e+01    3.88571e+01    3.88807e+01    3.88074e+01    3.87430e+01    3.86817e+01    3.86078e+01    3.85523e+01    3.85009e+01    3.84506e+01    3.84088e+01    3.83626e+01    3.83239e+01    3.82868e+01    3.82480e+01    3.82114e+01    3.81862e+01    3.81394e+01    3.81180e+01    3.80906e+01    3.77572e+01    3.75532e+01    3.73665e+01    3.72093e+01    3.70408e+01    3.69679e+01    3.67846e+01    3.66940e+01    
1.01760e+03    3.88057e+01    3.88532e+01    3.88775e+01    3.88052e+01    3.87403e+01    3.86778e+01    3.86027e+01    3.85457e+01    3.84917e+01    3.84369e+01    3.83911e+01    3.83421e+01    3.83028e+01    3.82681e+01    3.82342e+01    3.82021e+01    3.81810e+01    3.81385e+01    3.81202e+01    3.80958e+01    3.77823e+01    3.75888e+01    3.74076e+01    3.72526e+01    3.70747e+01    3.69838e+01    3.67865e+01    3.66941e+01    
1.01780e+03    3.88077e+01    3.88536e+01    3.88804e+01    3.88107e+01    3.87464e+01    3.86861e+01    3.86124e+01    3.85578e+01    3.85075e+01    3.84588e+01    3.84187e+01    3.83739e+01    3.83361e+01    3.82990e+01    3.82598e+01    3.82230e+01    3.81977e+01    3.81512e+01    3.81301e+01    3.81036e+01    3.77975e+01    3.76072e+01    3.74263e+01    3.72709e+01    3.70885e+01    3.69905e+01    3.67873e+01    3.66942e+01    
1.01800e+03    3.87873e+01    3.88352e+01    3.88559e+01    3.87860e+01    3.87077e+01    3.86326e+01    3.85519e+01    3.84941e+01    3.84466e+01    3.84103e+01    3.83849e+01    3.83525e+01    3.83241e+01    3.82925e+01    3.82564e+01    3.82225e+01    3.81996e+01    3.81557e+01    3.81365e+01    3.81118e+01    3.78118e+01    3.76114e+01    3.74187e+01    3.72550e+01    3.70715e+01    3.69794e+01    3.67745e+01    3.66705e+01    
1.01820e+03    3.87762e+01    3.88249e+01    3.88402e+01    3.87642e+01    3.86970e+01    3.86305e+01    3.85596e+01    3.85000e+01    3.84500e+01    3.84114e+01    3.83831e+01    3.83471e+01    3.83131e+01    3.82725e+01    3.82249e+01    3.81806e+01    3.81489e+01    3.80970e+01    3.80721e+01    3.80445e+01    3.78072e+01    3.76150e+01    3.74127e+01    3.72405e+01    3.70438e+01    3.69371e+01    3.67315e+01    3.66463e+01    
1.01840e+03    3.88007e+01    3.88503e+01    3.88787e+01    3.88066e+01    3.87429e+01    3.86836e+01    3.86041e+01    3.85504e+01    3.85029e+01    3.84596e+01    3.84247e+01    3.83840e+01    3.83486e+01    3.83112e+01    3.82700e+01    3.82315e+01    3.82047e+01    3.81572e+01    3.81354e+01    3.81089e+01    3.78242e+01    3.76238e+01    3.74259e+01    3.72582e+01    3.70710e+01    3.69772e+01    3.67809e+01    3.66940e+01    
1.01860e+03    3.88217e+01    3.88724e+01    3.89060e+01    3.88362e+01    3.87719e+01    3.87142e+01    3.86365e+01    3.85822e+01    3.85314e+01    3.84806e+01    3.84383e+01    3.83924e+01    3.83552e+01    3.83215e+01    3.82877e+01    3.82559e+01    3.82347e+01    3.81926e+01    3.81747e+01    3.81510e+01    3.78496e+01    3.76447e+01    3.74476e+01    3.72798e+01    3.70887e+01    3.69879e+01    3.67854e+01    3.66970e+01    
1.01880e+03    3.88324e+01    3.88865e+01    3.89136e+01    3.88407e+01    3.87767e+01    3.87175e+01    3.86422e+01    3.85893e+01    3.85393e+01    3.84886e+01    3.84461e+01    3.84000e+01    3.83626e+01    3.83286e+01    3.82945e+01    3.82623e+01    3.82409e+01    3.81983e+01    3.81801e+01    3.81560e+01    3.78490e+01    3.76442e+01    3.74487e+01    3.72818e+01    3.70899e+01    3.69865e+01    3.67739e+01    3.66720e+01    
1.01900e+03    3.88274e+01    3.88810e+01    3.89040e+01    3.88320e+01    3.87644e+01    3.87026e+01    3.86286e+01    3.85706e+01    3.85191e+01    3.84734e+01    3.84381e+01    3.83975e+01    3.83633e+01    3.83289e+01    3.82920e+01    3.82572e+01    3.82336e+01    3.81886e+01    3.81687e+01    3.81430e+01    3.78276e+01    3.76136e+01    3.74103e+01    3.72400e+01    3.70627e+01    3.69876e+01    3.67888e+01    3.66732e+01    
1.01920e+03    3.87997e+01    3.88511e+01    3.88554e+01    3.87762e+01    3.87083e+01    3.86484e+01    3.85690e+01    3.84947e+01    3.84339e+01    3.83928e+01    3.83681e+01    3.83360e+01    3.83076e+01    3.82755e+01    3.82386e+01    3.82038e+01    3.81803e+01    3.81354e+01    3.81155e+01    3.80900e+01    3.77813e+01    3.75620e+01    3.73506e+01    3.71739e+01    3.69926e+01    3.69168e+01    3.67198e+01    3.66095e+01    
1.01940e+03    3.87921e+01    3.88467e+01    3.88475e+01    3.87625e+01    3.86890e+01    3.86193e+01    3.85437e+01    3.84739e+01    3.84147e+01    3.83699e+01    3.83391e+01    3.83015e+01    3.82678e+01    3.82306e+01    3.81882e+01    3.81485e+01    3.81209e+01    3.80716e+01    3.80486e+01    3.80208e+01    3.77172e+01    3.74824e+01    3.72498e+01    3.70575e+01    3.68783e+01    3.68210e+01    3.66491e+01    3.65618e+01    
1.01960e+03    3.87995e+01    3.88563e+01    3.88676e+01    3.87814e+01    3.87030e+01    3.86290e+01    3.85478e+01    3.84875e+01    3.84356e+01    3.83918e+01    3.83576e+01    3.83162e+01    3.82775e+01    3.82330e+01    3.81813e+01    3.81328e+01    3.80975e+01    3.80405e+01    3.80118e+01    3.79796e+01    3.76957e+01    3.74779e+01    3.72581e+01    3.70755e+01    3.68942e+01    3.68240e+01    3.66401e+01    3.65477e+01    
1.01980e+03    3.87964e+01    3.88540e+01    3.88660e+01    3.87785e+01    3.86987e+01    3.86232e+01    3.85382e+01    3.84746e+01    3.84213e+01    3.83793e+01    3.83480e+01    3.83089e+01    3.82716e+01    3.82273e+01    3.81750e+01    3.81260e+01    3.80901e+01    3.80327e+01    3.80037e+01    3.79715e+01    3.76954e+01    3.74744e+01    3.72486e+01    3.70626e+01    3.68897e+01    3.68359e+01    3.66597e+01    3.65610e+01    
1.02000e+03    3.87998e+01    3.88547e+01    3.88784e+01    3.87943e+01    3.87169e+01    3.86488e+01    3.85725e+01    3.85178e+01    3.84663e+01    3.84145e+01    3.83700e+01    3.83205e+01    3.82771e+01    3.82330e+01    3.81854e+01    3.81408e+01    3.81090e+01    3.80556e+01    3.80296e+01    3.79995e+01    3.77088e+01    3.74832e+01    3.72568e+01    3.70695e+01    3.68920e+01    3.68324e+01    3.66478e+01    3.65415e+01    
1.02020e+03    3.87858e+01    3.88327e+01    3.88584e+01    3.87851e+01    3.87142e+01    3.86477e+01    3.85773e+01    3.85231e+01    3.84709e+01    3.84172e+01    3.83707e+01    3.83201e+01    3.82768e+01    3.82349e+01    3.81912e+01    3.81502e+01    3.81215e+01    3.80712e+01    3.80474e+01    3.80190e+01    3.77164e+01    3.74813e+01    3.72477e+01    3.70553e+01    3.68822e+01    3.68341e+01    3.66601e+01    3.65589e+01    
1.02040e+03    3.87356e+01    3.87739e+01    3.87739e+01    3.86792e+01    3.86088e+01    3.85648e+01    3.85083e+01    3.84580e+01    3.84072e+01    3.83520e+01    3.83034e+01    3.82518e+01    3.82095e+01    3.81716e+01    3.81345e+01    3.80997e+01    3.80765e+01    3.80318e+01    3.80119e+01    3.79871e+01    3.76949e+01    3.74483e+01    3.71976e+01    3.69926e+01    3.68291e+01    3.68061e+01    3.66496e+01    3.65522e+01    
1.02060e+03    3.86928e+01    3.87238e+01    3.86955e+01    3.86118e+01    3.85619e+01    3.85094e+01    3.84467e+01    3.83838e+01    3.83265e+01    3.82758e+01    3.82372e+01    3.81945e+01    3.81599e+01    3.81276e+01    3.80948e+01    3.80637e+01    3.80441e+01    3.80024e+01    3.79849e+01    3.79619e+01    3.76689e+01    3.74038e+01    3.71275e+01    3.68980e+01    3.67264e+01    3.67147e+01    3.65678e+01    3.64775e+01    
1.02080e+03    3.87105e+01    3.87511e+01    3.87581e+01    3.86741e+01    3.85931e+01    3.85253e+01    3.84554e+01    3.83983e+01    3.83443e+01    3.82912e+01    3.82468e+01    3.81983e+01    3.81575e+01    3.81183e+01    3.80780e+01    3.80402e+01    3.80148e+01    3.79677e+01    3.79462e+01    3.79205e+01    3.76425e+01    3.73847e+01    3.71118e+01    3.68837e+01    3.66971e+01    3.66641e+01    3.65173e+01    3.64487e+01    
1.02100e+03    3.87080e+01    3.87516e+01    3.87489e+01    3.86536e+01    3.85747e+01    3.85065e+01    3.84319e+01    3.83748e+01    3.83198e+01    3.82632e+01    3.82142e+01    3.81614e+01    3.81165e+01    3.80736e+01    3.80296e+01    3.79886e+01    3.79608e+01    3.79112e+01    3.78879e+01    3.78612e+01    3.76040e+01    3.73616e+01    3.71041e+01    3.68936e+01    3.67304e+01    3.67120e+01    3.65639e+01    3.64784e+01    
1.02120e+03    3.87023e+01    3.87511e+01    3.87401e+01    3.86394e+01    3.85582e+01    3.84864e+01    3.84229e+01    3.83664e+01    3.83101e+01    3.82499e+01    3.81969e+01    3.81409e+01    3.80941e+01    3.80514e+01    3.80094e+01    3.79702e+01    3.79440e+01    3.78956e+01    3.78732e+01    3.78471e+01    3.75803e+01    3.73254e+01    3.70532e+01    3.68272e+01    3.66479e+01    3.66224e+01    3.64809e+01    3.64150e+01    
1.02140e+03    3.87069e+01    3.87541e+01    3.87535e+01    3.86647e+01    3.85829e+01    3.85142e+01    3.84426e+01    3.83753e+01    3.83155e+01    3.82651e+01    3.82266e+01    3.81821e+01    3.81422e+01    3.80992e+01    3.80512e+01    3.80063e+01    3.79749e+01    3.79214e+01    3.78952e+01    3.78658e+01    3.75952e+01    3.73499e+01    3.70913e+01    3.68783e+01    3.67048e+01    3.66745e+01    3.65202e+01    3.64371e+01    
1.02160e+03    3.87281e+01    3.87777e+01    3.87915e+01    3.87158e+01    3.86447e+01    3.85813e+01    3.85128e+01    3.84474e+01    3.83914e+01    3.83474e+01    3.83149e+01    3.82746e+01    3.82362e+01    3.81909e+01    3.81373e+01    3.80868e+01    3.80498e+01    3.79904e+01    3.79598e+01    3.79255e+01    3.76198e+01    3.73753e+01    3.71280e+01    3.69237e+01    3.67426e+01    3.66932e+01    3.65262e+01    3.64415e+01    
1.02180e+03    3.87456e+01    3.87982e+01    3.88279e+01    3.87561e+01    3.86880e+01    3.86301e+01    3.85625e+01    3.84992e+01    3.84426e+01    3.83937e+01    3.83551e+01    3.83099e+01    3.82682e+01    3.82219e+01    3.81689e+01    3.81189e+01    3.80821e+01    3.80228e+01    3.79923e+01    3.79575e+01    3.76315e+01    3.73791e+01    3.71283e+01    3.69204e+01    3.67359e+01    3.66850e+01    3.65164e+01    3.64310e+01    
1.02200e+03    3.87411e+01    3.87966e+01    3.88275e+01    3.87548e+01    3.86875e+01    3.86289e+01    3.85639e+01    3.84966e+01    3.84368e+01    3.83869e+01    3.83488e+01    3.83040e+01    3.82627e+01    3.82171e+01    3.81647e+01    3.81153e+01    3.80791e+01    3.80199e+01    3.79896e+01    3.79547e+01    3.76131e+01    3.73412e+01    3.70692e+01    3.68435e+01    3.66664e+01    3.66434e+01    3.64926e+01    3.64092e+01    
1.02220e+03    3.87299e+01    3.87857e+01    3.88171e+01    3.87426e+01    3.86808e+01    3.86274e+01    3.85701e+01    3.85097e+01    3.84532e+01    3.84003e+01    3.83566e+01    3.83071e+01    3.82625e+01    3.82156e+01    3.81634e+01    3.81140e+01    3.80778e+01    3.80183e+01    3.79877e+01    3.79520e+01    3.75882e+01    3.72957e+01    3.70027e+01    3.67602e+01    3.66088e+01    3.66317e+01    3.65003e+01    3.64079e+01    
1.02240e+03    3.87061e+01    3.87615e+01    3.87854e+01    3.87057e+01    3.86490e+01    3.85991e+01    3.85401e+01    3.84796e+01    3.84233e+01    3.83710e+01    3.83278e+01    3.82785e+01    3.82337e+01    3.81857e+01    3.81317e+01    3.80807e+01    3.80432e+01    3.79824e+01    3.79509e+01    3.79149e+01    3.75733e+01    3.72923e+01    3.70066e+01    3.67700e+01    3.66091e+01    3.66159e+01    3.64792e+01    3.63922e+01    
1.02260e+03    3.86813e+01    3.87353e+01    3.87548e+01    3.86735e+01    3.86179e+01    3.85699e+01    3.85100e+01    3.84465e+01    3.83890e+01    3.83387e+01    3.82984e+01    3.82514e+01    3.82075e+01    3.81583e+01    3.81015e+01    3.80478e+01    3.80080e+01    3.79449e+01    3.79116e+01    3.78747e+01    3.75554e+01    3.72840e+01    3.70018e+01    3.67634e+01    3.65606e+01    3.65144e+01    3.63856e+01    3.63589e+01    
1.02280e+03    3.86631e+01    3.87149e+01    3.87388e+01    3.86630e+01    3.86064e+01    3.85596e+01    3.85059e+01    3.84410e+01    3.83826e+01    3.83328e+01    3.82937e+01    3.82475e+01    3.82036e+01    3.81533e+01    3.80945e+01    3.80388e+01    3.79971e+01    3.79321e+01    3.78972e+01    3.78590e+01    3.75429e+01    3.72882e+01    3.70290e+01    3.68134e+01    3.66206e+01    3.65647e+01    3.64209e+01    3.63814e+01    
1.02300e+03    3.86561e+01    3.87062e+01    3.87366e+01    3.86687e+01    3.86161e+01    3.85733e+01    3.85236e+01    3.84606e+01    3.84020e+01    3.83492e+01    3.83062e+01    3.82567e+01    3.82110e+01    3.81608e+01    3.81033e+01    3.80490e+01    3.80086e+01    3.79447e+01    3.79108e+01    3.78729e+01    3.75426e+01    3.72943e+01    3.70498e+01    3.68477e+01    3.66634e+01    3.66063e+01    3.64352e+01    3.63555e+01    
1.02320e+03    3.86429e+01    3.86964e+01    3.87156e+01    3.86467e+01    3.85988e+01    3.85565e+01    3.85132e+01    3.84436e+01    3.83796e+01    3.83251e+01    3.82827e+01    3.82335e+01    3.81873e+01    3.81357e+01    3.80759e+01    3.80192e+01    3.79768e+01    3.79106e+01    3.78749e+01    3.78357e+01    3.75139e+01    3.72428e+01    3.69619e+01    3.67296e+01    3.65622e+01    3.65567e+01    3.64202e+01    3.63465e+01    
1.02340e+03    3.86307e+01    3.86865e+01    3.86978e+01    3.86323e+01    3.85908e+01    3.85472e+01    3.85068e+01    3.84343e+01    3.83672e+01    3.83100e+01    3.82657e+01    3.82147e+01    3.81664e+01    3.81123e+01    3.80497e+01    3.79902e+01    3.79452e+01    3.78763e+01    3.78385e+01    3.77980e+01    3.74942e+01    3.72178e+01    3.69202e+01    3.66711e+01    3.65046e+01    3.65153e+01    3.63902e+01    3.63220e+01    
1.02360e+03    3.86122e+01    3.86729e+01    3.86713e+01    3.86020e+01    3.85650e+01    3.85221e+01    3.84853e+01    3.84073e+01    3.83363e+01    3.82801e+01    3.82388e+01    3.81901e+01    3.81429e+01    3.80877e+01    3.80225e+01    3.79605e+01    3.79133e+01    3.78423e+01    3.78029e+01    3.77620e+01    3.74942e+01    3.72252e+01    3.69243e+01    3.66695e+01    3.64897e+01    3.64898e+01    3.63606e+01    3.62959e+01    
1.02380e+03    3.85712e+01    3.86290e+01    3.86013e+01    3.85292e+01    3.85033e+01    3.84651e+01    3.84320e+01    3.83447e+01    3.82670e+01    3.82122e+01    3.81763e+01    3.81323e+01    3.80884e+01    3.80345e+01    3.79694e+01    3.79078e+01    3.78614e+01    3.77914e+01    3.77529e+01    3.77139e+01    3.74841e+01    3.72246e+01    3.69262e+01    3.66735e+01    3.64891e+01    3.64814e+01    3.63502e+01    3.62891e+01    
1.02400e+03    3.85210e+01    3.85750e+01    3.85127e+01    3.84260e+01    3.84172e+01    3.83933e+01    3.83610e+01    3.82669e+01    3.81837e+01    3.81279e+01    3.80944e+01    3.80528e+01    3.80118e+01    3.79614e+01    3.79010e+01    3.78444e+01    3.78033e+01    3.77390e+01    3.77050e+01    3.76709e+01    3.74663e+01    3.72062e+01    3.68998e+01    3.66353e+01    3.64247e+01    3.63952e+01    3.62708e+01    3.62409e+01    
1.02420e+03    3.84635e+01    3.85073e+01    3.84179e+01    3.83141e+01    3.83238e+01    3.83242e+01    3.82912e+01    3.81861e+01    3.80949e+01    3.80414e+01    3.80157e+01    3.79809e+01    3.79457e+01    3.79002e+01    3.78450e+01    3.77934e+01    3.77576e+01    3.76988e+01    3.76688e+01    3.76391e+01    3.74490e+01    3.71620e+01    3.68016e+01    3.64637e+01    3.62131e+01    3.62236e+01    3.61496e+01    3.61606e+01    
1.02440e+03    3.84263e+01    3.84543e+01    3.83746e+01    3.82767e+01    3.82886e+01    3.83028e+01    3.82792e+01    3.81821e+01    3.80946e+01    3.80356e+01    3.80008e+01    3.79592e+01    3.79199e+01    3.78740e+01    3.78213e+01    3.77724e+01    3.77393e+01    3.76839e+01    3.76564e+01    3.76295e+01    3.74638e+01    3.72143e+01    3.69164e+01    3.66649e+01    3.64860e+01    3.64837e+01    3.63418e+01    3.62597e+01    
1.02460e+03    3.83925e+01    3.84166e+01    3.83188e+01    3.82134e+01    3.82259e+01    3.82468e+01    3.82263e+01    3.81328e+01    3.80491e+01    3.79934e+01    3.79608e+01    3.79212e+01    3.78837e+01    3.78389e+01    3.77875e+01    3.77401e+01    3.77086e+01    3.76552e+01    3.76292e+01    3.76046e+01    3.74645e+01    3.72204e+01    3.69241e+01    3.66716e+01    3.64740e+01    3.64485e+01    3.63017e+01    3.62343e+01    
1.02480e+03    3.83359e+01    3.83400e+01    3.82061e+01    3.81063e+01    3.81157e+01    3.81457e+01    3.81225e+01    3.80369e+01    3.79624e+01    3.79145e+01    3.78871e+01    3.78520e+01    3.78181e+01    3.77757e+01    3.77267e+01    3.76818e+01    3.76535e+01    3.76036e+01    3.75802e+01    3.75596e+01    3.74596e+01    3.72137e+01    3.69045e+01    3.66381e+01    3.64400e+01    3.64288e+01    3.62976e+01    3.62416e+01    
1.02500e+03    3.82858e+01    3.82765e+01    3.80985e+01    3.80073e+01    3.79997e+01    3.80196e+01    3.80078e+01    3.79332e+01    3.78698e+01    3.78319e+01    3.78110e+01    3.77815e+01    3.77522e+01    3.77130e+01    3.76671e+01    3.76256e+01    3.76010e+01    3.75552e+01    3.75347e+01    3.75180e+01    3.74513e+01    3.72323e+01    3.69582e+01    3.67230e+01    3.64856e+01    3.63764e+01    3.61904e+01    3.61565e+01    
1.02520e+03    3.82340e+01    3.82065e+01    3.79986e+01    3.79110e+01    3.78984e+01    3.79104e+01    3.78946e+01    3.78411e+01    3.77944e+01    3.77604e+01    3.77362e+01    3.77046e+01    3.76741e+01    3.76348e+01    3.75902e+01    3.75505e+01    3.75286e+01    3.74855e+01    3.74671e+01    3.74543e+01    3.74287e+01    3.71857e+01    3.68656e+01    3.65880e+01    3.63993e+01    3.64109e+01    3.62903e+01    3.62322e+01    
1.02540e+03    3.82006e+01    3.81707e+01    3.79641e+01    3.78686e+01    3.78571e+01    3.78635e+01    3.78156e+01    3.77754e+01    3.77381e+01    3.77030e+01    3.76731e+01    3.76378e+01    3.76056e+01    3.75671e+01    3.75264e+01    3.74908e+01    3.74735e+01    3.74355e+01    3.74206e+01    3.74132e+01    3.74268e+01    3.71840e+01    3.68553e+01    3.65609e+01    3.63209e+01    3.62867e+01    3.61736e+01    3.61665e+01    
1.02560e+03    3.81753e+01    3.81521e+01    3.79388e+01    3.78387e+01    3.78337e+01    3.78408e+01    3.77829e+01    3.77416e+01    3.77068e+01    3.76789e+01    3.76568e+01    3.76277e+01    3.75999e+01    3.75635e+01    3.75234e+01    3.74883e+01    3.74716e+01    3.74341e+01    3.74197e+01    3.74125e+01    3.74264e+01    3.71880e+01    3.68668e+01    3.65805e+01    3.63304e+01    3.62703e+01    3.61528e+01    3.61615e+01    
1.02580e+03    3.81529e+01    3.81239e+01    3.79306e+01    3.78686e+01    3.78603e+01    3.78649e+01    3.78057e+01    3.77682e+01    3.77370e+01    3.77115e+01    3.76906e+01    3.76620e+01    3.76343e+01    3.75972e+01    3.75555e+01    3.75185e+01    3.74997e+01    3.74598e+01    3.74436e+01    3.74339e+01    3.74275e+01    3.71754e+01    3.68343e+01    3.65301e+01    3.63373e+01    3.63717e+01    3.62704e+01    3.62249e+01    
1.02600e+03    3.81648e+01    3.81582e+01    3.80038e+01    3.79526e+01    3.79611e+01    3.79584e+01    3.78796e+01    3.78193e+01    3.77765e+01    3.77562e+01    3.77460e+01    3.77243e+01    3.76990e+01    3.76588e+01    3.76090e+01    3.75640e+01    3.75374e+01    3.74894e+01    3.74676e+01    3.74522e+01    3.74263e+01    3.71733e+01    3.68334e+01    3.65275e+01    3.63093e+01    3.63171e+01    3.62158e+01    3.61913e+01    
1.02620e+03    3.82066e+01    3.82235e+01    3.81234e+01    3.80669e+01    3.80702e+01    3.80559e+01    3.79932e+01    3.79213e+01    3.78655e+01    3.78349e+01    3.78185e+01    3.77918e+01    3.77629e+01    3.77210e+01    3.76696e+01    3.76227e+01    3.75933e+01    3.75420e+01    3.75177e+01    3.74976e+01    3.74248e+01    3.71709e+01    3.68389e+01    3.65367e+01    3.62610e+01    3.61835e+01    3.60755e+01    3.61122e+01    
1.02640e+03    3.82405e+01    3.82752e+01    3.82131e+01    3.81521e+01    3.81319e+01    3.80995e+01    3.80507e+01    3.79639e+01    3.78966e+01    3.78662e+01    3.78554e+01    3.78321e+01    3.78045e+01    3.77610e+01    3.77052e+01    3.76539e+01    3.76200e+01    3.75639e+01    3.75361e+01    3.75121e+01    3.74228e+01    3.71802e+01    3.68725e+01    3.66049e+01    3.63810e+01    3.63354e+01    3.62082e+01    3.61907e+01    
1.02660e+03    3.82897e+01    3.83467e+01    3.83245e+01    3.82568e+01    3.82142e+01    3.81621e+01    3.81114e+01    3.80236e+01    3.79552e+01    3.79237e+01    3.79116e+01    3.78868e+01    3.78570e+01    3.78102e+01    3.77495e+01    3.76931e+01    3.76540e+01    3.75928e+01    3.75610e+01    3.75335e+01    3.74387e+01    3.71879e+01    3.68662e+01    3.65832e+01    3.63661e+01    3.63488e+01    3.62303e+01    3.62005e+01    
1.02680e+03    3.83295e+01    3.84043e+01    3.83994e+01    3.83236e+01    3.82663e+01    3.82021e+01    3.81752e+01    3.80904e+01    3.80226e+01    3.79903e+01    3.79767e+01    3.79503e+01    3.79188e+01    3.78701e+01    3.78066e+01    3.77470e+01    3.77043e+01    3.76387e+01    3.76037e+01    3.75719e+01    3.74439e+01    3.71818e+01    3.68476e+01    3.65496e+01    3.63360e+01    3.63402e+01    3.62275e+01    3.61894e+01    
1.02700e+03    3.83602e+01    3.84412e+01    3.84545e+01    3.83819e+01    3.83321e+01    3.82724e+01    3.82418e+01    3.81642e+01    3.81007e+01    3.80645e+01    3.80445e+01    3.80132e+01    3.79785e+01    3.79291e+01    3.78658e+01    3.78063e+01    3.77628e+01    3.76960e+01    3.76598e+01    3.76249e+01    3.74417e+01    3.71747e+01    3.68477e+01    3.65549e+01    3.63088e+01    3.62634e+01    3.61440e+01    3.61394e+01    
1.02720e+03    3.83887e+01    3.84755e+01    3.85008e+01    3.84224e+01    3.83645e+01    3.83077e+01    3.82863e+01    3.82134e+01    3.81512e+01    3.81112e+01    3.80853e+01    3.80489e+01    3.80098e+01    3.79562e+01    3.78884e+01    3.78241e+01    3.77759e+01    3.77038e+01    3.76636e+01    3.76249e+01    3.74400e+01    3.71773e+01    3.68573e+01    3.65744e+01    3.63406e+01    3.63002e+01    3.61784e+01    3.61651e+01    
1.02740e+03    3.84130e+01    3.85027e+01    3.85367e+01    3.84540e+01    3.83932e+01    3.83435e+01    3.83271e+01    3.82648e+01    3.82087e+01    3.81653e+01    3.81322e+01    3.80900e+01    3.80466e+01    3.79910e+01    3.79222e+01    3.78569e+01    3.78074e+01    3.77339e+01    3.76925e+01    3.76522e+01    3.74524e+01    3.71952e+01    3.68896e+01    3.66262e+01    3.64183e+01    3.63909e+01    3.62626e+01    3.62260e+01    
1.02760e+03    3.84227e+01    3.85075e+01    3.85448e+01    3.84685e+01    3.84150e+01    3.83753e+01    3.83540e+01    3.82967e+01    3.82453e+01    3.82046e+01    3.81730e+01    3.81324e+01    3.80915e+01    3.80399e+01    3.79768e+01    3.79170e+01    3.78722e+01    3.78036e+01    3.77661e+01    3.77273e+01    3.74686e+01    3.71866e+01    3.68606e+01    3.65760e+01    3.63858e+01    3.64032e+01    3.62953e+01    3.62515e+01    
1.02780e+03    3.84127e+01    3.84983e+01    3.85182e+01    3.84284e+01    3.83818e+01    3.83592e+01    3.83407e+01    3.82830e+01    3.82325e+01    3.81950e+01    3.81670e+01    3.81294e+01    3.80904e+01    3.80394e+01    3.79760e+01    3.79159e+01    3.78709e+01    3.78021e+01    3.77645e+01    3.77257e+01    3.74734e+01    3.71932e+01    3.68669e+01    3.65763e+01    3.63423e+01    3.63120e+01    3.61979e+01    3.61853e+01    
1.02800e+03    3.83960e+01    3.84819e+01    3.84842e+01    3.83846e+01    3.83370e+01    3.83191e+01    3.83077e+01    3.82455e+01    3.81929e+01    3.81589e+01    3.81359e+01    3.81019e+01    3.80645e+01    3.80125e+01    3.79457e+01    3.78824e+01    3.78345e+01    3.77628e+01    3.77229e+01    3.76832e+01    3.74638e+01    3.71880e+01    3.68564e+01    3.65605e+01    3.63373e+01    3.63276e+01    3.62164e+01    3.61912e+01    
1.02820e+03    3.84305e+01    3.85186e+01    3.85315e+01    3.84301e+01    3.83829e+01    3.83689e+01    3.83468e+01    3.82908e+01    3.82407e+01    3.82008e+01    3.81694e+01    3.81288e+01    3.80872e+01    3.80338e+01    3.79679e+01    3.79053e+01    3.78580e+01    3.77867e+01    3.77472e+01    3.77073e+01    3.74705e+01    3.71775e+01    3.68192e+01    3.64851e+01    3.62422e+01    3.62567e+01    3.61735e+01    3.61697e+01    
1.02840e+03    3.84632e+01    3.85493e+01    3.85741e+01    3.84787e+01    3.84299e+01    3.84143e+01    3.83737e+01    3.83192e+01    3.82707e+01    3.82303e+01    3.81975e+01    3.81560e+01    3.81141e+01    3.80616e+01    3.79973e+01    3.79364e+01    3.78905e+01    3.78207e+01    3.77823e+01    3.77427e+01    3.74840e+01    3.71919e+01    3.68451e+01    3.65281e+01    3.62945e+01    3.62982e+01    3.62022e+01    3.61879e+01    
1.02860e+03    3.84820e+01    3.85684e+01    3.85877e+01    3.84917e+01    3.84511e+01    3.84385e+01    3.84015e+01    3.83548e+01    3.83096e+01    3.82651e+01    3.82258e+01    3.81793e+01    3.81349e+01    3.80837e+01    3.80237e+01    3.79670e+01    3.79248e+01    3.78590e+01    3.78236e+01    3.77859e+01    3.74975e+01    3.72000e+01    3.68584e+01    3.65516e+01    3.63443e+01    3.63664e+01    3.62661e+01    3.62305e+01    
1.02880e+03    3.84899e+01    3.85785e+01    3.85740e+01    3.84755e+01    3.84541e+01    3.84488e+01    3.84138e+01    3.83597e+01    3.83112e+01    3.82708e+01    3.82391e+01    3.81996e+01    3.81618e+01    3.81172e+01    3.80643e+01    3.80143e+01    3.79781e+01    3.79186e+01    3.78880e+01    3.78533e+01    3.75283e+01    3.72309e+01    3.69090e+01    3.66241e+01    3.63969e+01    3.63691e+01    3.62452e+01    3.62151e+01    
1.02900e+03    3.85291e+01    3.86160e+01    3.86321e+01    3.85446e+01    3.85153e+01    3.85038e+01    3.84652e+01    3.84156e+01    3.83681e+01    3.83224e+01    3.82834e+01    3.82380e+01    3.81964e+01    3.81509e+01    3.80991e+01    3.80501e+01    3.80147e+01    3.79559e+01    3.79258e+01    3.78911e+01    3.75479e+01    3.72551e+01    3.69500e+01    3.66833e+01    3.64477e+01    3.63849e+01    3.62383e+01    3.62079e+01    
1.02920e+03    3.85461e+01    3.86379e+01    3.86517e+01    3.85632e+01    3.85384e+01    3.85211e+01    3.84691e+01    3.84194e+01    3.83721e+01    3.83251e+01    3.82841e+01    3.82366e+01    3.81929e+01    3.81450e+01    3.80904e+01    3.80387e+01    3.80008e+01    3.79396e+01    3.79077e+01    3.78717e+01    3.75408e+01    3.72537e+01    3.69517e+01    3.66906e+01    3.64744e+01    3.64334e+01    3.62869e+01    3.62346e+01    
1.02940e+03    3.85394e+01    3.86313e+01    3.86388e+01    3.85565e+01    3.85344e+01    3.85060e+01    3.84457e+01    3.83933e+01    3.83444e+01    3.82968e+01    3.82557e+01    3.82081e+01    3.81638e+01    3.81146e+01    3.80582e+01    3.80050e+01    3.79659e+01    3.79036e+01    3.78709e+01    3.78350e+01    3.75342e+01    3.72576e+01    3.69588e+01    3.66985e+01    3.64608e+01    3.63858e+01    3.62300e+01    3.61990e+01    
1.02960e+03    3.85368e+01    3.86259e+01    3.86294e+01    3.85582e+01    3.85423e+01    3.85044e+01    3.84450e+01    3.83947e+01    3.83454e+01    3.82936e+01    3.82472e+01    3.81952e+01    3.81480e+01    3.80979e+01    3.80424e+01    3.79901e+01    3.79520e+01    3.78909e+01    3.78591e+01    3.78246e+01    3.75402e+01    3.72823e+01    3.70065e+01    3.67691e+01    3.65287e+01    3.64182e+01    3.62371e+01    3.62084e+01    
1.02980e+03    3.85264e+01    3.86138e+01    3.86143e+01    3.85460e+01    3.85332e+01    3.84923e+01    3.84284e+01    3.83777e+01    3.83285e+01    3.82768e+01    3.82309e+01    3.81797e+01    3.81341e+01    3.80869e+01    3.80354e+01    3.79872e+01    3.79528e+01    3.78957e+01    3.78670e+01    3.78351e+01    3.75546e+01    3.72966e+01    3.70209e+01    3.67862e+01    3.65680e+01    3.64928e+01    3.63189e+01    3.62580e+01    
1.03000e+03    3.85243e+01    3.86106e+01    3.86073e+01    3.85405e+01    3.85346e+01    3.84951e+01    3.84300e+01    3.83805e+01    3.83324e+01    3.82820e+01    3.82374e+01    3.81880e+01    3.81450e+01    3.81018e+01    3.80556e+01    3.80122e+01    3.79820e+01    3.79294e+01    3.79038e+01    3.78742e+01    3.75778e+01    3.73179e+01    3.70460e+01    3.68118e+01    3.65694e+01    3.64509e+01    3.62596e+01    3.62246e+01    
1.03020e+03    3.85182e+01    3.86027e+01    3.85938e+01    3.85232e+01    3.85261e+01    3.84933e+01    3.84288e+01    3.83755e+01    3.83246e+01    3.82733e+01    3.82292e+01    3.81802e+01    3.81375e+01    3.80944e+01    3.80482e+01    3.80048e+01    3.79747e+01    3.79221e+01    3.78966e+01    3.78670e+01    3.75718e+01    3.73119e+01    3.70401e+01    3.68089e+01    3.65894e+01    3.65081e+01    3.63342e+01    3.62792e+01    
1.03040e+03    3.85002e+01    3.85789e+01    3.85565e+01    3.84859e+01    3.84974e+01    3.84642e+01    3.83978e+01    3.83448e+01    3.82948e+01    3.82448e+01    3.82018e+01    3.81538e+01    3.81115e+01    3.80681e+01    3.80211e+01    3.79771e+01    3.79466e+01    3.78936e+01    3.78679e+01    3.78385e+01    3.75574e+01    3.73022e+01    3.70318e+01    3.68002e+01    3.65654e+01    3.64579e+01    3.62812e+01    3.62529e+01    
1.03060e+03    3.84925e+01    3.85627e+01    3.85427e+01    3.84846e+01    3.84964e+01    3.84540e+01    3.83819e+01    3.83228e+01    3.82687e+01    3.82174e+01    3.81748e+01    3.81268e+01    3.80841e+01    3.80393e+01    3.79903e+01    3.79444e+01    3.79125e+01    3.78577e+01    3.78307e+01    3.78005e+01    3.75260e+01    3.72653e+01    3.69843e+01    3.67443e+01    3.65222e+01    3.64470e+01    3.62934e+01    3.62630e+01    
1.03080e+03    3.84902e+01    3.85525e+01    3.85313e+01    3.84766e+01    3.84865e+01    3.84455e+01    3.83780e+01    3.83137e+01    3.82545e+01    3.81999e+01    3.81551e+01    3.81047e+01    3.80587e+01    3.80095e+01    3.79548e+01    3.79035e+01    3.78669e+01    3.78070e+01    3.77762e+01    3.77432e+01    3.74832e+01    3.72253e+01    3.69428e+01    3.67056e+01    3.65135e+01    3.64800e+01    3.63379e+01    3.62834e+01    
1.03100e+03    3.85064e+01    3.85766e+01    3.85465e+01    3.84704e+01    3.84601e+01    3.84191e+01    3.83723e+01    3.83088e+01    3.82492e+01    3.81947e+01    3.81505e+01    3.81007e+01    3.80557e+01    3.80080e+01    3.79551e+01    3.79054e+01    3.78702e+01    3.78117e+01    3.77817e+01    3.77488e+01    3.74688e+01    3.72154e+01    3.69468e+01    3.67207e+01    3.65111e+01    3.64387e+01    3.62824e+01    3.62466e+01    
1.03120e+03    3.85463e+01    3.86134e+01    3.86120e+01    3.85496e+01    3.85279e+01    3.84809e+01    3.84182e+01    3.83631e+01    3.83093e+01    3.82528e+01    3.82028e+01    3.81479e+01    3.80992e+01    3.80502e+01    3.79972e+01    3.79472e+01    3.79114e+01    3.78515e+01    3.78205e+01    3.77850e+01    3.74444e+01    3.71941e+01    3.69523e+01    3.67515e+01    3.65535e+01    3.64718e+01    3.63041e+01    3.62613e+01    
1.03140e+03    3.85884e+01    3.86639e+01    3.86706e+01    3.86050e+01    3.85664e+01    3.85119e+01    3.84518e+01    3.84046e+01    3.83571e+01    3.83044e+01    3.82564e+01    3.82037e+01    3.81577e+01    3.81123e+01    3.80637e+01    3.80179e+01    3.79855e+01    3.79295e+01    3.79015e+01    3.78681e+01    3.75124e+01    3.72609e+01    3.70242e+01    3.68265e+01    3.66255e+01    3.65358e+01    3.63527e+01    3.62934e+01    
1.03160e+03    3.86049e+01    3.86821e+01    3.86846e+01    3.86176e+01    3.85693e+01    3.85119e+01    3.84526e+01    3.84071e+01    3.83628e+01    3.83163e+01    3.82752e+01    3.82288e+01    3.81884e+01    3.81474e+01    3.81026e+01    3.80605e+01    3.80310e+01    3.79786e+01    3.79532e+01    3.79221e+01    3.75710e+01    3.73244e+01    3.70932e+01    3.69020e+01    3.67191e+01    3.66533e+01    3.64709e+01    3.63812e+01    
1.03180e+03    3.86167e+01    3.86966e+01    3.87065e+01    3.86355e+01    3.85721e+01    3.85065e+01    3.84415e+01    3.83918e+01    3.83469e+01    3.83052e+01    3.82706e+01    3.82294e+01    3.81924e+01    3.81520e+01    3.81061e+01    3.80629e+01    3.80325e+01    3.79793e+01    3.79534e+01    3.79221e+01    3.75835e+01    3.73484e+01    3.71267e+01    3.69434e+01    3.67637e+01    3.66956e+01    3.65082e+01    3.64113e+01    
1.03200e+03    3.86306e+01    3.87134e+01    3.87377e+01    3.86620e+01    3.85848e+01    3.85096e+01    3.84359e+01    3.83833e+01    3.83374e+01    3.82967e+01    3.82632e+01    3.82222e+01    3.81834e+01    3.81380e+01    3.80845e+01    3.80342e+01    3.79977e+01    3.79385e+01    3.79081e+01    3.78741e+01    3.75767e+01    3.73563e+01    3.71371e+01    3.69537e+01    3.67610e+01    3.66715e+01    3.64752e+01    3.63903e+01    
1.03220e+03    3.86574e+01    3.87494e+01    3.87702e+01    3.86893e+01    3.86061e+01    3.85173e+01    3.84548e+01    3.84046e+01    3.83608e+01    3.83234e+01    3.82935e+01    3.82560e+01    3.82210e+01    3.81802e+01    3.81323e+01    3.80872e+01    3.80551e+01    3.80005e+01    3.79735e+01    3.79418e+01    3.76181e+01    3.73921e+01    3.71754e+01    3.69937e+01    3.67997e+01    3.67066e+01    3.65047e+01    3.64141e+01    
1.03240e+03    3.86994e+01    3.87901e+01    3.88226e+01    3.87496e+01    3.86655e+01    3.85785e+01    3.85161e+01    3.84735e+01    3.84338e+01    3.83943e+01    3.83603e+01    3.83200e+01    3.82843e+01    3.82460e+01    3.82029e+01    3.81623e+01    3.81337e+01    3.80829e+01    3.80585e+01    3.80283e+01    3.76757e+01    3.74407e+01    3.72241e+01    3.70424e+01    3.68495e+01    3.67586e+01    3.65586e+01    3.64663e+01    
1.03260e+03    3.87090e+01    3.87993e+01    3.88261e+01    3.87492e+01    3.86644e+01    3.85818e+01    3.85199e+01    3.84748e+01    3.84340e+01    3.83959e+01    3.83641e+01    3.83255e+01    3.82909e+01    3.82528e+01    3.82094e+01    3.81684e+01    3.81396e+01    3.80886e+01    3.80642e+01    3.80342e+01    3.76907e+01    3.74647e+01    3.72552e+01    3.70780e+01    3.68793e+01    3.67736e+01    3.65657e+01    3.64796e+01    
1.03280e+03    3.86871e+01    3.87759e+01    3.87862e+01    3.86995e+01    3.86141e+01    3.85297e+01    3.84700e+01    3.84206e+01    3.83772e+01    3.83395e+01    3.83093e+01    3.82715e+01    3.82365e+01    3.81961e+01    3.81488e+01    3.81044e+01    3.80729e+01    3.80193e+01    3.79930e+01    3.79622e+01    3.76523e+01    3.74437e+01    3.72428e+01    3.70722e+01    3.68760e+01    3.67675e+01    3.65585e+01    3.64748e+01    
1.03300e+03    3.86632e+01    3.87523e+01    3.87460e+01    3.86510e+01    3.85716e+01    3.84794e+01    3.84101e+01    3.83534e+01    3.83055e+01    3.82670e+01    3.82377e+01    3.82004e+01    3.81648e+01    3.81222e+01    3.80716e+01    3.80241e+01    3.79901e+01    3.79338e+01    3.79055e+01    3.78736e+01    3.75830e+01    3.73749e+01    3.71685e+01    3.69939e+01    3.67954e+01    3.66865e+01    3.64848e+01    3.64155e+01    
1.03320e+03    3.86681e+01    3.87561e+01    3.87583e+01    3.86650e+01    3.85838e+01    3.84858e+01    3.84105e+01    3.83495e+01    3.82961e+01    3.82505e+01    3.82145e+01    3.81715e+01    3.81316e+01    3.80863e+01    3.80340e+01    3.79848e+01    3.79496e+01    3.78913e+01    3.78616e+01    3.78284e+01    3.75312e+01    3.72985e+01    3.70643e+01    3.68690e+01    3.66707e+01    3.65839e+01    3.64076e+01    3.63531e+01    
1.03340e+03    3.86880e+01    3.87729e+01    3.87824e+01    3.86935e+01    3.86178e+01    3.85271e+01    3.84535e+01    3.83909e+01    3.83332e+01    3.82788e+01    3.82336e+01    3.81830e+01    3.81376e+01    3.80903e+01    3.80381e+01    3.79891e+01    3.79539e+01    3.78958e+01    3.78662e+01    3.78329e+01    3.75326e+01    3.72957e+01    3.70575e+01    3.68607e+01    3.66750e+01    3.66107e+01    3.64480e+01    3.63887e+01    
1.03360e+03    3.86955e+01    3.87802e+01    3.87847e+01    3.86856e+01    3.86087e+01    3.85283e+01    3.84562e+01    3.83884e+01    3.83265e+01    3.82708e+01    3.82260e+01    3.81756e+01    3.81299e+01    3.80815e+01    3.80276e+01    3.79770e+01    3.79403e+01    3.78806e+01    3.78497e+01    3.78152e+01    3.75139e+01    3.72993e+01    3.70880e+01    3.69096e+01    3.67069e+01    3.65934e+01    3.63975e+01    3.63458e+01    
1.03380e+03    3.86996e+01    3.87855e+01    3.87770e+01    3.86679e+01    3.85954e+01    3.85216e+01    3.84484e+01    3.83828e+01    3.83234e+01    3.82700e+01    3.82273e+01    3.81788e+01    3.81351e+01    3.80887e+01    3.80370e+01    3.79884e+01    3.79537e+01    3.78961e+01    3.78668e+01    3.78336e+01    3.75319e+01    3.73260e+01    3.71251e+01    3.69542e+01    3.67523e+01    3.66324e+01    3.64279e+01    3.63704e+01    
1.03400e+03    3.87124e+01    3.87971e+01    3.87870e+01    3.86776e+01    3.86146e+01    3.85497e+01    3.84762e+01    3.84123e+01    3.83538e+01    3.82998e+01    3.82560e+01    3.82069e+01    3.81636e+01    3.81189e+01    3.80702e+01    3.80245e+01    3.79921e+01    3.79370e+01    3.79096e+01    3.78778e+01    3.75653e+01    3.73535e+01    3.71496e+01    3.69764e+01    3.67732e+01    3.66538e+01    3.64513e+01    3.63952e+01    
1.03420e+03    3.87209e+01    3.88016e+01    3.87940e+01    3.86878e+01    3.86299e+01    3.85712e+01    3.84933e+01    3.84300e+01    3.83727e+01    3.83197e+01    3.82767e+01    3.82283e+01    3.81852e+01    3.81405e+01    3.80913e+01    3.80451e+01    3.80122e+01    3.79565e+01    3.79286e+01    3.78962e+01    3.75741e+01    3.73612e+01    3.71588e+01    3.69866e+01    3.67844e+01    3.66653e+01    3.64546e+01    3.63854e+01    
1.03440e+03    3.87238e+01    3.88030e+01    3.88000e+01    3.86975e+01    3.86405e+01    3.85810e+01    3.85033e+01    3.84411e+01    3.83849e+01    3.83334e+01    3.82919e+01    3.82448e+01    3.82031e+01    3.81597e+01    3.81120e+01    3.80672e+01    3.80354e+01    3.79812e+01    3.79545e+01    3.79232e+01    3.76080e+01    3.73968e+01    3.71944e+01    3.70212e+01    3.68127e+01    3.66829e+01    3.64674e+01    3.64046e+01    
1.03460e+03    3.87225e+01    3.87986e+01    3.88022e+01    3.87058e+01    3.86490e+01    3.85868e+01    3.85077e+01    3.84486e+01    3.83950e+01    3.83445e+01    3.83032e+01    3.82567e+01    3.82161e+01    3.81748e+01    3.81300e+01    3.80878e+01    3.80583e+01    3.80064e+01    3.79814e+01    3.79512e+01    3.76261e+01    3.74129e+01    3.72119e+01    3.70408e+01    3.68409e+01    3.67257e+01    3.65188e+01    3.64484e+01    
1.03480e+03    3.87099e+01    3.87775e+01    3.87871e+01    3.87000e+01    3.86422e+01    3.85790e+01    3.85036e+01    3.84410e+01    3.83853e+01    3.83365e+01    3.82985e+01    3.82551e+01    3.82173e+01    3.81785e+01    3.81361e+01    3.80960e+01    3.80684e+01    3.80181e+01    3.79943e+01    3.79648e+01    3.76237e+01    3.73988e+01    3.71900e+01    3.70128e+01    3.68082e+01    3.66909e+01    3.64866e+01    3.64239e+01    
1.03500e+03    3.86924e+01    3.87585e+01    3.87581e+01    3.86666e+01    3.86020e+01    3.85263e+01    3.84593e+01    3.83942e+01    3.83376e+01    3.82919e+01    3.82585e+01    3.82187e+01    3.81836e+01    3.81459e+01    3.81035e+01    3.80633e+01    3.80357e+01    3.79852e+01    3.79611e+01    3.79311e+01    3.75783e+01    3.73368e+01    3.71129e+01    3.69259e+01    3.67295e+01    3.66375e+01    3.64586e+01    3.64046e+01    
1.03520e+03    3.86739e+01    3.87330e+01    3.87337e+01    3.86467e+01    3.85808e+01    3.84911e+01    3.84152e+01    3.83451e+01    3.82850e+01    3.82376e+01    3.82032e+01    3.81619e+01    3.81241e+01    3.80818e+01    3.80330e+01    3.79870e+01    3.79545e+01    3.78984e+01    3.78703e+01    3.78369e+01    3.74877e+01    3.72551e+01    3.70395e+01    3.68580e+01    3.66533e+01    3.65393e+01    3.63570e+01    3.63267e+01    
1.03540e+03    3.86611e+01    3.87144e+01    3.87121e+01    3.86294e+01    3.85502e+01    3.84396e+01    3.83591e+01    3.82825e+01    3.82182e+01    3.81712e+01    3.81397e+01    3.81009e+01    3.80650e+01    3.80240e+01    3.79763e+01    3.79312e+01    3.78999e+01    3.78444e+01    3.78167e+01    3.77836e+01    3.74290e+01    3.71933e+01    3.69766e+01    3.67956e+01    3.65966e+01    3.64919e+01    3.63204e+01    3.62960e+01    
1.03560e+03    3.86534e+01    3.86997e+01    3.86978e+01    3.86217e+01    3.85353e+01    3.84116e+01    3.83266e+01    3.82366e+01    3.81609e+01    3.81089e+01    3.80765e+01    3.80361e+01    3.79973e+01    3.79514e+01    3.78964e+01    3.78443e+01    3.78071e+01    3.77441e+01    3.77107e+01    3.76719e+01    3.72870e+01    3.70420e+01    3.68252e+01    3.66480e+01    3.64689e+01    3.63922e+01    3.62504e+01    3.62408e+01    
1.03580e+03    3.86295e+01    3.86697e+01    3.86422e+01    3.85560e+01    3.84710e+01    3.83530e+01    3.83041e+01    3.82068e+01    3.81213e+01    3.80632e+01    3.80280e+01    3.79845e+01    3.79421e+01    3.78915e+01    3.78301e+01    3.77715e+01    3.77288e+01    3.76582e+01    3.76188e+01    3.75737e+01    3.71402e+01    3.68657e+01    3.66332e+01    3.64493e+01    3.62902e+01    3.62469e+01    3.61457e+01    3.61638e+01    
1.03600e+03    3.85360e+01    3.85481e+01    3.84350e+01    3.83154e+01    3.82821e+01    3.82143e+01    3.81832e+01    3.80869e+01    3.80044e+01    3.79536e+01    3.79255e+01    3.78871e+01    3.78471e+01    3.77951e+01    3.77287e+01    3.76649e+01    3.76183e+01    3.75412e+01    3.74964e+01    3.74456e+01    3.69654e+01    3.66667e+01    3.64291e+01    3.62531e+01    3.61442e+01    3.61546e+01    3.60851e+01    3.61089e+01    
1.03620e+03    3.84305e+01    3.84090e+01    3.81822e+01    3.80709e+01    3.81035e+01    3.80351e+01    3.79597e+01    3.78516e+01    3.77719e+01    3.77443e+01    3.77419e+01    3.77227e+01    3.76954e+01    3.76484e+01    3.75819e+01    3.75179e+01    3.74731e+01    3.73949e+01    3.73489e+01    3.72969e+01    3.67999e+01    3.64582e+01    3.61772e+01    3.59852e+01    3.59457e+01    3.60257e+01    3.60126e+01    3.60672e+01    
1.03640e+03    3.84949e+01    3.85176e+01    3.83819e+01    3.83324e+01    3.83301e+01    3.81786e+01    3.81063e+01    3.79716e+01    3.78571e+01    3.78008e+01    3.77846e+01    3.77561e+01    3.77243e+01    3.76790e+01    3.76191e+01    3.75617e+01    3.75226e+01    3.74512e+01    3.74108e+01    3.73631e+01    3.68257e+01    3.64637e+01    3.61880e+01    3.60067e+01    3.59962e+01    3.60952e+01    3.60692e+01    3.60986e+01    
1.03660e+03    3.85849e+01    3.86216e+01    3.85613e+01    3.85015e+01    3.84475e+01    3.82889e+01    3.82382e+01    3.81044e+01    3.79839e+01    3.79138e+01    3.78841e+01    3.78443e+01    3.78034e+01    3.77513e+01    3.76852e+01    3.76217e+01    3.75758e+01    3.74983e+01    3.74530e+01    3.74011e+01    3.68761e+01    3.65416e+01    3.62875e+01    3.61080e+01    3.60329e+01    3.60775e+01    3.60368e+01    3.60773e+01    
1.03680e+03    3.85396e+01    3.85485e+01    3.84223e+01    3.83187e+01    3.83010e+01    3.82162e+01    3.81604e+01    3.80313e+01    3.79207e+01    3.78645e+01    3.78454e+01    3.78138e+01    3.77779e+01    3.77264e+01    3.76579e+01    3.75919e+01    3.75440e+01    3.74639e+01    3.74165e+01    3.73631e+01    3.68661e+01    3.65599e+01    3.63215e+01    3.61406e+01    3.59854e+01    3.59341e+01    3.58980e+01    3.60013e+01    
1.03700e+03    3.85256e+01    3.85605e+01    3.84354e+01    3.83574e+01    3.83580e+01    3.82365e+01    3.81654e+01    3.80353e+01    3.79265e+01    3.78747e+01    3.78604e+01    3.78329e+01    3.78010e+01    3.77540e+01    3.76909e+01    3.76304e+01    3.75874e+01    3.75133e+01    3.74709e+01    3.74218e+01    3.69087e+01    3.65579e+01    3.62721e+01    3.60669e+01    3.60043e+01    3.60747e+01    3.60491e+01    3.60923e+01    
1.03720e+03    3.86521e+01    3.86983e+01    3.87150e+01    3.86499e+01    3.85596e+01    3.84175e+01    3.83514e+01    3.82367e+01    3.81371e+01    3.80759e+01    3.80450e+01    3.80049e+01    3.79649e+01    3.79155e+01    3.78541e+01    3.77953e+01    3.77520e+01    3.76803e+01    3.76398e+01    3.75923e+01    3.70727e+01    3.67269e+01    3.64494e+01    3.62403e+01    3.61442e+01    3.61911e+01    3.61368e+01    3.61540e+01    
1.03740e+03    3.87078e+01    3.87581e+01    3.88057e+01    3.87389e+01    3.86408e+01    3.85138e+01    3.84487e+01    3.83558e+01    3.82742e+01    3.82154e+01    3.81775e+01    3.81322e+01    3.80897e+01    3.80420e+01    3.79857e+01    3.79319e+01    3.78924e+01    3.78265e+01    3.77908e+01    3.77479e+01    3.72542e+01    3.69423e+01    3.66943e+01    3.64971e+01    3.63389e+01    3.63103e+01    3.62109e+01    3.62168e+01    
1.03760e+03    3.87363e+01    3.87888e+01    3.88510e+01    3.87954e+01    3.86907e+01    3.85573e+01    3.84950e+01    3.84106e+01    3.83365e+01    3.82812e+01    3.82440e+01    3.81998e+01    3.81591e+01    3.81142e+01    3.80621e+01    3.80125e+01    3.79765e+01    3.79154e+01    3.78834e+01    3.78443e+01    3.73855e+01    3.70934e+01    3.68506e+01    3.66488e+01    3.64394e+01    3.63379e+01    3.62090e+01    3.62374e+01    
1.03780e+03    3.87403e+01    3.87946e+01    3.88445e+01    3.87865e+01    3.86863e+01    3.85560e+01    3.84925e+01    3.84030e+01    3.83267e+01    3.82760e+01    3.82469e+01    3.82103e+01    3.81774e+01    3.81407e+01    3.80980e+01    3.80573e+01    3.80291e+01    3.79766e+01    3.79512e+01    3.79183e+01    3.74846e+01    3.71872e+01    3.69268e+01    3.67100e+01    3.65079e+01    3.64378e+01    3.63216e+01    3.63329e+01    
1.03800e+03    3.87048e+01    3.87560e+01    3.87569e+01    3.86909e+01    3.86239e+01    3.85032e+01    3.84304e+01    3.83282e+01    3.82458e+01    3.82034e+01    3.81881e+01    3.81627e+01    3.81380e+01    3.81061e+01    3.80663e+01    3.80284e+01    3.80029e+01    3.79533e+01    3.79299e+01    3.78995e+01    3.74957e+01    3.71784e+01    3.68708e+01    3.66065e+01    3.64001e+01    3.63767e+01    3.62970e+01    3.63163e+01    
1.03820e+03    3.87332e+01    3.88059e+01    3.88313e+01    3.87692e+01    3.86833e+01    3.85506e+01    3.84802e+01    3.83820e+01    3.83006e+01    3.82537e+01    3.82318e+01    3.82008e+01    3.81711e+01    3.81344e+01    3.80898e+01    3.80476e+01    3.80181e+01    3.79653e+01    3.79396e+01    3.79079e+01    3.75391e+01    3.72634e+01    3.69997e+01    3.67754e+01    3.65437e+01    3.64325e+01    3.62936e+01    3.63149e+01    
1.03840e+03    3.87662e+01    3.88383e+01    3.88764e+01    3.88126e+01    3.87154e+01    3.85846e+01    3.85123e+01    3.84310e+01    3.83629e+01    3.83167e+01    3.82890e+01    3.82540e+01    3.82226e+01    3.81874e+01    3.81466e+01    3.81080e+01    3.80816e+01    3.80324e+01    3.80093e+01    3.79800e+01    3.76230e+01    3.73912e+01    3.71799e+01    3.69982e+01    3.67710e+01    3.66130e+01    3.64027e+01    3.63861e+01    
1.03860e+03    3.87680e+01    3.88436e+01    3.88674e+01    3.87934e+01    3.87138e+01    3.85957e+01    3.85152e+01    3.84386e+01    3.83756e+01    3.83325e+01    3.83056e+01    3.82709e+01    3.82387e+01    3.82011e+01    3.81569e+01    3.81152e+01    3.80859e+01    3.80343e+01    3.80094e+01    3.79792e+01    3.76424e+01    3.74056e+01    3.71803e+01    3.69873e+01    3.67546e+01    3.66007e+01    3.64072e+01    3.64059e+01    
1.03880e+03    3.87826e+01    3.88471e+01    3.88936e+01    3.88253e+01    3.87472e+01    3.86519e+01    3.85714e+01    3.85071e+01    3.84500e+01    3.83999e+01    3.83612e+01    3.83174e+01    3.82799e+01    3.82421e+01    3.82014e+01    3.81630e+01    3.81365e+01    3.80881e+01    3.80655e+01    3.80373e+01    3.77059e+01    3.74839e+01    3.72754e+01    3.70970e+01    3.68839e+01    3.67523e+01    3.65463e+01    3.64971e+01    
1.03900e+03    3.87298e+01    3.87872e+01    3.87886e+01    3.86977e+01    3.86307e+01    3.85389e+01    3.84508e+01    3.84002e+01    3.83563e+01    3.83154e+01    3.82823e+01    3.82435e+01    3.82102e+01    3.81758e+01    3.81380e+01    3.81024e+01    3.80785e+01    3.80324e+01    3.80115e+01    3.79847e+01    3.76554e+01    3.74427e+01    3.72452e+01    3.70774e+01    3.68838e+01    3.67771e+01    3.65816e+01    3.65162e+01    
1.03920e+03    3.87617e+01    3.88146e+01    3.88321e+01    3.87621e+01    3.87100e+01    3.86175e+01    3.85188e+01    3.84615e+01    3.84107e+01    3.83620e+01    3.83216e+01    3.82760e+01    3.82366e+01    3.81968e+01    3.81538e+01    3.81134e+01    3.80853e+01    3.80349e+01    3.80110e+01    3.79817e+01    3.76528e+01    3.74342e+01    3.72285e+01    3.70535e+01    3.68473e+01    3.67252e+01    3.65323e+01    3.64907e+01    
1.03940e+03    3.88460e+01    3.89137e+01    3.89619e+01    3.88917e+01    3.88212e+01    3.87271e+01    3.86307e+01    3.85738e+01    3.85213e+01    3.84674e+01    3.84212e+01    3.83711e+01    3.83291e+01    3.82897e+01    3.82491e+01    3.82109e+01    3.81843e+01    3.81360e+01    3.81136e+01    3.80852e+01    3.77491e+01    3.75499e+01    3.73677e+01    3.72092e+01    3.70091e+01    3.68809e+01    3.66651e+01    3.65946e+01    
1.03960e+03    3.88378e+01    3.89013e+01    3.89425e+01    3.88733e+01    3.88070e+01    3.87138e+01    3.86243e+01    3.85684e+01    3.85168e+01    3.84647e+01    3.84206e+01    3.83720e+01    3.83310e+01    3.82916e+01    3.82504e+01    3.82116e+01    3.81847e+01    3.81362e+01    3.81136e+01    3.80854e+01    3.77621e+01    3.75742e+01    3.73996e+01    3.72462e+01    3.70482e+01    3.69184e+01    3.66995e+01    3.66256e+01    
1.03980e+03    3.88151e+01    3.88683e+01    3.89017e+01    3.88358e+01    3.87763e+01    3.86854e+01    3.85989e+01    3.85398e+01    3.84860e+01    3.84341e+01    3.83911e+01    3.83433e+01    3.83021e+01    3.82611e+01    3.82174e+01    3.81765e+01    3.81478e+01    3.80977e+01    3.80741e+01    3.80457e+01    3.77470e+01    3.75610e+01    3.73814e+01    3.72248e+01    3.70267e+01    3.69002e+01    3.66879e+01    3.66199e+01    
1.04000e+03    3.88028e+01    3.88392e+01    3.88621e+01    3.87956e+01    3.87393e+01    3.86527e+01    3.85754e+01    3.85136e+01    3.84574e+01    3.84051e+01    3.83629e+01    3.83161e+01    3.82758e+01    3.82356e+01    3.81929e+01    3.81530e+01    3.81253e+01    3.80766e+01    3.80539e+01    3.80269e+01    3.77487e+01    3.75680e+01    3.73888e+01    3.72329e+01    3.70382e+01    3.69177e+01    3.67074e+01    3.66343e+01    
1.04020e+03    3.87954e+01    3.88368e+01    3.88369e+01    3.87558e+01    3.86978e+01    3.86086e+01    3.85381e+01    3.84677e+01    3.84068e+01    3.83593e+01    3.83259e+01    3.82867e+01    3.82525e+01    3.82160e+01    3.81757e+01    3.81380e+01    3.81123e+01    3.80654e+01    3.80441e+01    3.80181e+01    3.77360e+01    3.75400e+01    3.73462e+01    3.71803e+01    3.69835e+01    3.68697e+01    3.66705e+01    3.66063e+01    
1.04040e+03    3.88296e+01    3.88776e+01    3.88968e+01    3.88177e+01    3.87554e+01    3.86670e+01    3.85877e+01    3.85246e+01    3.84662e+01    3.84102e+01    3.83644e+01    3.83147e+01    3.82729e+01    3.82333e+01    3.81926e+01    3.81546e+01    3.81286e+01    3.80814e+01    3.80598e+01    3.80335e+01    3.77490e+01    3.75635e+01    3.73811e+01    3.72222e+01    3.70210e+01    3.68909e+01    3.66753e+01    3.66076e+01    
1.04060e+03    3.88526e+01    3.89011e+01    3.89341e+01    3.88596e+01    3.87957e+01    3.87086e+01    3.86235e+01    3.85626e+01    3.85049e+01    3.84462e+01    3.83960e+01    3.83424e+01    3.82973e+01    3.82556e+01    3.82134e+01    3.81739e+01    3.81464e+01    3.80977e+01    3.80750e+01    3.80475e+01    3.77511e+01    3.75639e+01    3.73827e+01    3.72241e+01    3.70190e+01    3.68807e+01    3.66609e+01    3.65980e+01    
1.04080e+03    3.88382e+01    3.88816e+01    3.89045e+01    3.88254e+01    3.87626e+01    3.86758e+01    3.85941e+01    3.85346e+01    3.84787e+01    3.84223e+01    3.83742e+01    3.83217e+01    3.82764e+01    3.82322e+01    3.81857e+01    3.81423e+01    3.81115e+01    3.80593e+01    3.80341e+01    3.80046e+01    3.77171e+01    3.75334e+01    3.73528e+01    3.71944e+01    3.69881e+01    3.68467e+01    3.66267e+01    3.65688e+01    
1.04100e+03    3.88142e+01    3.88526e+01    3.88468e+01    3.87610e+01    3.87125e+01    3.86332e+01    3.85536e+01    3.84855e+01    3.84264e+01    3.83776e+01    3.83413e+01    3.82990e+01    3.82614e+01    3.82209e+01    3.81757e+01    3.81334e+01    3.81036e+01    3.80523e+01    3.80277e+01    3.79987e+01    3.77047e+01    3.75025e+01    3.73044e+01    3.71349e+01    3.69323e+01    3.68111e+01    3.66125e+01    3.65595e+01    
1.04120e+03    3.88605e+01    3.89113e+01    3.89247e+01    3.88432e+01    3.87842e+01    3.87013e+01    3.86154e+01    3.85573e+01    3.85036e+01    3.84503e+01    3.84056e+01    3.83566e+01    3.83150e+01    3.82748e+01    3.82329e+01    3.81936e+01    3.81663e+01    3.81178e+01    3.80953e+01    3.80678e+01    3.77696e+01    3.75871e+01    3.74113e+01    3.72574e+01    3.70620e+01    3.69377e+01    3.67238e+01    3.66494e+01    
1.04140e+03    3.88886e+01    3.89406e+01    3.89618e+01    3.88850e+01    3.88264e+01    3.87493e+01    3.86611e+01    3.86073e+01    3.85567e+01    3.85038e+01    3.84579e+01    3.84080e+01    3.83658e+01    3.83255e+01    3.82837e+01    3.82446e+01    3.82172e+01    3.81687e+01    3.81462e+01    3.81185e+01    3.78130e+01    3.76307e+01    3.74571e+01    3.73053e+01    3.71157e+01    3.70007e+01    3.67888e+01    3.67042e+01    
1.04160e+03    3.88935e+01    3.89464e+01    3.89670e+01    3.88914e+01    3.88353e+01    3.87585e+01    3.86696e+01    3.86156e+01    3.85658e+01    3.85153e+01    3.84721e+01    3.84244e+01    3.83836e+01    3.83435e+01    3.83011e+01    3.82614e+01    3.82334e+01    3.81842e+01    3.81612e+01    3.81330e+01    3.78227e+01    3.76289e+01    3.74446e+01    3.72845e+01    3.70851e+01    3.69602e+01    3.67481e+01    3.66768e+01    
1.04180e+03    3.88923e+01    3.89446e+01    3.89650e+01    3.88893e+01    3.88324e+01    3.87559e+01    3.86679e+01    3.86172e+01    3.85707e+01    3.85237e+01    3.84835e+01    3.84384e+01    3.83998e+01    3.83613e+01    3.83201e+01    3.82816e+01    3.82546e+01    3.82068e+01    3.81848e+01    3.81577e+01    3.78591e+01    3.76781e+01    3.75037e+01    3.73508e+01    3.71574e+01    3.70365e+01    3.68192e+01    3.67332e+01    
1.04200e+03    3.88904e+01    3.89403e+01    3.89649e+01    3.88901e+01    3.88307e+01    3.87562e+01    3.86674e+01    3.86183e+01    3.85736e+01    3.85284e+01    3.84897e+01    3.84459e+01    3.84085e+01    3.83709e+01    3.83304e+01    3.82924e+01    3.82659e+01    3.82186e+01    3.81969e+01    3.81699e+01    3.78659e+01    3.76880e+01    3.75182e+01    3.73686e+01    3.71783e+01    3.70599e+01    3.68401e+01    3.67462e+01    
1.04220e+03    3.88892e+01    3.89381e+01    3.89568e+01    3.88854e+01    3.88342e+01    3.87634e+01    3.86766e+01    3.86267e+01    3.85818e+01    3.85374e+01    3.85003e+01    3.84582e+01    3.84225e+01    3.83870e+01    3.83489e+01    3.83132e+01    3.82886e+01    3.82431e+01    3.82228e+01    3.81969e+01    3.78900e+01    3.77075e+01    3.75342e+01    3.73820e+01    3.71884e+01    3.70666e+01    3.68455e+01    3.67542e+01    
1.04240e+03    3.88831e+01    3.89293e+01    3.89472e+01    3.88757e+01    3.88218e+01    3.87525e+01    3.86692e+01    3.86186e+01    3.85733e+01    3.85298e+01    3.84938e+01    3.84524e+01    3.84168e+01    3.83802e+01    3.83405e+01    3.83032e+01    3.82773e+01    3.82306e+01    3.82093e+01    3.81829e+01    3.78815e+01    3.76960e+01    3.75180e+01    3.73627e+01    3.71687e+01    3.70494e+01    3.68306e+01    3.67396e+01    
1.04260e+03    3.88756e+01    3.89221e+01    3.89384e+01    3.88596e+01    3.87967e+01    3.87265e+01    3.86480e+01    3.85991e+01    3.85553e+01    3.85136e+01    3.84789e+01    3.84381e+01    3.84023e+01    3.83644e+01    3.83222e+01    3.82826e+01    3.82548e+01    3.82059e+01    3.81832e+01    3.81553e+01    3.78504e+01    3.76633e+01    3.74842e+01    3.73279e+01    3.71312e+01    3.70078e+01    3.67861e+01    3.66970e+01    
1.04280e+03    3.88810e+01    3.89295e+01    3.89517e+01    3.88720e+01    3.88081e+01    3.87398e+01    3.86541e+01    3.86043e+01    3.85598e+01    3.85169e+01    3.84811e+01    3.84396e+01    3.84036e+01    3.83662e+01    3.83251e+01    3.82865e+01    3.82594e+01    3.82113e+01    3.81890e+01    3.81613e+01    3.78465e+01    3.76506e+01    3.74653e+01    3.73041e+01    3.71021e+01    3.69734e+01    3.67501e+01    3.66665e+01    
1.04300e+03    3.88797e+01    3.89263e+01    3.89480e+01    3.88752e+01    3.88203e+01    3.87526e+01    3.86703e+01    3.86204e+01    3.85750e+01    3.85300e+01    3.84921e+01    3.84489e+01    3.84120e+01    3.83746e+01    3.83343e+01    3.82964e+01    3.82700e+01    3.82224e+01    3.82005e+01    3.81732e+01    3.78564e+01    3.76602e+01    3.74750e+01    3.73135e+01    3.71079e+01    3.69723e+01    3.67452e+01    3.66652e+01    
1.04320e+03    3.88594e+01    3.88988e+01    3.89105e+01    3.88395e+01    3.87933e+01    3.87312e+01    3.86532e+01    3.85990e+01    3.85510e+01    3.85074e+01    3.84725e+01    3.84317e+01    3.83963e+01    3.83590e+01    3.83180e+01    3.82794e+01    3.82523e+01    3.82042e+01    3.81820e+01    3.81545e+01    3.78436e+01    3.76403e+01    3.74461e+01    3.72789e+01    3.70762e+01    3.69530e+01    3.67391e+01    3.66627e+01    
1.04340e+03    3.88565e+01    3.89020e+01    3.89036e+01    3.88218e+01    3.87682e+01    3.87014e+01    3.86311e+01    3.85775e+01    3.85305e+01    3.84896e+01    3.84577e+01    3.84197e+01    3.83866e+01    3.83512e+01    3.83118e+01    3.82748e+01    3.82492e+01    3.82026e+01    3.81815e+01    3.81552e+01    3.78518e+01    3.76454e+01    3.74458e+01    3.72745e+01    3.70697e+01    3.69471e+01    3.67373e+01    3.66664e+01    
1.04360e+03    3.88721e+01    3.89170e+01    3.89316e+01    3.88599e+01    3.88098e+01    3.87449e+01    3.86614e+01    3.86134e+01    3.85704e+01    3.85286e+01    3.84938e+01    3.84534e+01    3.84189e+01    3.83835e+01    3.83450e+01    3.83088e+01    3.82838e+01    3.82380e+01    3.82175e+01    3.81915e+01    3.78890e+01    3.77018e+01    3.75225e+01    3.73651e+01    3.71628e+01    3.70294e+01    3.68013e+01    3.67157e+01    
1.04380e+03    3.88761e+01    3.89230e+01    3.89351e+01    3.88649e+01    3.88160e+01    3.87520e+01    3.86686e+01    3.86210e+01    3.85784e+01    3.85374e+01    3.85033e+01    3.84637e+01    3.84297e+01    3.83948e+01    3.83567e+01    3.83210e+01    3.82963e+01    3.82511e+01    3.82310e+01    3.82056e+01    3.79101e+01    3.77325e+01    3.75608e+01    3.74084e+01    3.72077e+01    3.70717e+01    3.68357e+01    3.67403e+01    
1.04400e+03    3.88751e+01    3.89213e+01    3.89353e+01    3.88664e+01    3.88150e+01    3.87523e+01    3.86708e+01    3.86201e+01    3.85751e+01    3.85328e+01    3.84983e+01    3.84581e+01    3.84235e+01    3.83877e+01    3.83485e+01    3.83117e+01    3.82862e+01    3.82400e+01    3.82191e+01    3.81930e+01    3.78934e+01    3.77087e+01    3.75309e+01    3.73744e+01    3.71722e+01    3.70379e+01    3.68067e+01    3.67173e+01    
1.04420e+03    3.88691e+01    3.89146e+01    3.89304e+01    3.88593e+01    3.88050e+01    3.87440e+01    3.86701e+01    3.86176e+01    3.85699e+01    3.85246e+01    3.84873e+01    3.84447e+01    3.84082e+01    3.83710e+01    3.83307e+01    3.82929e+01    3.82666e+01    3.82193e+01    3.81978e+01    3.81709e+01    3.78671e+01    3.76790e+01    3.74988e+01    3.73412e+01    3.71420e+01    3.70145e+01    3.67881e+01    3.66968e+01    
1.04440e+03    3.88697e+01    3.89198e+01    3.89382e+01    3.88591e+01    3.87940e+01    3.87309e+01    3.86577e+01    3.85989e+01    3.85472e+01    3.85029e+01    3.84688e+01    3.84288e+01    3.83940e+01    3.83573e+01    3.83167e+01    3.82786e+01    3.82519e+01    3.82040e+01    3.81820e+01    3.81545e+01    3.78390e+01    3.76368e+01    3.74452e+01    3.72799e+01    3.70788e+01    3.69564e+01    3.67430e+01    3.66666e+01    
1.04460e+03    3.88773e+01    3.89297e+01    3.89599e+01    3.88797e+01    3.88076e+01    3.87430e+01    3.86669e+01    3.86096e+01    3.85577e+01    3.85096e+01    3.84705e+01    3.84262e+01    3.83878e+01    3.83487e+01    3.83062e+01    3.82663e+01    3.82382e+01    3.81890e+01    3.81660e+01    3.81378e+01    3.78285e+01    3.76426e+01    3.74658e+01    3.73100e+01    3.71073e+01    3.69708e+01    3.67427e+01    3.66630e+01    
1.04480e+03    3.88738e+01    3.89269e+01    3.89586e+01    3.88783e+01    3.88066e+01    3.87406e+01    3.86624e+01    3.86040e+01    3.85510e+01    3.85013e+01    3.84607e+01    3.84150e+01    3.83753e+01    3.83350e+01    3.82912e+01    3.82503e+01    3.82214e+01    3.81714e+01    3.81479e+01    3.81195e+01    3.78218e+01    3.76455e+01    3.74753e+01    3.73254e+01    3.71341e+01    3.70139e+01    3.67945e+01    3.67044e+01    
1.04500e+03    3.88617e+01    3.89161e+01    3.89414e+01    3.88593e+01    3.87934e+01    3.87251e+01    3.86451e+01    3.85824e+01    3.85262e+01    3.84754e+01    3.84347e+01    3.83885e+01    3.83475e+01    3.83046e+01    3.82572e+01    3.82130e+01    3.81812e+01    3.81285e+01    3.81030e+01    3.80733e+01    3.77919e+01    3.76232e+01    3.74559e+01    3.73074e+01    3.71129e+01    3.69849e+01    3.67624e+01    3.66789e+01    
1.04520e+03    3.88606e+01    3.89132e+01    3.89399e+01    3.88605e+01    3.87973e+01    3.87341e+01    3.86547e+01    3.85956e+01    3.85422e+01    3.84923e+01    3.84519e+01    3.84066e+01    3.83679e+01    3.83292e+01    3.82879e+01    3.82492e+01    3.82222e+01    3.81744e+01    3.81524e+01    3.81253e+01    3.78305e+01    3.76589e+01    3.74929e+01    3.73460e+01    3.71577e+01    3.70402e+01    3.68201e+01    3.67247e+01    
1.04540e+03    3.88597e+01    3.89096e+01    3.89392e+01    3.88641e+01    3.88023e+01    3.87411e+01    3.86594e+01    3.86023e+01    3.85508e+01    3.85026e+01    3.84637e+01    3.84200e+01    3.83832e+01    3.83469e+01    3.83084e+01    3.82723e+01    3.82475e+01    3.82018e+01    3.81813e+01    3.81553e+01    3.78522e+01    3.76780e+01    3.75121e+01    3.73656e+01    3.71800e+01    3.70674e+01    3.68492e+01    3.67496e+01    
1.04560e+03    3.88549e+01    3.89053e+01    3.89357e+01    3.88593e+01    3.87948e+01    3.87309e+01    3.86548e+01    3.85984e+01    3.85467e+01    3.84975e+01    3.84572e+01    3.84121e+01    3.83737e+01    3.83356e+01    3.82951e+01    3.82571e+01    3.82306e+01    3.81831e+01    3.81612e+01    3.81339e+01    3.78247e+01    3.76474e+01    3.74796e+01    3.73309e+01    3.71378e+01    3.70128e+01    3.67904e+01    3.67023e+01    
1.04580e+03    3.88445e+01    3.88948e+01    3.89274e+01    3.88492e+01    3.87826e+01    3.87182e+01    3.86431e+01    3.85854e+01    3.85331e+01    3.84845e+01    3.84449e+01    3.84000e+01    3.83606e+01    3.83198e+01    3.82752e+01    3.82334e+01    3.82038e+01    3.81532e+01    3.81291e+01    3.81005e+01    3.78066e+01    3.76250e+01    3.74483e+01    3.72931e+01    3.70926e+01    3.69601e+01    3.67379e+01    3.66618e+01    
1.04600e+03    3.88359e+01    3.88847e+01    3.89190e+01    3.88432e+01    3.87790e+01    3.87154e+01    3.86405e+01    3.85845e+01    3.85339e+01    3.84867e+01    3.84480e+01    3.84038e+01    3.83648e+01    3.83241e+01    3.82792e+01    3.82371e+01    3.82072e+01    3.81561e+01    3.81318e+01    3.81027e+01    3.78023e+01    3.76175e+01    3.74394e+01    3.72845e+01    3.70932e+01    3.69783e+01    3.67650e+01    3.66784e+01    
1.04620e+03    3.88355e+01    3.88831e+01    3.89174e+01    3.88465e+01    3.87860e+01    3.87255e+01    3.86530e+01    3.86018e+01    3.85548e+01    3.85091e+01    3.84712e+01    3.84282e+01    3.83917e+01    3.83551e+01    3.83159e+01    3.82790e+01    3.82534e+01    3.82068e+01    3.81856e+01    3.81587e+01    3.78437e+01    3.76569e+01    3.74815e+01    3.73276e+01    3.71322e+01    3.70083e+01    3.67885e+01    3.67032e+01    
1.04640e+03    3.88393e+01    3.88886e+01    3.89234e+01    3.88513e+01    3.87884e+01    3.87309e+01    3.86595e+01    3.86097e+01    3.85636e+01    3.85183e+01    3.84804e+01    3.84377e+01    3.84017e+01    3.83659e+01    3.83279e+01    3.82923e+01    3.82677e+01    3.82224e+01    3.82022e+01    3.81765e+01    3.78744e+01    3.76951e+01    3.75236e+01    3.73717e+01    3.71726e+01    3.70395e+01    3.68114e+01    3.67255e+01    
1.04660e+03    3.88429e+01    3.88938e+01    3.89301e+01    3.88574e+01    3.87908e+01    3.87339e+01    3.86621e+01    3.86099e+01    3.85623e+01    3.85172e+01    3.84804e+01    3.84385e+01    3.84031e+01    3.83675e+01    3.83294e+01    3.82937e+01    3.82692e+01    3.82240e+01    3.82039e+01    3.81785e+01    3.78847e+01    3.77085e+01    3.75381e+01    3.73877e+01    3.71941e+01    3.70705e+01    3.68474e+01    3.67554e+01    
1.04680e+03    3.88446e+01    3.88957e+01    3.89327e+01    3.88606e+01    3.87912e+01    3.87334e+01    3.86628e+01    3.86102e+01    3.85626e+01    3.85183e+01    3.84826e+01    3.84415e+01    3.84068e+01    3.83716e+01    3.83337e+01    3.82981e+01    3.82737e+01    3.82285e+01    3.82084e+01    3.81827e+01    3.78812e+01    3.77049e+01    3.75365e+01    3.73879e+01    3.71994e+01    3.70834e+01    3.68636e+01    3.67659e+01    
1.04700e+03    3.88412e+01    3.88916e+01    3.89251e+01    3.88519e+01    3.87815e+01    3.87245e+01    3.86574e+01    3.86060e+01    3.85593e+01    3.85158e+01    3.84807e+01    3.84402e+01    3.84059e+01    3.83710e+01    3.83334e+01    3.82980e+01    3.82737e+01    3.82288e+01    3.82088e+01    3.81834e+01    3.78853e+01    3.77085e+01    3.75388e+01    3.73893e+01    3.72003e+01    3.70844e+01    3.68637e+01    3.67642e+01    
1.04720e+03    3.88293e+01    3.88754e+01    3.89041e+01    3.88336e+01    3.87645e+01    3.87079e+01    3.86389e+01    3.85868e+01    3.85407e+01    3.84998e+01    3.84677e+01    3.84298e+01    3.83974e+01    3.83636e+01    3.83265e+01    3.82916e+01    3.82679e+01    3.82234e+01    3.82039e+01    3.81789e+01    3.78853e+01    3.77080e+01    3.75366e+01    3.73854e+01    3.71910e+01    3.70665e+01    3.68417e+01    3.67481e+01    
1.04740e+03    3.88142e+01    3.88592e+01    3.88751e+01    3.88046e+01    3.87396e+01    3.86822e+01    3.86181e+01    3.85643e+01    3.85179e+01    3.84796e+01    3.84511e+01    3.84161e+01    3.83858e+01    3.83531e+01    3.83165e+01    3.82821e+01    3.82587e+01    3.82146e+01    3.81952e+01    3.81705e+01    3.78745e+01    3.76869e+01    3.75059e+01    3.73479e+01    3.71493e+01    3.70238e+01    3.68039e+01    3.67202e+01    
1.04760e+03    3.88104e+01    3.88528e+01    3.88728e+01    3.88051e+01    3.87381e+01    3.86816e+01    3.86145e+01    3.85606e+01    3.85138e+01    3.84740e+01    3.84438e+01    3.84074e+01    3.83761e+01    3.83427e+01    3.83056e+01    3.82709e+01    3.82472e+01    3.82030e+01    3.81835e+01    3.81588e+01    3.78712e+01    3.76864e+01    3.75062e+01    3.73501e+01    3.71610e+01    3.70518e+01    3.68402e+01    3.67471e+01    
1.04780e+03    3.88030e+01    3.88428e+01    3.88666e+01    3.88005e+01    3.87255e+01    3.86645e+01    3.86035e+01    3.85470e+01    3.84967e+01    3.84534e+01    3.84203e+01    3.83815e+01    3.83484e+01    3.83139e+01    3.82762e+01    3.82409e+01    3.82170e+01    3.81724e+01    3.81527e+01    3.81281e+01    3.78477e+01    3.76658e+01    3.74866e+01    3.73309e+01    3.71400e+01    3.70268e+01    3.68124e+01    3.67206e+01    
1.04800e+03    3.87462e+01    3.87700e+01    3.87557e+01    3.86867e+01    3.86341e+01    3.85971e+01    3.85393e+01    3.84797e+01    3.84296e+01    3.83926e+01    3.83678e+01    3.83360e+01    3.83085e+01    3.82781e+01    3.82436e+01    3.82111e+01    3.81895e+01    3.81470e+01    3.81287e+01    3.81050e+01    3.78128e+01    3.76118e+01    3.74162e+01    3.72487e+01    3.70509e+01    3.69373e+01    3.67314e+01    3.66550e+01    
1.04820e+03    3.87580e+01    3.87914e+01    3.87993e+01    3.87419e+01    3.86722e+01    3.86133e+01    3.85558e+01    3.84991e+01    3.84502e+01    3.84115e+01    3.83839e+01    3.83498e+01    3.83206e+01    3.82893e+01    3.82544e+01    3.82214e+01    3.81995e+01    3.81563e+01    3.81376e+01    3.81132e+01    3.78081e+01    3.75993e+01    3.73986e+01    3.72270e+01    3.70250e+01    3.69080e+01    3.67068e+01    3.66427e+01    
1.04840e+03    3.87758e+01    3.88084e+01    3.88410e+01    3.87913e+01    3.87139e+01    3.86465e+01    3.85936e+01    3.85325e+01    3.84800e+01    3.84403e+01    3.84127e+01    3.83781e+01    3.83474e+01    3.83129e+01    3.82736e+01    3.82366e+01    3.82112e+01    3.81648e+01    3.81438e+01    3.81177e+01    3.78214e+01    3.76244e+01    3.74333e+01    3.72689e+01    3.70712e+01    3.69543e+01    3.67464e+01    3.66711e+01    
1.04860e+03    3.87650e+01    3.87952e+01    3.88213e+01    3.87699e+01    3.86958e+01    3.86311e+01    3.85867e+01    3.85188e+01    3.84631e+01    3.84282e+01    3.84084e+01    3.83800e+01    3.83539e+01    3.83218e+01    3.82837e+01    3.82479e+01    3.82234e+01    3.81781e+01    3.81579e+01    3.81326e+01    3.78393e+01    3.76333e+01    3.74318e+01    3.72604e+01    3.70643e+01    3.69583e+01    3.67580e+01    3.66802e+01    
1.04880e+03    3.87544e+01    3.87833e+01    3.88056e+01    3.87563e+01    3.86833e+01    3.86165e+01    3.85817e+01    3.85066e+01    3.84453e+01    3.84101e+01    3.83927e+01    3.83664e+01    3.83416e+01    3.83104e+01    3.82728e+01    3.82374e+01    3.82134e+01    3.81685e+01    3.81486e+01    3.81237e+01    3.78344e+01    3.76200e+01    3.74084e+01    3.72316e+01    3.70492e+01    3.69727e+01    3.67913e+01    3.67073e+01    
1.04900e+03    3.87303e+01    3.87595e+01    3.87536e+01    3.87026e+01    3.86454e+01    3.85776e+01    3.85474e+01    3.84569e+01    3.83839e+01    3.83491e+01    3.83385e+01    3.83175e+01    3.82970e+01    3.82692e+01    3.82347e+01    3.82019e+01    3.81803e+01    3.81374e+01    3.81189e+01    3.80951e+01    3.77974e+01    3.75652e+01    3.73344e+01    3.71396e+01    3.69305e+01    3.68274e+01    3.66529e+01    3.66116e+01    
1.04920e+03    3.86824e+01    3.87088e+01    3.86333e+01    3.85864e+01    3.85780e+01    3.85072e+01    3.84697e+01    3.83630e+01    3.82804e+01    3.82531e+01    3.82567e+01    3.82472e+01    3.82366e+01    3.82175e+01    3.81916e+01    3.81663e+01    3.81509e+01    3.81134e+01    3.80986e+01    3.80772e+01    3.77495e+01    3.74617e+01    3.71653e+01    3.69124e+01    3.67161e+01    3.66974e+01    3.65943e+01    3.65728e+01    
1.04940e+03    3.86832e+01    3.87036e+01    3.86459e+01    3.86091e+01    3.85901e+01    3.85159e+01    3.84854e+01    3.83742e+01    3.82858e+01    3.82539e+01    3.82549e+01    3.82428e+01    3.82294e+01    3.82068e+01    3.81766e+01    3.81475e+01    3.81290e+01    3.80884e+01    3.80714e+01    3.80480e+01    3.77155e+01    3.74317e+01    3.71437e+01    3.69024e+01    3.67261e+01    3.67209e+01    3.66149e+01    3.65797e+01    
1.04960e+03    3.87043e+01    3.87293e+01    3.87070e+01    3.86470e+01    3.86025e+01    3.85450e+01    3.85299e+01    3.84479e+01    3.83745e+01    3.83238e+01    3.82938e+01    3.82579e+01    3.82274e+01    3.81954e+01    3.81605e+01    3.81274e+01    3.81058e+01    3.80623e+01    3.80434e+01    3.80191e+01    3.77148e+01    3.74559e+01    3.71923e+01    3.69732e+01    3.67883e+01    3.67498e+01    3.66142e+01    3.65650e+01    
1.04980e+03    3.86646e+01    3.86852e+01    3.86224e+01    3.85580e+01    3.85199e+01    3.84508e+01    3.84139e+01    3.82955e+01    3.82027e+01    3.81745e+01    3.81815e+01    3.81734e+01    3.81620e+01    3.81393e+01    3.81076e+01    3.80770e+01    3.80576e+01    3.80154e+01    3.79974e+01    3.79729e+01    3.76300e+01    3.73252e+01    3.70066e+01    3.67297e+01    3.65325e+01    3.65370e+01    3.64581e+01    3.64544e+01    
1.05000e+03    3.86894e+01    3.87111e+01    3.86895e+01    3.86393e+01    3.85884e+01    3.85165e+01    3.84852e+01    3.83753e+01    3.82861e+01    3.82495e+01    3.82447e+01    3.82275e+01    3.82090e+01    3.81809e+01    3.81442e+01    3.81092e+01    3.80858e+01    3.80396e+01    3.80187e+01    3.79914e+01    3.76327e+01    3.73448e+01    3.70604e+01    3.68177e+01    3.66000e+01    3.65377e+01    3.64231e+01    3.64258e+01    
1.05020e+03    3.87442e+01    3.87807e+01    3.88075e+01    3.87465e+01    3.86642e+01    3.85917e+01    3.85565e+01    3.84701e+01    3.83976e+01    3.83550e+01    3.83341e+01    3.83044e+01    3.82763e+01    3.82418e+01    3.82002e+01    3.81609e+01    3.81337e+01    3.80845e+01    3.80614e+01    3.80328e+01    3.77022e+01    3.74659e+01    3.72400e+01    3.70491e+01    3.68395e+01    3.67295e+01    3.65435e+01    3.64966e+01    
1.05040e+03    3.87586e+01    3.87944e+01    3.88332e+01    3.87745e+01    3.86882e+01    3.86162e+01    3.85752e+01    3.84972e+01    3.84306e+01    3.83868e+01    3.83610e+01    3.83273e+01    3.82964e+01    3.82601e+01    3.82176e+01    3.81776e+01    3.81498e+01    3.81003e+01    3.80771e+01    3.80488e+01    3.77379e+01    3.75201e+01    3.73094e+01    3.71300e+01    3.69226e+01    3.68034e+01    3.66016e+01    3.65412e+01    
1.05060e+03    3.87499e+01    3.87865e+01    3.88150e+01    3.87485e+01    3.86550e+01    3.85797e+01    3.85430e+01    3.84609e+01    3.83921e+01    3.83510e+01    3.83297e+01    3.82997e+01    3.82714e+01    3.82365e+01    3.81946e+01    3.81554e+01    3.81282e+01    3.80796e+01    3.80571e+01    3.80299e+01    3.77354e+01    3.75230e+01    3.73137e+01    3.71352e+01    3.69260e+01    3.68026e+01    3.66007e+01    3.65457e+01    
1.05080e+03    3.87009e+01    3.87316e+01    3.87076e+01    3.86333e+01    3.85667e+01    3.84952e+01    3.84616e+01    3.83587e+01    3.82763e+01    3.82421e+01    3.82364e+01    3.82186e+01    3.81993e+01    3.81699e+01    3.81320e+01    3.80961e+01    3.80722e+01    3.80264e+01    3.80059e+01    3.79803e+01    3.76798e+01    3.74198e+01    3.71523e+01    3.69272e+01    3.67244e+01    3.66653e+01    3.65331e+01    3.65084e+01    
1.05100e+03    3.87012e+01    3.87313e+01    3.87052e+01    3.86382e+01    3.85715e+01    3.84962e+01    3.84592e+01    3.83569e+01    3.82765e+01    3.82458e+01    3.82438e+01    3.82295e+01    3.82142e+01    3.81901e+01    3.81585e+01    3.81283e+01    3.81091e+01    3.80679e+01    3.80506e+01    3.80274e+01    3.77156e+01    3.74538e+01    3.71894e+01    3.69671e+01    3.67641e+01    3.67020e+01    3.65715e+01    3.65505e+01    
1.05120e+03    3.87416e+01    3.87803e+01    3.87899e+01    3.87151e+01    3.86259e+01    3.85627e+01    3.85243e+01    3.84415e+01    3.83736e+01    3.83363e+01    3.83201e+01    3.82953e+01    3.82729e+01    3.82453e+01    3.82124e+01    3.81814e+01    3.81613e+01    3.81202e+01    3.81029e+01    3.80803e+01    3.77972e+01    3.75950e+01    3.73961e+01    3.72273e+01    3.70363e+01    3.69366e+01    3.67421e+01    3.66659e+01    
1.05140e+03    3.87512e+01    3.87955e+01    3.87950e+01    3.87220e+01    3.86521e+01    3.85877e+01    3.85401e+01    3.84618e+01    3.83978e+01    3.83606e+01    3.83426e+01    3.83163e+01    3.82929e+01    3.82648e+01    3.82318e+01    3.82006e+01    3.81803e+01    3.81390e+01    3.81218e+01    3.80992e+01    3.78184e+01    3.76049e+01    3.73922e+01    3.72131e+01    3.70200e+01    3.69275e+01    3.67384e+01    3.66620e+01    
1.05160e+03    3.87842e+01    3.88324e+01    3.88586e+01    3.87835e+01    3.87032e+01    3.86390e+01    3.85782e+01    3.85188e+01    3.84662e+01    3.84222e+01    3.83896e+01    3.83514e+01    3.83191e+01    3.82856e+01    3.82494e+01    3.82154e+01    3.81927e+01    3.81495e+01    3.81308e+01    3.81072e+01    3.78369e+01    3.76550e+01    3.74738e+01    3.73177e+01    3.71332e+01    3.70320e+01    3.68220e+01    3.67208e+01    
1.05180e+03    3.87956e+01    3.88467e+01    3.88765e+01    3.87978e+01    3.87195e+01    3.86566e+01    3.85868e+01    3.85299e+01    3.84792e+01    3.84343e+01    3.83992e+01    3.83588e+01    3.83241e+01    3.82884e+01    3.82496e+01    3.82133e+01    3.81886e+01    3.81432e+01    3.81229e+01    3.80979e+01    3.78210e+01    3.76364e+01    3.74538e+01    3.72968e+01    3.71133e+01    3.70147e+01    3.68054e+01    3.67023e+01    
1.05200e+03    3.87953e+01    3.88451e+01    3.88721e+01    3.87937e+01    3.87219e+01    3.86605e+01    3.85876e+01    3.85325e+01    3.84827e+01    3.84367e+01    3.83998e+01    3.83577e+01    3.83218e+01    3.82853e+01    3.82461e+01    3.82095e+01    3.81845e+01    3.81388e+01    3.81183e+01    3.80931e+01    3.78176e+01    3.76380e+01    3.74600e+01    3.73053e+01    3.71167e+01    3.70066e+01    3.67893e+01    3.66889e+01    
1.05220e+03    3.87947e+01    3.88434e+01    3.88718e+01    3.87893e+01    3.87109e+01    3.86498e+01    3.85789e+01    3.85198e+01    3.84671e+01    3.84204e+01    3.83841e+01    3.83425e+01    3.83068e+01    3.82703e+01    3.82309e+01    3.81940e+01    3.81688e+01    3.81229e+01    3.81023e+01    3.80770e+01    3.78017e+01    3.76228e+01    3.74450e+01    3.72900e+01    3.70975e+01    3.69801e+01    3.67585e+01    3.66614e+01    
1.05240e+03    3.87935e+01    3.88437e+01    3.88713e+01    3.87858e+01    3.87061e+01    3.86417e+01    3.85727e+01    3.85110e+01    3.84548e+01    3.84041e+01    3.83639e+01    3.83189e+01    3.82801e+01    3.82408e+01    3.81988e+01    3.81596e+01    3.81326e+01    3.80848e+01    3.80628e+01    3.80367e+01    3.77717e+01    3.75941e+01    3.74153e+01    3.72613e+01    3.70802e+01    3.69827e+01    3.67728e+01    3.66676e+01    
1.05260e+03    3.87988e+01    3.88503e+01    3.88840e+01    3.87983e+01    3.87176e+01    3.86531e+01    3.85814e+01    3.85203e+01    3.84632e+01    3.84083e+01    3.83629e+01    3.83130e+01    3.82700e+01    3.82274e+01    3.81824e+01    3.81406e+01    3.81112e+01    3.80611e+01    3.80374e+01    3.80101e+01    3.77506e+01    3.75788e+01    3.74039e+01    3.72516e+01    3.70644e+01    3.69538e+01    3.67363e+01    3.66369e+01    
1.05280e+03    3.87941e+01    3.88411e+01    3.88770e+01    3.87971e+01    3.87163e+01    3.86514e+01    3.85800e+01    3.85204e+01    3.84649e+01    3.84118e+01    3.83681e+01    3.83197e+01    3.82779e+01    3.82363e+01    3.81921e+01    3.81508e+01    3.81219e+01    3.80718e+01    3.80481e+01    3.80202e+01    3.77400e+01    3.75631e+01    3.73882e+01    3.72355e+01    3.70458e+01    3.69310e+01    3.67095e+01    3.66098e+01    
1.05300e+03    3.87819e+01    3.88261e+01    3.88498e+01    3.87707e+01    3.86880e+01    3.86197e+01    3.85573e+01    3.84937e+01    3.84353e+01    3.83829e+01    3.83415e+01    3.82951e+01    3.82547e+01    3.82136e+01    3.81693e+01    3.81280e+01    3.80991e+01    3.80493e+01    3.80258e+01    3.79984e+01    3.77307e+01    3.75402e+01    3.73482e+01    3.71841e+01    3.69925e+01    3.68863e+01    3.66799e+01    3.65943e+01    
1.05320e+03    3.87803e+01    3.88327e+01    3.88361e+01    3.87461e+01    3.86629e+01    3.85919e+01    3.85373e+01    3.84660e+01    3.84020e+01    3.83504e+01    3.83131e+01    3.82702e+01    3.82327e+01    3.81932e+01    3.81500e+01    3.81096e+01    3.80817e+01    3.80328e+01    3.80099e+01    3.79832e+01    3.77170e+01    3.75264e+01    3.73336e+01    3.71674e+01    3.69626e+01    3.68335e+01    3.66198e+01    3.65545e+01    
1.05340e+03    3.88121e+01    3.88653e+01    3.88890e+01    3.88087e+01    3.87323e+01    3.86701e+01    3.85985e+01    3.85431e+01    3.84900e+01    3.84357e+01    3.83892e+01    3.83388e+01    3.82963e+01    3.82556e+01    3.82139e+01    3.81750e+01    3.81482e+01    3.81007e+01    3.80789e+01    3.80530e+01    3.77891e+01    3.76115e+01    3.74322e+01    3.72763e+01    3.70843e+01    3.69688e+01    3.67496e+01    3.66538e+01    
1.05360e+03    3.88143e+01    3.88609e+01    3.88897e+01    3.88173e+01    3.87429e+01    3.86859e+01    3.86136e+01    3.85615e+01    3.85113e+01    3.84588e+01    3.84138e+01    3.83655e+01    3.83262e+01    3.82906e+01    3.82553e+01    3.82222e+01    3.82001e+01    3.81575e+01    3.81392e+01    3.81159e+01    3.78408e+01    3.76590e+01    3.74788e+01    3.73221e+01    3.71288e+01    3.70119e+01    3.67898e+01    3.66902e+01    
1.05380e+03    3.87853e+01    3.88287e+01    3.88303e+01    3.87537e+01    3.86890e+01    3.86326e+01    3.85730e+01    3.85161e+01    3.84629e+01    3.84130e+01    3.83732e+01    3.83294e+01    3.82938e+01    3.82605e+01    3.82268e+01    3.81951e+01    3.81744e+01    3.81328e+01    3.81152e+01    3.80924e+01    3.78126e+01    3.76145e+01    3.74188e+01    3.72514e+01    3.70561e+01    3.69468e+01    3.67391e+01    3.66540e+01    
1.05400e+03    3.87798e+01    3.88276e+01    3.88283e+01    3.87436e+01    3.86781e+01    3.86177e+01    3.85487e+01    3.84941e+01    3.84426e+01    3.83914e+01    3.83484e+01    3.83012e+01    3.82613e+01    3.82225e+01    3.81823e+01    3.81448e+01    3.81193e+01    3.80731e+01    3.80522e+01    3.80273e+01    3.77688e+01    3.75837e+01    3.73953e+01    3.72328e+01    3.70351e+01    3.69158e+01    3.67018e+01    3.66209e+01    
1.05420e+03    3.87831e+01    3.88329e+01    3.88396e+01    3.87531e+01    3.86852e+01    3.86250e+01    3.85539e+01    3.85015e+01    3.84518e+01    3.84014e+01    3.83581e+01    3.83102e+01    3.82690e+01    3.82277e+01    3.81840e+01    3.81433e+01    3.81150e+01    3.80662e+01    3.80434e+01    3.80171e+01    3.77649e+01    3.75892e+01    3.74089e+01    3.72526e+01    3.70621e+01    3.69498e+01    3.67344e+01    3.66410e+01    
1.05440e+03    3.87833e+01    3.88331e+01    3.88404e+01    3.87550e+01    3.86917e+01    3.86338e+01    3.85586e+01    3.85076e+01    3.84586e+01    3.84071e+01    3.83621e+01    3.83128e+01    3.82709e+01    3.82300e+01    3.81874e+01    3.81479e+01    3.81205e+01    3.80725e+01    3.80504e+01    3.80245e+01    3.77697e+01    3.75948e+01    3.74162e+01    3.72613e+01    3.70726e+01    3.69623e+01    3.67486e+01    3.66551e+01    
1.05460e+03    3.87915e+01    3.88438e+01    3.88531e+01    3.87674e+01    3.86989e+01    3.86387e+01    3.85670e+01    3.85167e+01    3.84667e+01    3.84113e+01    3.83615e+01    3.83080e+01    3.82626e+01    3.82193e+01    3.81752e+01    3.81343e+01    3.81058e+01    3.80568e+01    3.80339e+01    3.80078e+01    3.77633e+01    3.75906e+01    3.74115e+01    3.72561e+01    3.70667e+01    3.69554e+01    3.67405e+01    3.66467e+01    
1.05480e+03    3.87988e+01    3.88525e+01    3.88605e+01    3.87772e+01    3.87061e+01    3.86443e+01    3.85731e+01    3.85213e+01    3.84697e+01    3.84135e+01    3.83636e+01    3.83103e+01    3.82658e+01    3.82247e+01    3.81836e+01    3.81455e+01    3.81195e+01    3.80729e+01    3.80519e+01    3.80270e+01    3.77779e+01    3.76002e+01    3.74176e+01    3.72601e+01    3.70720e+01    3.69655e+01    3.67550e+01    3.66614e+01    
1.05500e+03    3.87944e+01    3.88505e+01    3.88534e+01    3.87649e+01    3.86910e+01    3.86239e+01    3.85455e+01    3.84851e+01    3.84296e+01    3.83769e+01    3.83337e+01    3.82859e+01    3.82447e+01    3.82035e+01    3.81599e+01    3.81195e+01    3.80916e+01    3.80432e+01    3.80209e+01    3.79953e+01    3.77579e+01    3.75811e+01    3.73962e+01    3.72363e+01    3.70413e+01    3.69244e+01    3.67092e+01    3.66232e+01    
1.05520e+03    3.87983e+01    3.88539e+01    3.88643e+01    3.87791e+01    3.87113e+01    3.86434e+01    3.85691e+01    3.85112e+01    3.84549e+01    3.83960e+01    3.83447e+01    3.82901e+01    3.82439e+01    3.82008e+01    3.81573e+01    3.81171e+01    3.80892e+01    3.80409e+01    3.80185e+01    3.79928e+01    3.77512e+01    3.75818e+01    3.74056e+01    3.72516e+01    3.70585e+01    3.69387e+01    3.67212e+01    3.66352e+01    
1.05540e+03    3.88083e+01    3.88655e+01    3.88878e+01    3.88017e+01    3.87274e+01    3.86583e+01    3.85826e+01    3.85248e+01    3.84681e+01    3.84079e+01    3.83552e+01    3.82993e+01    3.82526e+01    3.82097e+01    3.81673e+01    3.81279e+01    3.81007e+01    3.80530e+01    3.80310e+01    3.80053e+01    3.77539e+01    3.75814e+01    3.74044e+01    3.72505e+01    3.70618e+01    3.69503e+01    3.67371e+01    3.66463e+01    
1.05560e+03    3.88077e+01    3.88626e+01    3.88820e+01    3.87964e+01    3.87248e+01    3.86568e+01    3.85785e+01    3.85219e+01    3.84668e+01    3.84081e+01    3.83565e+01    3.83014e+01    3.82549e+01    3.82114e+01    3.81675e+01    3.81268e+01    3.80986e+01    3.80500e+01    3.80274e+01    3.80016e+01    3.77614e+01    3.75918e+01    3.74150e+01    3.72606e+01    3.70674e+01    3.69479e+01    3.67309e+01    3.66451e+01    
1.05580e+03    3.87952e+01    3.88471e+01    3.88582e+01    3.87720e+01    3.87015e+01    3.86277e+01    3.85410e+01    3.84825e+01    3.84280e+01    3.83729e+01    3.83253e+01    3.82731e+01    3.82271e+01    3.81804e+01    3.81304e+01    3.80839e+01    3.80508e+01    3.79969e+01    3.79706e+01    3.79419e+01    3.77120e+01    3.75429e+01    3.73632e+01    3.72062e+01    3.70058e+01    3.68749e+01    3.66552e+01    3.65823e+01    
1.05600e+03    3.87931e+01    3.88421e+01    3.88543e+01    3.87710e+01    3.86937e+01    3.86163e+01    3.85283e+01    3.84711e+01    3.84181e+01    3.83650e+01    3.83192e+01    3.82685e+01    3.82238e+01    3.81778e+01    3.81281e+01    3.80820e+01    3.80491e+01    3.79955e+01    3.79693e+01    3.79407e+01    3.77089e+01    3.75427e+01    3.73666e+01    3.72119e+01    3.70116e+01    3.68784e+01    3.66555e+01    3.65812e+01    
1.05620e+03    3.87866e+01    3.88302e+01    3.88386e+01    3.87604e+01    3.86824e+01    3.86133e+01    3.85456e+01    3.84778e+01    3.84160e+01    3.83618e+01    3.83199e+01    3.82733e+01    3.82333e+01    3.81934e+01    3.81510e+01    3.81114e+01    3.80841e+01    3.80357e+01    3.80132e+01    3.79866e+01    3.77139e+01    3.75369e+01    3.73602e+01    3.72060e+01    3.70120e+01    3.68906e+01    3.66760e+01    3.65977e+01    
1.05640e+03    3.87932e+01    3.88446e+01    3.88379e+01    3.87549e+01    3.86853e+01    3.86170e+01    3.85450e+01    3.84783e+01    3.84188e+01    3.83679e+01    3.83300e+01    3.82875e+01    3.82524e+01    3.82185e+01    3.81831e+01    3.81496e+01    3.81275e+01    3.80837e+01    3.80645e+01    3.80394e+01    3.77264e+01    3.75296e+01    3.73444e+01    3.71847e+01    3.69914e+01    3.68771e+01    3.66702e+01    3.65946e+01    
1.05660e+03    3.88115e+01    3.88660e+01    3.88803e+01    3.87991e+01    3.87303e+01    3.86639e+01    3.85852e+01    3.85258e+01    3.84691e+01    3.84112e+01    3.83613e+01    3.83073e+01    3.82611e+01    3.82168e+01    3.81708e+01    3.81278e+01    3.80974e+01    3.80454e+01    3.80202e+01    3.79905e+01    3.76908e+01    3.75036e+01    3.73231e+01    3.71668e+01    3.69747e+01    3.68591e+01    3.66482e+01    3.65688e+01    
1.05680e+03    3.88131e+01    3.88695e+01    3.88868e+01    3.88036e+01    3.87335e+01    3.86664e+01    3.85893e+01    3.85309e+01    3.84750e+01    3.84175e+01    3.83675e+01    3.83130e+01    3.82657e+01    3.82194e+01    3.81703e+01    3.81243e+01    3.80911e+01    3.80354e+01    3.80076e+01    3.79748e+01    3.76394e+01    3.74412e+01    3.72580e+01    3.70981e+01    3.68900e+01    3.67460e+01    3.65236e+01    3.64685e+01    
1.05700e+03    3.87998e+01    3.88493e+01    3.88703e+01    3.87936e+01    3.87223e+01    3.86544e+01    3.85751e+01    3.85202e+01    3.84673e+01    3.84111e+01    3.83613e+01    3.83069e+01    3.82596e+01    3.82132e+01    3.81639e+01    3.81177e+01    3.80844e+01    3.80288e+01    3.80011e+01    3.79686e+01    3.76449e+01    3.74457e+01    3.72582e+01    3.70945e+01    3.68811e+01    3.67302e+01    3.65044e+01    3.64545e+01    
1.05720e+03    3.87952e+01    3.88499e+01    3.88612e+01    3.87785e+01    3.87086e+01    3.86404e+01    3.85633e+01    3.84993e+01    3.84417e+01    3.83898e+01    3.83484e+01    3.83015e+01    3.82601e+01    3.82170e+01    3.81696e+01    3.81250e+01    3.80932e+01    3.80393e+01    3.80129e+01    3.79815e+01    3.76617e+01    3.74607e+01    3.72709e+01    3.71078e+01    3.69102e+01    3.67912e+01    3.65848e+01    3.65183e+01    
1.05740e+03    3.88072e+01    3.88669e+01    3.88871e+01    3.88001e+01    3.87272e+01    3.86632e+01    3.85928e+01    3.85325e+01    3.84757e+01    3.84201e+01    3.83732e+01    3.83215e+01    3.82760e+01    3.82303e+01    3.81810e+01    3.81348e+01    3.81015e+01    3.80463e+01    3.80188e+01    3.79869e+01    3.76775e+01    3.74887e+01    3.73083e+01    3.71517e+01    3.69565e+01    3.68352e+01    3.66242e+01    3.65528e+01    
1.05760e+03    3.88169e+01    3.88767e+01    3.89002e+01    3.88175e+01    3.87464e+01    3.86837e+01    3.86134e+01    3.85568e+01    3.85025e+01    3.84468e+01    3.83986e+01    3.83460e+01    3.83005e+01    3.82560e+01    3.82091e+01    3.81651e+01    3.81337e+01    3.80808e+01    3.80551e+01    3.80247e+01    3.77227e+01    3.75409e+01    3.73658e+01    3.72116e+01    3.70102e+01    3.68741e+01    3.66503e+01    3.65789e+01    
1.05780e+03    3.88167e+01    3.88762e+01    3.88938e+01    3.88144e+01    3.87453e+01    3.86788e+01    3.86048e+01    3.85451e+01    3.84901e+01    3.84377e+01    3.83943e+01    3.83458e+01    3.83032e+01    3.82593e+01    3.82118e+01    3.81674e+01    3.81356e+01    3.80828e+01    3.80571e+01    3.80276e+01    3.77510e+01    3.75758e+01    3.74010e+01    3.72480e+01    3.70547e+01    3.69334e+01    3.67121e+01    3.66219e+01    
1.05800e+03    3.88167e+01    3.88751e+01    3.88896e+01    3.88109e+01    3.87387e+01    3.86727e+01    3.85951e+01    3.85379e+01    3.84862e+01    3.84383e+01    3.83993e+01    3.83551e+01    3.83165e+01    3.82767e+01    3.82333e+01    3.81928e+01    3.81644e+01    3.81151e+01    3.80920e+01    3.80644e+01    3.77810e+01    3.76034e+01    3.74288e+01    3.72772e+01    3.70933e+01    3.69886e+01    3.67749e+01    3.66734e+01    
1.05820e+03    3.88202e+01    3.88782e+01    3.88923e+01    3.88152e+01    3.87454e+01    3.86809e+01    3.86065e+01    3.85596e+01    3.85133e+01    3.84624e+01    3.84168e+01    3.83673e+01    3.83259e+01    3.82866e+01    3.82464e+01    3.82088e+01    3.81829e+01    3.81362e+01    3.81150e+01    3.80890e+01    3.78056e+01    3.76331e+01    3.74636e+01    3.73141e+01    3.71235e+01    3.70038e+01    3.67785e+01    3.66780e+01    
1.05840e+03    3.88190e+01    3.88794e+01    3.88881e+01    3.88066e+01    3.87364e+01    3.86729e+01    3.85945e+01    3.85436e+01    3.84955e+01    3.84459e+01    3.84031e+01    3.83559e+01    3.83160e+01    3.82769e+01    3.82360e+01    3.81978e+01    3.81715e+01    3.81245e+01    3.81030e+01    3.80771e+01    3.78029e+01    3.76266e+01    3.74509e+01    3.72970e+01    3.71029e+01    3.69812e+01    3.67565e+01    3.66605e+01    
1.05860e+03    3.88177e+01    3.88775e+01    3.88851e+01    3.88057e+01    3.87366e+01    3.86728e+01    3.85947e+01    3.85460e+01    3.84997e+01    3.84513e+01    3.84094e+01    3.83632e+01    3.83246e+01    3.82875e+01    3.82491e+01    3.82131e+01    3.81886e+01    3.81435e+01    3.81233e+01    3.80984e+01    3.78199e+01    3.76390e+01    3.74602e+01    3.73040e+01    3.71081e+01    3.69857e+01    3.67595e+01    3.66618e+01    
1.05880e+03    3.88197e+01    3.88805e+01    3.88914e+01    3.88116e+01    3.87406e+01    3.86756e+01    3.85974e+01    3.85489e+01    3.85030e+01    3.84551e+01    3.84137e+01    3.83682e+01    3.83302e+01    3.82936e+01    3.82559e+01    3.82205e+01    3.81966e+01    3.81519e+01    3.81322e+01    3.81076e+01    3.78298e+01    3.76503e+01    3.74730e+01    3.73186e+01    3.71286e+01    3.70155e+01    3.67936e+01    3.66889e+01    
1.05900e+03    3.88174e+01    3.88799e+01    3.88918e+01    3.88078e+01    3.87345e+01    3.86690e+01    3.85914e+01    3.85387e+01    3.84897e+01    3.84412e+01    3.84003e+01    3.83547e+01    3.83160e+01    3.82775e+01    3.82368e+01    3.81990e+01    3.81729e+01    3.81263e+01    3.81053e+01    3.80800e+01    3.78166e+01    3.76424e+01    3.74664e+01    3.73121e+01    3.71169e+01    3.69936e+01    3.67657e+01    3.66662e+01    
1.05920e+03    3.88205e+01    3.88793e+01    3.88973e+01    3.88176e+01    3.87456e+01    3.86815e+01    3.86120e+01    3.85588e+01    3.85071e+01    3.84534e+01    3.84074e+01    3.83580e+01    3.83175e+01    3.82805e+01    3.82438e+01    3.82095e+01    3.81864e+01    3.81429e+01    3.81239e+01    3.81002e+01    3.78309e+01    3.76518e+01    3.74728e+01    3.73168e+01    3.71229e+01    3.70042e+01    3.67780e+01    3.66745e+01    
1.05940e+03    3.88202e+01    3.88789e+01    3.88988e+01    3.88155e+01    3.87423e+01    3.86780e+01    3.86094e+01    3.85564e+01    3.85042e+01    3.84484e+01    3.83996e+01    3.83476e+01    3.83044e+01    3.82648e+01    3.82253e+01    3.81886e+01    3.81636e+01    3.81180e+01    3.80977e+01    3.80730e+01    3.78109e+01    3.76345e+01    3.74562e+01    3.73017e+01    3.71152e+01    3.70085e+01    3.67896e+01    3.66812e+01    
1.05960e+03    3.88269e+01    3.88869e+01    3.89048e+01    3.88213e+01    3.87498e+01    3.86855e+01    3.86121e+01    3.85589e+01    3.85070e+01    3.84522e+01    3.84049e+01    3.83545e+01    3.83135e+01    3.82766e+01    3.82406e+01    3.82069e+01    3.81844e+01    3.81414e+01    3.81228e+01    3.80994e+01    3.78306e+01    3.76424e+01    3.74543e+01    3.72932e+01    3.71071e+01    3.70079e+01    3.67940e+01    3.66836e+01    
1.05980e+03    3.88287e+01    3.88868e+01    3.88998e+01    3.88210e+01    3.87518e+01    3.86867e+01    3.86127e+01    3.85584e+01    3.85072e+01    3.84560e+01    3.84130e+01    3.83661e+01    3.83272e+01    3.82903e+01    3.82528e+01    3.82178e+01    3.81941e+01    3.81502e+01    3.81310e+01    3.81076e+01    3.78507e+01    3.76565e+01    3.74583e+01    3.72895e+01    3.70972e+01    3.69950e+01    3.67808e+01    3.66742e+01    
1.06000e+03    3.88238e+01    3.88806e+01    3.88879e+01    3.88085e+01    3.87428e+01    3.86776e+01    3.86030e+01    3.85461e+01    3.84935e+01    3.84431e+01    3.84012e+01    3.83543e+01    3.83136e+01    3.82726e+01    3.82284e+01    3.81870e+01    3.81579e+01    3.81075e+01    3.80835e+01    3.80549e+01    3.77574e+01    3.75760e+01    3.74008e+01    3.72484e+01    3.70618e+01    3.69526e+01    3.67351e+01    3.66339e+01    
