                                             LOG (LUMINOSITY)
               |-------------------------------------------------------------------------------------------------------------------------------------------------------------------------------------------------------------------------------------------------------------------------------------------------------------------------------------------------------------------------------------------------------------------------------|
WAVELENGTH [A]    1 Myr          2 Myr          3 Myr          4 Myr          5 Myr          6 Myr          7 Myr          8 Myr          9 Myr          10 Myr         11 Myr         12 Myr         13 Myr        14 Myr         15 Myr         16 Myr          17 Myr        18 Myr         19 Myr         20 Myr          30Myr          40Myr          50Myr           60Myr         70Myr           80Myr         90Myr           100Myr
1.01600e+03    3.88215e+01    3.91267e+01    3.93231e+01    3.94477e+01    3.95311e+01    3.95938e+01    3.96402e+01    3.96768e+01    3.97067e+01    3.97321e+01    3.97536e+01    3.97720e+01    3.97884e+01    3.98027e+01    3.98156e+01    3.98269e+01    3.98374e+01    3.98469e+01    3.98556e+01    3.98637e+01    3.99173e+01    3.99461e+01    3.99640e+01    3.99757e+01    3.99837e+01    3.99891e+01    3.99926e+01    3.99950e+01    
1.01620e+03    3.88240e+01    3.91295e+01    3.93250e+01    3.94490e+01    3.95321e+01    3.95945e+01    3.96409e+01    3.96773e+01    3.97071e+01    3.97324e+01    3.97539e+01    3.97722e+01    3.97885e+01    3.98027e+01    3.98156e+01    3.98269e+01    3.98373e+01    3.98467e+01    3.98554e+01    3.98634e+01    3.99166e+01    3.99447e+01    3.99616e+01    3.99725e+01    3.99800e+01    3.99851e+01    3.99885e+01    3.99909e+01    
1.01640e+03    3.88252e+01    3.91302e+01    3.93253e+01    3.94490e+01    3.95320e+01    3.95944e+01    3.96407e+01    3.96771e+01    3.97069e+01    3.97321e+01    3.97535e+01    3.97718e+01    3.97881e+01    3.98023e+01    3.98151e+01    3.98264e+01    3.98368e+01    3.98462e+01    3.98547e+01    3.98628e+01    3.99153e+01    3.99429e+01    3.99594e+01    3.99700e+01    3.99772e+01    3.99823e+01    3.99857e+01    3.99881e+01    
1.01660e+03    3.88286e+01    3.91336e+01    3.93287e+01    3.94518e+01    3.95343e+01    3.95965e+01    3.96426e+01    3.96788e+01    3.97086e+01    3.97337e+01    3.97551e+01    3.97733e+01    3.97896e+01    3.98038e+01    3.98165e+01    3.98278e+01    3.98382e+01    3.98476e+01    3.98561e+01    3.98641e+01    3.99164e+01    3.99442e+01    3.99616e+01    3.99732e+01    3.99812e+01    3.99866e+01    3.99900e+01    3.99924e+01    
1.01680e+03    3.88291e+01    3.91345e+01    3.93295e+01    3.94522e+01    3.95344e+01    3.95964e+01    3.96423e+01    3.96784e+01    3.97080e+01    3.97331e+01    3.97544e+01    3.97725e+01    3.97887e+01    3.98028e+01    3.98155e+01    3.98266e+01    3.98369e+01    3.98462e+01    3.98547e+01    3.98626e+01    3.99135e+01    3.99398e+01    3.99562e+01    3.99671e+01    3.99746e+01    3.99799e+01    3.99833e+01    3.99858e+01    
1.01700e+03    3.88267e+01    3.91333e+01    3.93277e+01    3.94504e+01    3.95327e+01    3.95946e+01    3.96405e+01    3.96766e+01    3.97061e+01    3.97311e+01    3.97523e+01    3.97704e+01    3.97865e+01    3.98005e+01    3.98131e+01    3.98242e+01    3.98344e+01    3.98436e+01    3.98520e+01    3.98598e+01    3.99091e+01    3.99336e+01    3.99485e+01    3.99582e+01    3.99649e+01    3.99698e+01    3.99732e+01    3.99757e+01    
1.01720e+03    3.88250e+01    3.91326e+01    3.93265e+01    3.94493e+01    3.95316e+01    3.95935e+01    3.96394e+01    3.96754e+01    3.97050e+01    3.97300e+01    3.97512e+01    3.97692e+01    3.97852e+01    3.97992e+01    3.98118e+01    3.98228e+01    3.98330e+01    3.98421e+01    3.98505e+01    3.98582e+01    3.99067e+01    3.99303e+01    3.99443e+01    3.99533e+01    3.99595e+01    3.99642e+01    3.99676e+01    3.99702e+01    
1.01740e+03    3.88246e+01    3.91318e+01    3.93252e+01    3.94482e+01    3.95307e+01    3.95927e+01    3.96386e+01    3.96748e+01    3.97044e+01    3.97294e+01    3.97506e+01    3.97687e+01    3.97848e+01    3.97987e+01    3.98113e+01    3.98224e+01    3.98326e+01    3.98417e+01    3.98500e+01    3.98578e+01    3.99063e+01    3.99299e+01    3.99440e+01    3.99532e+01    3.99595e+01    3.99643e+01    3.99677e+01    3.99702e+01    
1.01760e+03    3.88233e+01    3.91296e+01    3.93225e+01    3.94453e+01    3.95279e+01    3.95899e+01    3.96357e+01    3.96716e+01    3.97009e+01    3.97254e+01    3.97461e+01    3.97636e+01    3.97791e+01    3.97926e+01    3.98049e+01    3.98158e+01    3.98260e+01    3.98352e+01    3.98437e+01    3.98516e+01    3.99024e+01    3.99280e+01    3.99434e+01    3.99535e+01    3.99605e+01    3.99655e+01    3.99690e+01    3.99715e+01    
1.01780e+03    3.88256e+01    3.91312e+01    3.93239e+01    3.94477e+01    3.95309e+01    3.95934e+01    3.96397e+01    3.96762e+01    3.97061e+01    3.97314e+01    3.97530e+01    3.97714e+01    3.97878e+01    3.98021e+01    3.98149e+01    3.98262e+01    3.98366e+01    3.98458e+01    3.98543e+01    3.98622e+01    3.99129e+01    3.99389e+01    3.99546e+01    3.99648e+01    3.99719e+01    3.99769e+01    3.99803e+01    3.99828e+01    
1.01800e+03    3.88050e+01    3.91109e+01    3.93044e+01    3.94273e+01    3.95086e+01    3.95678e+01    3.96110e+01    3.96448e+01    3.96727e+01    3.96968e+01    3.97181e+01    3.97369e+01    3.97539e+01    3.97691e+01    3.97828e+01    3.97948e+01    3.98060e+01    3.98160e+01    3.98252e+01    3.98338e+01    3.98891e+01    3.99172e+01    3.99337e+01    3.99441e+01    3.99512e+01    3.99563e+01    3.99598e+01    3.99623e+01    
1.01820e+03    3.87935e+01    3.90990e+01    3.92922e+01    3.94124e+01    3.94937e+01    3.95540e+01    3.95989e+01    3.96342e+01    3.96631e+01    3.96878e+01    3.97095e+01    3.97285e+01    3.97456e+01    3.97605e+01    3.97736e+01    3.97849e+01    3.97952e+01    3.98043e+01    3.98125e+01    3.98201e+01    3.98723e+01    3.99017e+01    3.99187e+01    3.99293e+01    3.99363e+01    3.99411e+01    3.99443e+01    3.99468e+01    
1.01840e+03    3.88176e+01    3.91236e+01    3.93190e+01    3.94432e+01    3.95265e+01    3.95892e+01    3.96354e+01    3.96716e+01    3.97014e+01    3.97268e+01    3.97488e+01    3.97678e+01    3.97847e+01    3.97995e+01    3.98128e+01    3.98243e+01    3.98349e+01    3.98444e+01    3.98530e+01    3.98610e+01    3.99135e+01    3.99410e+01    3.99569e+01    3.99669e+01    3.99737e+01    3.99785e+01    3.99818e+01    3.99843e+01    
1.01860e+03    3.88383e+01    3.91452e+01    3.93413e+01    3.94673e+01    3.95513e+01    3.96148e+01    3.96616e+01    3.96982e+01    3.97283e+01    3.97537e+01    3.97751e+01    3.97934e+01    3.98097e+01    3.98239e+01    3.98369e+01    3.98484e+01    3.98590e+01    3.98687e+01    3.98776e+01    3.98859e+01    3.99397e+01    3.99669e+01    3.99827e+01    3.99926e+01    3.99993e+01    4.00040e+01    4.00072e+01    4.00095e+01    
1.01880e+03    3.88486e+01    3.91569e+01    3.93529e+01    3.94771e+01    3.95604e+01    3.96231e+01    3.96695e+01    3.97061e+01    3.97361e+01    3.97615e+01    3.97830e+01    3.98013e+01    3.98175e+01    3.98317e+01    3.98446e+01    3.98561e+01    3.98667e+01    3.98764e+01    3.98852e+01    3.98935e+01    3.99467e+01    3.99734e+01    3.99890e+01    3.99988e+01    4.00054e+01    4.00100e+01    4.00131e+01    4.00153e+01    
1.01900e+03    3.88434e+01    3.91523e+01    3.93471e+01    3.94709e+01    3.95534e+01    3.96152e+01    3.96610e+01    3.96969e+01    3.97262e+01    3.97511e+01    3.97726e+01    3.97911e+01    3.98077e+01    3.98223e+01    3.98354e+01    3.98470e+01    3.98577e+01    3.98674e+01    3.98762e+01    3.98844e+01    3.99367e+01    3.99624e+01    3.99772e+01    3.99864e+01    3.99927e+01    3.99973e+01    4.00006e+01    4.00029e+01    
1.01920e+03    3.88156e+01    3.91251e+01    3.93158e+01    3.94343e+01    3.95133e+01    3.95732e+01    3.96176e+01    3.96516e+01    3.96786e+01    3.97015e+01    3.97218e+01    3.97398e+01    3.97561e+01    3.97706e+01    3.97837e+01    3.97953e+01    3.98059e+01    3.98155e+01    3.98243e+01    3.98325e+01    3.98850e+01    3.99110e+01    3.99257e+01    3.99346e+01    3.99407e+01    3.99451e+01    3.99483e+01    3.99505e+01    
1.01940e+03    3.88077e+01    3.91182e+01    3.93096e+01    3.94265e+01    3.95043e+01    3.95621e+01    3.96050e+01    3.96382e+01    3.96649e+01    3.96874e+01    3.97072e+01    3.97244e+01    3.97400e+01    3.97536e+01    3.97658e+01    3.97765e+01    3.97863e+01    3.97950e+01    3.98029e+01    3.98103e+01    3.98578e+01    3.98815e+01    3.98943e+01    3.99018e+01    3.99068e+01    3.99105e+01    3.99134e+01    3.99156e+01    
1.01960e+03    3.88146e+01    3.91252e+01    3.93196e+01    3.94390e+01    3.95175e+01    3.95752e+01    3.96174e+01    3.96503e+01    3.96773e+01    3.97004e+01    3.97205e+01    3.97378e+01    3.97533e+01    3.97667e+01    3.97786e+01    3.97886e+01    3.97977e+01    3.98057e+01    3.98128e+01    3.98194e+01    3.98625e+01    3.98854e+01    3.98980e+01    3.99057e+01    3.99109e+01    3.99146e+01    3.99175e+01    3.99196e+01    
1.01980e+03    3.88113e+01    3.91218e+01    3.93172e+01    3.94366e+01    3.95149e+01    3.95723e+01    3.96140e+01    3.96464e+01    3.96728e+01    3.96954e+01    3.97152e+01    3.97324e+01    3.97479e+01    3.97613e+01    3.97731e+01    3.97831e+01    3.97922e+01    3.98001e+01    3.98072e+01    3.98138e+01    3.98570e+01    3.98801e+01    3.98927e+01    3.99003e+01    3.99054e+01    3.99093e+01    3.99123e+01    3.99145e+01    
1.02000e+03    3.88139e+01    3.91239e+01    3.93201e+01    3.94425e+01    3.95225e+01    3.95817e+01    3.96254e+01    3.96598e+01    3.96882e+01    3.97121e+01    3.97324e+01    3.97496e+01    3.97648e+01    3.97778e+01    3.97894e+01    3.97994e+01    3.98084e+01    3.98165e+01    3.98237e+01    3.98304e+01    3.98742e+01    3.98969e+01    3.99093e+01    3.99168e+01    3.99217e+01    3.99255e+01    3.99283e+01    3.99303e+01    
1.02020e+03    3.87992e+01    3.91078e+01    3.93013e+01    3.94247e+01    3.95070e+01    3.95679e+01    3.96131e+01    3.96489e+01    3.96783e+01    3.97030e+01    3.97238e+01    3.97413e+01    3.97567e+01    3.97700e+01    3.97819e+01    3.97923e+01    3.98017e+01    3.98101e+01    3.98177e+01    3.98249e+01    3.98707e+01    3.98937e+01    3.99061e+01    3.99134e+01    3.99182e+01    3.99220e+01    3.99248e+01    3.99270e+01    
1.02040e+03    3.87482e+01    3.90556e+01    3.92416e+01    3.93565e+01    3.94317e+01    3.94905e+01    3.95359e+01    3.95726e+01    3.96028e+01    3.96281e+01    3.96493e+01    3.96671e+01    3.96827e+01    3.96963e+01    3.97086e+01    3.97194e+01    3.97294e+01    3.97384e+01    3.97467e+01    3.97544e+01    3.98050e+01    3.98303e+01    3.98432e+01    3.98507e+01    3.98556e+01    3.98597e+01    3.98628e+01    3.98653e+01    
1.02060e+03    3.87058e+01    3.90122e+01    3.91909e+01    3.92992e+01    3.93752e+01    3.94346e+01    3.94799e+01    3.95155e+01    3.95443e+01    3.95685e+01    3.95891e+01    3.96069e+01    3.96228e+01    3.96368e+01    3.96495e+01    3.96609e+01    3.96715e+01    3.96811e+01    3.96899e+01    3.96982e+01    3.97524e+01    3.97789e+01    3.97917e+01    3.97986e+01    3.98030e+01    3.98066e+01    3.98095e+01    3.98118e+01    
1.02080e+03    3.87229e+01    3.90315e+01    3.92197e+01    3.93374e+01    3.94145e+01    3.94717e+01    3.95145e+01    3.95484e+01    3.95761e+01    3.95995e+01    3.96193e+01    3.96361e+01    3.96510e+01    3.96640e+01    3.96756e+01    3.96858e+01    3.96952e+01    3.97037e+01    3.97114e+01    3.97186e+01    3.97665e+01    3.97909e+01    3.98029e+01    3.98094e+01    3.98135e+01    3.98167e+01    3.98193e+01    3.98213e+01    
1.02100e+03    3.87184e+01    3.90284e+01    3.92169e+01    3.93310e+01    3.94060e+01    3.94621e+01    3.95037e+01    3.95367e+01    3.95637e+01    3.95864e+01    3.96054e+01    3.96215e+01    3.96356e+01    3.96477e+01    3.96586e+01    3.96681e+01    3.96767e+01    3.96845e+01    3.96916e+01    3.96982e+01    3.97430e+01    3.97670e+01    3.97792e+01    3.97861e+01    3.97906e+01    3.97943e+01    3.97973e+01    3.97996e+01    
1.02120e+03    3.87110e+01    3.90237e+01    3.92125e+01    3.93243e+01    3.93983e+01    3.94529e+01    3.94941e+01    3.95272e+01    3.95542e+01    3.95768e+01    3.95956e+01    3.96113e+01    3.96251e+01    3.96369e+01    3.96475e+01    3.96568e+01    3.96653e+01    3.96730e+01    3.96800e+01    3.96866e+01    3.97308e+01    3.97539e+01    3.97653e+01    3.97716e+01    3.97755e+01    3.97787e+01    3.97812e+01    3.97833e+01    
1.02140e+03    3.87146e+01    3.90281e+01    3.92177e+01    3.93340e+01    3.94102e+01    3.94666e+01    3.95087e+01    3.95417e+01    3.95683e+01    3.95906e+01    3.96098e+01    3.96263e+01    3.96410e+01    3.96538e+01    3.96651e+01    3.96748e+01    3.96837e+01    3.96915e+01    3.96986e+01    3.97052e+01    3.97491e+01    3.97722e+01    3.97839e+01    3.97905e+01    3.97948e+01    3.97983e+01    3.98010e+01    3.98030e+01    
1.02160e+03    3.87360e+01    3.90493e+01    3.92420e+01    3.93634e+01    3.94443e+01    3.95045e+01    3.95496e+01    3.95849e+01    3.96133e+01    3.96374e+01    3.96584e+01    3.96765e+01    3.96928e+01    3.97068e+01    3.97190e+01    3.97294e+01    3.97388e+01    3.97469e+01    3.97542e+01    3.97609e+01    3.98035e+01    3.98249e+01    3.98361e+01    3.98425e+01    3.98467e+01    3.98500e+01    3.98525e+01    3.98543e+01    
1.02180e+03    3.87534e+01    3.90670e+01    3.92634e+01    3.93894e+01    3.94728e+01    3.95355e+01    3.95825e+01    3.96192e+01    3.96487e+01    3.96735e+01    3.96948e+01    3.97130e+01    3.97292e+01    3.97430e+01    3.97551e+01    3.97654e+01    3.97747e+01    3.97828e+01    3.97900e+01    3.97966e+01    3.98380e+01    3.98582e+01    3.98686e+01    3.98746e+01    3.98785e+01    3.98814e+01    3.98837e+01    3.98853e+01    
1.02200e+03    3.87485e+01    3.90625e+01    3.92607e+01    3.93869e+01    3.94707e+01    3.95335e+01    3.95807e+01    3.96175e+01    3.96469e+01    3.96715e+01    3.96925e+01    3.97106e+01    3.97266e+01    3.97403e+01    3.97524e+01    3.97627e+01    3.97720e+01    3.97801e+01    3.97873e+01    3.97939e+01    3.98347e+01    3.98538e+01    3.98633e+01    3.98685e+01    3.98717e+01    3.98744e+01    3.98765e+01    3.98782e+01    
1.02220e+03    3.87371e+01    3.90508e+01    3.92491e+01    3.93750e+01    3.94593e+01    3.95231e+01    3.95717e+01    3.96101e+01    3.96410e+01    3.96668e+01    3.96886e+01    3.97070e+01    3.97231e+01    3.97370e+01    3.97491e+01    3.97595e+01    3.97687e+01    3.97769e+01    3.97841e+01    3.97908e+01    3.98308e+01    3.98486e+01    3.98571e+01    3.98615e+01    3.98643e+01    3.98668e+01    3.98690e+01    3.98707e+01    
1.02240e+03    3.87126e+01    3.90261e+01    3.92236e+01    3.93468e+01    3.94300e+01    3.94938e+01    3.95424e+01    3.95807e+01    3.96116e+01    3.96373e+01    3.96592e+01    3.96776e+01    3.96938e+01    3.97077e+01    3.97197e+01    3.97300e+01    3.97392e+01    3.97472e+01    3.97543e+01    3.97609e+01    3.98010e+01    3.98198e+01    3.98288e+01    3.98336e+01    3.98366e+01    3.98393e+01    3.98415e+01    3.98432e+01    
1.02260e+03    3.86874e+01    3.90010e+01    3.91972e+01    3.93191e+01    3.94016e+01    3.94652e+01    3.95137e+01    3.95517e+01    3.95823e+01    3.96078e+01    3.96296e+01    3.96480e+01    3.96644e+01    3.96783e+01    3.96904e+01    3.97006e+01    3.97097e+01    3.97176e+01    3.97246e+01    3.97309e+01    3.97710e+01    3.97905e+01    3.98000e+01    3.98050e+01    3.98081e+01    3.98105e+01    3.98124e+01    3.98139e+01    
1.02280e+03    3.86692e+01    3.89827e+01    3.91783e+01    3.93020e+01    3.93856e+01    3.94498e+01    3.94992e+01    3.95381e+01    3.95692e+01    3.95951e+01    3.96172e+01    3.96361e+01    3.96527e+01    3.96668e+01    3.96791e+01    3.96894e+01    3.96985e+01    3.97064e+01    3.97133e+01    3.97197e+01    3.97593e+01    3.97791e+01    3.97891e+01    3.97948e+01    3.97984e+01    3.98011e+01    3.98032e+01    3.98049e+01    
1.02300e+03    3.86628e+01    3.89765e+01    3.91713e+01    3.92975e+01    3.93833e+01    3.94494e+01    3.95006e+01    3.95411e+01    3.95733e+01    3.96000e+01    3.96226e+01    3.96417e+01    3.96584e+01    3.96726e+01    3.96849e+01    3.96953e+01    3.97045e+01    3.97125e+01    3.97196e+01    3.97260e+01    3.97658e+01    3.97853e+01    3.97955e+01    3.98015e+01    3.98054e+01    3.98084e+01    3.98106e+01    3.98123e+01    
1.02320e+03    3.86499e+01    3.89654e+01    3.91584e+01    3.92818e+01    3.93672e+01    3.94330e+01    3.94847e+01    3.95254e+01    3.95573e+01    3.95835e+01    3.96058e+01    3.96246e+01    3.96411e+01    3.96550e+01    3.96671e+01    3.96772e+01    3.96862e+01    3.96939e+01    3.97007e+01    3.97069e+01    3.97454e+01    3.97643e+01    3.97734e+01    3.97784e+01    3.97816e+01    3.97842e+01    3.97864e+01    3.97882e+01    
1.02340e+03    3.86381e+01    3.89554e+01    3.91464e+01    3.92682e+01    3.93543e+01    3.94207e+01    3.94730e+01    3.95140e+01    3.95459e+01    3.95720e+01    3.95941e+01    3.96126e+01    3.96288e+01    3.96425e+01    3.96542e+01    3.96640e+01    3.96726e+01    3.96800e+01    3.96865e+01    3.96923e+01    3.97295e+01    3.97482e+01    3.97571e+01    3.97616e+01    3.97645e+01    3.97670e+01    3.97691e+01    3.97708e+01    
1.02360e+03    3.86201e+01    3.89391e+01    3.91291e+01    3.92474e+01    3.93325e+01    3.93983e+01    3.94505e+01    3.94913e+01    3.95228e+01    3.95485e+01    3.95703e+01    3.95887e+01    3.96049e+01    3.96186e+01    3.96303e+01    3.96400e+01    3.96484e+01    3.96557e+01    3.96620e+01    3.96677e+01    3.97053e+01    3.97253e+01    3.97347e+01    3.97396e+01    3.97426e+01    3.97450e+01    3.97471e+01    3.97488e+01    
1.02380e+03    3.85794e+01    3.88989e+01    3.90827e+01    3.91942e+01    3.92770e+01    3.93423e+01    3.93947e+01    3.94354e+01    3.94661e+01    3.94910e+01    3.95125e+01    3.95308e+01    3.95471e+01    3.95609e+01    3.95727e+01    3.95825e+01    3.95911e+01    3.95984e+01    3.96048e+01    3.96107e+01    3.96506e+01    3.96731e+01    3.96837e+01    3.96892e+01    3.96925e+01    3.96953e+01    3.96975e+01    3.96994e+01    
1.02400e+03    3.85296e+01    3.88489e+01    3.90256e+01    3.91273e+01    3.92053e+01    3.92699e+01    3.93225e+01    3.93630e+01    3.93931e+01    3.94174e+01    3.94384e+01    3.94565e+01    3.94727e+01    3.94864e+01    3.94984e+01    3.95083e+01    3.95172e+01    3.95249e+01    3.95316e+01    3.95378e+01    3.95819e+01    3.96071e+01    3.96189e+01    3.96248e+01    3.96283e+01    3.96310e+01    3.96333e+01    3.96351e+01    
1.02420e+03    3.84727e+01    3.87891e+01    3.89588e+01    3.90526e+01    3.91256e+01    3.91905e+01    3.92444e+01    3.92850e+01    3.93147e+01    3.93384e+01    3.93593e+01    3.93776e+01    3.93941e+01    3.94083e+01    3.94208e+01    3.94314e+01    3.94408e+01    3.94491e+01    3.94565e+01    3.94633e+01    3.95127e+01    3.95406e+01    3.95523e+01    3.95574e+01    3.95600e+01    3.95620e+01    3.95638e+01    3.95654e+01    
1.02440e+03    3.84372e+01    3.87484e+01    3.89139e+01    3.90093e+01    3.90830e+01    3.91500e+01    3.92068e+01    3.92503e+01    3.92822e+01    3.93076e+01    3.93294e+01    3.93481e+01    3.93648e+01    3.93792e+01    3.93918e+01    3.94025e+01    3.94122e+01    3.94207e+01    3.94283e+01    3.94354e+01    3.94883e+01    3.95196e+01    3.95344e+01    3.95419e+01    3.95465e+01    3.95503e+01    3.95534e+01    3.95558e+01    
1.02460e+03    3.84034e+01    3.87148e+01    3.88758e+01    3.89671e+01    3.90373e+01    3.91025e+01    3.91585e+01    3.92017e+01    3.92336e+01    3.92594e+01    3.92815e+01    3.93006e+01    3.93177e+01    3.93325e+01    3.93454e+01    3.93565e+01    3.93665e+01    3.93753e+01    3.93832e+01    3.93906e+01    3.94476e+01    3.94822e+01    3.94985e+01    3.95068e+01    3.95118e+01    3.95157e+01    3.95187e+01    3.95211e+01    
1.02480e+03    3.83468e+01    3.86574e+01    3.88047e+01    3.88898e+01    3.89550e+01    3.90172e+01    3.90710e+01    3.91130e+01    3.91449e+01    3.91709e+01    3.91937e+01    3.92135e+01    3.92314e+01    3.92469e+01    3.92606e+01    3.92723e+01    3.92829e+01    3.92924e+01    3.93009e+01    3.93090e+01    3.93737e+01    3.94142e+01    3.94327e+01    3.94417e+01    3.94471e+01    3.94513e+01    3.94548e+01    3.94575e+01    
1.02500e+03    3.82967e+01    3.86075e+01    3.87437e+01    3.88217e+01    3.88818e+01    3.89375e+01    3.89868e+01    3.90266e+01    3.90577e+01    3.90837e+01    3.91069e+01    3.91274e+01    3.91460e+01    3.91623e+01    3.91767e+01    3.91891e+01    3.92005e+01    3.92106e+01    3.92199e+01    3.92286e+01    3.93019e+01    3.93496e+01    3.93727e+01    3.93849e+01    3.93921e+01    3.93969e+01    3.94002e+01    3.94027e+01    
1.02520e+03    3.82458e+01    3.85526e+01    3.86801e+01    3.87523e+01    3.88088e+01    3.88607e+01    3.89063e+01    3.89442e+01    3.89752e+01    3.90019e+01    3.90255e+01    3.90463e+01    3.90650e+01    3.90814e+01    3.90959e+01    3.91085e+01    3.91200e+01    3.91304e+01    3.91399e+01    3.91489e+01    3.92289e+01    3.92814e+01    3.93045e+01    3.93155e+01    3.93219e+01    3.93272e+01    3.93317e+01    3.93353e+01    
1.02540e+03    3.82134e+01    3.85182e+01    3.86461e+01    3.87173e+01    3.87727e+01    3.88240e+01    3.88666e+01    3.89018e+01    3.89317e+01    3.89576e+01    3.89804e+01    3.90002e+01    3.90181e+01    3.90337e+01    3.90476e+01    3.90598e+01    3.90711e+01    3.90814e+01    3.90909e+01    3.91001e+01    3.91858e+01    3.92434e+01    3.92683e+01    3.92797e+01    3.92860e+01    3.92906e+01    3.92943e+01    3.92974e+01    
1.02560e+03    3.81889e+01    3.84946e+01    3.86239e+01    3.86938e+01    3.87489e+01    3.88004e+01    3.88426e+01    3.88770e+01    3.89063e+01    3.89321e+01    3.89552e+01    3.89756e+01    3.89941e+01    3.90105e+01    3.90250e+01    3.90378e+01    3.90496e+01    3.90604e+01    3.90704e+01    3.90799e+01    3.91692e+01    3.92291e+01    3.92552e+01    3.92674e+01    3.92740e+01    3.92786e+01    3.92823e+01    3.92854e+01    
1.02580e+03    3.81674e+01    3.84733e+01    3.86006e+01    3.86775e+01    3.87381e+01    3.87937e+01    3.88387e+01    3.88754e+01    3.89068e+01    3.89344e+01    3.89591e+01    3.89810e+01    3.90008e+01    3.90181e+01    3.90336e+01    3.90470e+01    3.90594e+01    3.90706e+01    3.90809e+01    3.90907e+01    3.91796e+01    3.92376e+01    3.92620e+01    3.92730e+01    3.92790e+01    3.92842e+01    3.92889e+01    3.92928e+01    
1.02600e+03    3.81792e+01    3.84887e+01    3.86277e+01    3.87130e+01    3.87821e+01    3.88445e+01    3.88929e+01    3.89301e+01    3.89607e+01    3.89876e+01    3.90122e+01    3.90343e+01    3.90546e+01    3.90724e+01    3.90879e+01    3.91012e+01    3.91132e+01    3.91239e+01    3.91336e+01    3.91427e+01    3.92232e+01    3.92758e+01    3.92981e+01    3.93082e+01    3.93137e+01    3.93180e+01    3.93218e+01    3.93250e+01    
1.02620e+03    3.82214e+01    3.85319e+01    3.86876e+01    3.87831e+01    3.88592e+01    3.89248e+01    3.89761e+01    3.90155e+01    3.90468e+01    3.90734e+01    3.90975e+01    3.91188e+01    3.91383e+01    3.91552e+01    3.91700e+01    3.91826e+01    3.91940e+01    3.92041e+01    3.92131e+01    3.92216e+01    3.92923e+01    3.93371e+01    3.93566e+01    3.93656e+01    3.93703e+01    3.93734e+01    3.93758e+01    3.93779e+01    
1.02640e+03    3.82554e+01    3.85667e+01    3.87364e+01    3.88400e+01    3.89193e+01    3.89832e+01    3.90338e+01    3.90726e+01    3.91024e+01    3.91276e+01    3.91506e+01    3.91713e+01    3.91902e+01    3.92068e+01    3.92211e+01    3.92332e+01    3.92440e+01    3.92535e+01    3.92620e+01    3.92699e+01    3.93341e+01    3.93751e+01    3.93938e+01    3.94030e+01    3.94083e+01    3.94122e+01    3.94152e+01    3.94177e+01    
1.02660e+03    3.83041e+01    3.86177e+01    3.88040e+01    3.89168e+01    3.89991e+01    3.90616e+01    3.91104e+01    3.91478e+01    3.91766e+01    3.92009e+01    3.92230e+01    3.92430e+01    3.92612e+01    3.92770e+01    3.92906e+01    3.93019e+01    3.93120e+01    3.93207e+01    3.93285e+01    3.93356e+01    3.93934e+01    3.94304e+01    3.94470e+01    3.94549e+01    3.94594e+01    3.94628e+01    3.94656e+01    3.94680e+01    
1.02680e+03    3.83434e+01    3.86589e+01    3.88564e+01    3.89733e+01    3.90565e+01    3.91170e+01    3.91657e+01    3.92040e+01    3.92335e+01    3.92583e+01    3.92809e+01    3.93011e+01    3.93195e+01    3.93354e+01    3.93490e+01    3.93603e+01    3.93702e+01    3.93787e+01    3.93862e+01    3.93931e+01    3.94462e+01    3.94791e+01    3.94936e+01    3.95003e+01    3.95041e+01    3.95071e+01    3.95096e+01    3.95117e+01    
1.02700e+03    3.83743e+01    3.86895e+01    3.88930e+01    3.90149e+01    3.91016e+01    3.91654e+01    3.92161e+01    3.92562e+01    3.92873e+01    3.93135e+01    3.93368e+01    3.93575e+01    3.93761e+01    3.93920e+01    3.94057e+01    3.94170e+01    3.94270e+01    3.94356e+01    3.94431e+01    3.94499e+01    3.94993e+01    3.95280e+01    3.95409e+01    3.95470e+01    3.95502e+01    3.95526e+01    3.95545e+01    3.95562e+01    
1.02720e+03    3.84020e+01    3.87186e+01    3.89266e+01    3.90513e+01    3.91379e+01    3.92013e+01    3.92525e+01    3.92935e+01    3.93256e+01    3.93524e+01    3.93760e+01    3.93966e+01    3.94149e+01    3.94305e+01    3.94438e+01    3.94547e+01    3.94641e+01    3.94722e+01    3.94792e+01    3.94855e+01    3.95309e+01    3.95577e+01    3.95699e+01    3.95757e+01    3.95789e+01    3.95812e+01    3.95831e+01    3.95849e+01    
1.02740e+03    3.84257e+01    3.87431e+01    3.89534e+01    3.90804e+01    3.91668e+01    3.92308e+01    3.92830e+01    3.93255e+01    3.93592e+01    3.93874e+01    3.94119e+01    3.94328e+01    3.94513e+01    3.94668e+01    3.94800e+01    3.94908e+01    3.95002e+01    3.95082e+01    3.95151e+01    3.95213e+01    3.95650e+01    3.95906e+01    3.96025e+01    3.96085e+01    3.96121e+01    3.96149e+01    3.96172e+01    3.96191e+01    
1.02760e+03    3.84353e+01    3.87520e+01    3.89603e+01    3.90892e+01    3.91770e+01    3.92435e+01    3.92976e+01    3.93415e+01    3.93766e+01    3.94062e+01    3.94318e+01    3.94537e+01    3.94732e+01    3.94897e+01    3.95038e+01    3.95154e+01    3.95257e+01    3.95344e+01    3.95421e+01    3.95490e+01    3.95947e+01    3.96188e+01    3.96295e+01    3.96347e+01    3.96377e+01    3.96403e+01    3.96425e+01    3.96444e+01    
1.02780e+03    3.84244e+01    3.87425e+01    3.89475e+01    3.90711e+01    3.91549e+01    3.92215e+01    3.92765e+01    3.93210e+01    3.93567e+01    3.93869e+01    3.94132e+01    3.94359e+01    3.94560e+01    3.94731e+01    3.94877e+01    3.94998e+01    3.95104e+01    3.95194e+01    3.95273e+01    3.95344e+01    3.95818e+01    3.96069e+01    3.96180e+01    3.96233e+01    3.96262e+01    3.96284e+01    3.96303e+01    3.96320e+01    
1.02800e+03    3.84067e+01    3.87264e+01    3.89282e+01    3.90466e+01    3.91270e+01    3.91915e+01    3.92458e+01    3.92900e+01    3.93250e+01    3.93547e+01    3.93810e+01    3.94038e+01    3.94242e+01    3.94416e+01    3.94563e+01    3.94683e+01    3.94788e+01    3.94877e+01    3.94954e+01    3.95024e+01    3.95502e+01    3.95769e+01    3.95886e+01    3.95941e+01    3.95971e+01    3.95994e+01    3.96016e+01    3.96035e+01    
1.02820e+03    3.84405e+01    3.87613e+01    3.89654e+01    3.90865e+01    3.91675e+01    3.92332e+01    3.92878e+01    3.93319e+01    3.93674e+01    3.93973e+01    3.94232e+01    3.94454e+01    3.94651e+01    3.94817e+01    3.94958e+01    3.95074e+01    3.95175e+01    3.95261e+01    3.95336e+01    3.95403e+01    3.95859e+01    3.96105e+01    3.96208e+01    3.96253e+01    3.96276e+01    3.96294e+01    3.96310e+01    3.96326e+01    
1.02840e+03    3.84725e+01    3.87935e+01    3.89988e+01    3.91240e+01    3.92063e+01    3.92734e+01    3.93272e+01    3.93702e+01    3.94049e+01    3.94344e+01    3.94598e+01    3.94816e+01    3.95008e+01    3.95171e+01    3.95310e+01    3.95424e+01    3.95525e+01    3.95611e+01    3.95685e+01    3.95753e+01    3.96199e+01    3.96432e+01    3.96533e+01    3.96578e+01    3.96602e+01    3.96621e+01    3.96638e+01    3.96654e+01    
1.02860e+03    3.84910e+01    3.88125e+01    3.90164e+01    3.91399e+01    3.92225e+01    3.92906e+01    3.93455e+01    3.93897e+01    3.94260e+01    3.94565e+01    3.94825e+01    3.95044e+01    3.95235e+01    3.95397e+01    3.95537e+01    3.95653e+01    3.95756e+01    3.95844e+01    3.95922e+01    3.95992e+01    3.96445e+01    3.96671e+01    3.96768e+01    3.96814e+01    3.96839e+01    3.96860e+01    3.96879e+01    3.96895e+01    
1.02880e+03    3.84987e+01    3.88212e+01    3.90215e+01    3.91389e+01    3.92209e+01    3.92904e+01    3.93467e+01    3.93917e+01    3.94279e+01    3.94586e+01    3.94849e+01    3.95076e+01    3.95277e+01    3.95449e+01    3.95599e+01    3.95725e+01    3.95839e+01    3.95938e+01    3.96025e+01    3.96105e+01    3.96601e+01    3.96832e+01    3.96935e+01    3.96985e+01    3.97014e+01    3.97035e+01    3.97054e+01    3.97069e+01    
1.02900e+03    3.85379e+01    3.88603e+01    3.90630e+01    3.91867e+01    3.92716e+01    3.93421e+01    3.93985e+01    3.94437e+01    3.94804e+01    3.95112e+01    3.95373e+01    3.95593e+01    3.95787e+01    3.95953e+01    3.96097e+01    3.96220e+01    3.96330e+01    3.96426e+01    3.96511e+01    3.96589e+01    3.97066e+01    3.97283e+01    3.97383e+01    3.97433e+01    3.97462e+01    3.97483e+01    3.97500e+01    3.97513e+01    
1.02920e+03    3.85550e+01    3.88787e+01    3.90828e+01    3.92057e+01    3.92911e+01    3.93619e+01    3.94170e+01    3.94607e+01    3.94963e+01    3.95263e+01    3.95516e+01    3.95729e+01    3.95916e+01    3.96075e+01    3.96214e+01    3.96330e+01    3.96434e+01    3.96525e+01    3.96605e+01    3.96679e+01    3.97131e+01    3.97343e+01    3.97441e+01    3.97492e+01    3.97521e+01    3.97544e+01    3.97561e+01    3.97575e+01    
1.02940e+03    3.85491e+01    3.88733e+01    3.90758e+01    3.91972e+01    3.92838e+01    3.93540e+01    3.94077e+01    3.94500e+01    3.94843e+01    3.95132e+01    3.95377e+01    3.95584e+01    3.95765e+01    3.95919e+01    3.96052e+01    3.96164e+01    3.96264e+01    3.96351e+01    3.96428e+01    3.96498e+01    3.96945e+01    3.97166e+01    3.97270e+01    3.97322e+01    3.97352e+01    3.97374e+01    3.97391e+01    3.97405e+01    
1.02960e+03    3.85475e+01    3.88714e+01    3.90710e+01    3.91917e+01    3.92809e+01    3.93519e+01    3.94057e+01    3.94482e+01    3.94828e+01    3.95117e+01    3.95359e+01    3.95562e+01    3.95738e+01    3.95887e+01    3.96017e+01    3.96126e+01    3.96223e+01    3.96309e+01    3.96384e+01    3.96453e+01    3.96902e+01    3.97132e+01    3.97246e+01    3.97307e+01    3.97343e+01    3.97368e+01    3.97385e+01    3.97399e+01    
1.02980e+03    3.85376e+01    3.88604e+01    3.90593e+01    3.91791e+01    3.92689e+01    3.93400e+01    3.93935e+01    3.94356e+01    3.94698e+01    3.94985e+01    3.95226e+01    3.95427e+01    3.95603e+01    3.95752e+01    3.95883e+01    3.95994e+01    3.96095e+01    3.96183e+01    3.96262e+01    3.96334e+01    3.96809e+01    3.97052e+01    3.97171e+01    3.97236e+01    3.97275e+01    3.97303e+01    3.97323e+01    3.97339e+01    
1.03000e+03    3.85359e+01    3.88573e+01    3.90558e+01    3.91745e+01    3.92649e+01    3.93370e+01    3.93911e+01    3.94335e+01    3.94682e+01    3.94973e+01    3.95217e+01    3.95422e+01    3.95602e+01    3.95756e+01    3.95892e+01    3.96009e+01    3.96116e+01    3.96210e+01    3.96295e+01    3.96373e+01    3.96880e+01    3.97130e+01    3.97253e+01    3.97320e+01    3.97361e+01    3.97387e+01    3.97406e+01    3.97420e+01    
1.03020e+03    3.85305e+01    3.88505e+01    3.90477e+01    3.91641e+01    3.92540e+01    3.93272e+01    3.93823e+01    3.94252e+01    3.94601e+01    3.94891e+01    3.95136e+01    3.95341e+01    3.95520e+01    3.95675e+01    3.95811e+01    3.95928e+01    3.96035e+01    3.96129e+01    3.96214e+01    3.96293e+01    3.96801e+01    3.97052e+01    3.97176e+01    3.97244e+01    3.97285e+01    3.97314e+01    3.97335e+01    3.97351e+01    
1.03040e+03    3.85138e+01    3.88319e+01    3.90245e+01    3.91368e+01    3.92260e+01    3.92990e+01    3.93539e+01    3.93966e+01    3.94313e+01    3.94603e+01    3.94848e+01    3.95054e+01    3.95235e+01    3.95390e+01    3.95527e+01    3.95645e+01    3.95751e+01    3.95846e+01    3.95931e+01    3.96009e+01    3.96524e+01    3.96784e+01    3.96914e+01    3.96984e+01    3.97026e+01    3.97055e+01    3.97075e+01    3.97091e+01    
1.03060e+03    3.85075e+01    3.88230e+01    3.90129e+01    3.91261e+01    3.92174e+01    3.92908e+01    3.93450e+01    3.93868e+01    3.94204e+01    3.94484e+01    3.94721e+01    3.94920e+01    3.95095e+01    3.95246e+01    3.95378e+01    3.95491e+01    3.95594e+01    3.95684e+01    3.95765e+01    3.95840e+01    3.96334e+01    3.96587e+01    3.96710e+01    3.96775e+01    3.96815e+01    3.96843e+01    3.96864e+01    3.96881e+01    
1.03080e+03    3.85053e+01    3.88203e+01    3.90060e+01    3.91190e+01    3.92099e+01    3.92829e+01    3.93375e+01    3.93794e+01    3.94126e+01    3.94401e+01    3.94632e+01    3.94826e+01    3.94996e+01    3.95140e+01    3.95266e+01    3.95373e+01    3.95468e+01    3.95551e+01    3.95626e+01    3.95694e+01    3.96149e+01    3.96390e+01    3.96507e+01    3.96569e+01    3.96608e+01    3.96638e+01    3.96662e+01    3.96682e+01    
1.03100e+03    3.85205e+01    3.88384e+01    3.90257e+01    3.91357e+01    3.92201e+01    3.92874e+01    3.93398e+01    3.93811e+01    3.94138e+01    3.94409e+01    3.94637e+01    3.94829e+01    3.94998e+01    3.95141e+01    3.95267e+01    3.95373e+01    3.95469e+01    3.95553e+01    3.95628e+01    3.95697e+01    3.96149e+01    3.96382e+01    3.96498e+01    3.96562e+01    3.96602e+01    3.96631e+01    3.96653e+01    3.96670e+01    
1.03120e+03    3.85601e+01    3.88781e+01    3.90682e+01    3.91871e+01    3.92751e+01    3.93439e+01    3.93958e+01    3.94365e+01    3.94694e+01    3.94968e+01    3.95195e+01    3.95385e+01    3.95549e+01    3.95688e+01    3.95810e+01    3.95914e+01    3.96007e+01    3.96089e+01    3.96161e+01    3.96228e+01    3.96637e+01    3.96833e+01    3.96936e+01    3.96996e+01    3.97035e+01    3.97064e+01    3.97085e+01    3.97101e+01    
1.03140e+03    3.86013e+01    3.89216e+01    3.91165e+01    3.92384e+01    3.93253e+01    3.93918e+01    3.94418e+01    3.94818e+01    3.95147e+01    3.95424e+01    3.95655e+01    3.95848e+01    3.96016e+01    3.96160e+01    3.96287e+01    3.96396e+01    3.96494e+01    3.96581e+01    3.96659e+01    3.96731e+01    3.97166e+01    3.97367e+01    3.97474e+01    3.97537e+01    3.97578e+01    3.97607e+01    3.97627e+01    3.97644e+01    
1.03160e+03    3.86172e+01    3.89388e+01    3.91336e+01    3.92551e+01    3.93403e+01    3.94048e+01    3.94534e+01    3.94926e+01    3.95250e+01    3.95525e+01    3.95759e+01    3.95958e+01    3.96133e+01    3.96284e+01    3.96418e+01    3.96534e+01    3.96639e+01    3.96733e+01    3.96817e+01    3.96895e+01    3.97371e+01    3.97591e+01    3.97709e+01    3.97779e+01    3.97826e+01    3.97861e+01    3.97887e+01    3.97906e+01    
1.03180e+03    3.86291e+01    3.89505e+01    3.91488e+01    3.92722e+01    3.93560e+01    3.94181e+01    3.94644e+01    3.95015e+01    3.95322e+01    3.95585e+01    3.95812e+01    3.96007e+01    3.96181e+01    3.96332e+01    3.96466e+01    3.96581e+01    3.96686e+01    3.96779e+01    3.96863e+01    3.96940e+01    3.97416e+01    3.97642e+01    3.97767e+01    3.97842e+01    3.97893e+01    3.97931e+01    3.97959e+01    3.97979e+01    
1.03200e+03    3.86435e+01    3.89639e+01    3.91673e+01    3.92937e+01    3.93771e+01    3.94373e+01    3.94816e+01    3.95167e+01    3.95458e+01    3.95707e+01    3.95924e+01    3.96112e+01    3.96279e+01    3.96423e+01    3.96549e+01    3.96656e+01    3.96751e+01    3.96835e+01    3.96910e+01    3.96979e+01    3.97418e+01    3.97646e+01    3.97773e+01    3.97851e+01    3.97902e+01    3.97939e+01    3.97965e+01    3.97984e+01    
1.03220e+03    3.86704e+01    3.89910e+01    3.91991e+01    3.93241e+01    3.94070e+01    3.94649e+01    3.95079e+01    3.95425e+01    3.95714e+01    3.95963e+01    3.96182e+01    3.96372e+01    3.96542e+01    3.96691e+01    3.96822e+01    3.96935e+01    3.97037e+01    3.97127e+01    3.97208e+01    3.97282e+01    3.97749e+01    3.97979e+01    3.98107e+01    3.98185e+01    3.98237e+01    3.98274e+01    3.98300e+01    3.98319e+01    
1.03240e+03    3.87116e+01    3.90324e+01    3.92418e+01    3.93710e+01    3.94560e+01    3.95155e+01    3.95594e+01    3.95951e+01    3.96252e+01    3.96512e+01    3.96737e+01    3.96931e+01    3.97105e+01    3.97256e+01    3.97391e+01    3.97508e+01    3.97615e+01    3.97709e+01    3.97795e+01    3.97875e+01    3.98359e+01    3.98583e+01    3.98708e+01    3.98784e+01    3.98835e+01    3.98871e+01    3.98895e+01    3.98913e+01    
1.03260e+03    3.87203e+01    3.90419e+01    3.92501e+01    3.93776e+01    3.94611e+01    3.95201e+01    3.95640e+01    3.95995e+01    3.96293e+01    3.96551e+01    3.96776e+01    3.96971e+01    3.97145e+01    3.97297e+01    3.97433e+01    3.97550e+01    3.97657e+01    3.97753e+01    3.97839e+01    3.97918e+01    3.98408e+01    3.98640e+01    3.98771e+01    3.98852e+01    3.98905e+01    3.98942e+01    3.98967e+01    3.98985e+01    
1.03280e+03    3.86982e+01    3.90200e+01    3.92248e+01    3.93467e+01    3.94271e+01    3.94838e+01    3.95263e+01    3.95608e+01    3.95895e+01    3.96143e+01    3.96361e+01    3.96550e+01    3.96720e+01    3.96867e+01    3.96998e+01    3.97111e+01    3.97213e+01    3.97303e+01    3.97384e+01    3.97459e+01    3.97935e+01    3.98177e+01    3.98317e+01    3.98405e+01    3.98464e+01    3.98505e+01    3.98533e+01    3.98553e+01    
1.03300e+03    3.86752e+01    3.89964e+01    3.91990e+01    3.93151e+01    3.93934e+01    3.94487e+01    3.94894e+01    3.95218e+01    3.95486e+01    3.95717e+01    3.95921e+01    3.96099e+01    3.96259e+01    3.96398e+01    3.96520e+01    3.96625e+01    3.96720e+01    3.96803e+01    3.96878e+01    3.96947e+01    3.97393e+01    3.97628e+01    3.97763e+01    3.97847e+01    3.97903e+01    3.97942e+01    3.97968e+01    3.97988e+01    
1.03320e+03    3.86810e+01    3.90010e+01    3.92049e+01    3.93228e+01    3.94021e+01    3.94574e+01    3.94976e+01    3.95293e+01    3.95552e+01    3.95774e+01    3.95966e+01    3.96132e+01    3.96280e+01    3.96408e+01    3.96520e+01    3.96616e+01    3.96703e+01    3.96779e+01    3.96847e+01    3.96909e+01    3.97314e+01    3.97523e+01    3.97636e+01    3.97702e+01    3.97746e+01    3.97777e+01    3.97800e+01    3.97817e+01    
1.03340e+03    3.87012e+01    3.90206e+01    3.92240e+01    3.93438e+01    3.94247e+01    3.94819e+01    3.95237e+01    3.95566e+01    3.95832e+01    3.96056e+01    3.96246e+01    3.96407e+01    3.96549e+01    3.96671e+01    3.96778e+01    3.96869e+01    3.96952e+01    3.97024e+01    3.97089e+01    3.97149e+01    3.97535e+01    3.97734e+01    3.97840e+01    3.97903e+01    3.97944e+01    3.97974e+01    3.97997e+01    3.98015e+01    
1.03360e+03    3.87086e+01    3.90283e+01    3.92306e+01    3.93484e+01    3.94266e+01    3.94833e+01    3.95252e+01    3.95579e+01    3.95842e+01    3.96062e+01    3.96249e+01    3.96407e+01    3.96546e+01    3.96666e+01    3.96770e+01    3.96859e+01    3.96940e+01    3.97010e+01    3.97073e+01    3.97131e+01    3.97503e+01    3.97698e+01    3.97809e+01    3.97878e+01    3.97924e+01    3.97956e+01    3.97978e+01    3.97994e+01    
1.03380e+03    3.87127e+01    3.90327e+01    3.92334e+01    3.93470e+01    3.94228e+01    3.94788e+01    3.95204e+01    3.95530e+01    3.95794e+01    3.96015e+01    3.96204e+01    3.96364e+01    3.96506e+01    3.96628e+01    3.96736e+01    3.96828e+01    3.96912e+01    3.96985e+01    3.97050e+01    3.97111e+01    3.97500e+01    3.97705e+01    3.97824e+01    3.97900e+01    3.97951e+01    3.97985e+01    3.98008e+01    3.98025e+01    
1.03400e+03    3.87254e+01    3.90448e+01    3.92448e+01    3.93579e+01    3.94341e+01    3.94918e+01    3.95348e+01    3.95685e+01    3.95957e+01    3.96185e+01    3.96379e+01    3.96544e+01    3.96689e+01    3.96814e+01    3.96925e+01    3.97021e+01    3.97108e+01    3.97184e+01    3.97253e+01    3.97317e+01    3.97724e+01    3.97932e+01    3.98052e+01    3.98128e+01    3.98178e+01    3.98212e+01    3.98235e+01    3.98252e+01    
1.03420e+03    3.87339e+01    3.90523e+01    3.92512e+01    3.93650e+01    3.94420e+01    3.95012e+01    3.95451e+01    3.95793e+01    3.96070e+01    3.96302e+01    3.96500e+01    3.96668e+01    3.96816e+01    3.96944e+01    3.97057e+01    3.97154e+01    3.97242e+01    3.97320e+01    3.97390e+01    3.97455e+01    3.97862e+01    3.98067e+01    3.98186e+01    3.98261e+01    3.98311e+01    3.98345e+01    3.98368e+01    3.98384e+01    
1.03440e+03    3.87375e+01    3.90543e+01    3.92539e+01    3.93690e+01    3.94471e+01    3.95069e+01    3.95512e+01    3.95858e+01    3.96138e+01    3.96373e+01    3.96574e+01    3.96745e+01    3.96897e+01    3.97028e+01    3.97144e+01    3.97244e+01    3.97335e+01    3.97415e+01    3.97488e+01    3.97555e+01    3.97981e+01    3.98197e+01    3.98322e+01    3.98401e+01    3.98453e+01    3.98488e+01    3.98510e+01    3.98527e+01    
1.03460e+03    3.87371e+01    3.90519e+01    3.92520e+01    3.93689e+01    3.94485e+01    3.95090e+01    3.95536e+01    3.95884e+01    3.96168e+01    3.96407e+01    3.96612e+01    3.96786e+01    3.96941e+01    3.97075e+01    3.97194e+01    3.97297e+01    3.97392e+01    3.97476e+01    3.97552e+01    3.97622e+01    3.98065e+01    3.98284e+01    3.98412e+01    3.98492e+01    3.98546e+01    3.98583e+01    3.98608e+01    3.98626e+01    
1.03480e+03    3.87257e+01    3.90374e+01    3.92356e+01    3.93544e+01    3.94354e+01    3.94966e+01    3.95419e+01    3.95771e+01    3.96057e+01    3.96297e+01    3.96504e+01    3.96681e+01    3.96840e+01    3.96977e+01    3.97101e+01    3.97208e+01    3.97306e+01    3.97394e+01    3.97474e+01    3.97548e+01    3.98005e+01    3.98224e+01    3.98348e+01    3.98425e+01    3.98476e+01    3.98510e+01    3.98533e+01    3.98551e+01    
1.03500e+03    3.87083e+01    3.90189e+01    3.92159e+01    3.93314e+01    3.94105e+01    3.94686e+01    3.95120e+01    3.95461e+01    3.95736e+01    3.95969e+01    3.96171e+01    3.96347e+01    3.96504e+01    3.96642e+01    3.96766e+01    3.96874e+01    3.96972e+01    3.97060e+01    3.97139e+01    3.97213e+01    3.97666e+01    3.97876e+01    3.97990e+01    3.98059e+01    3.98105e+01    3.98137e+01    3.98160e+01    3.98178e+01    
1.03520e+03    3.86902e+01    3.89985e+01    3.91939e+01    3.93091e+01    3.93888e+01    3.94461e+01    3.94878e+01    3.95202e+01    3.95462e+01    3.95682e+01    3.95872e+01    3.96038e+01    3.96186e+01    3.96315e+01    3.96429e+01    3.96527e+01    3.96617e+01    3.96695e+01    3.96766e+01    3.96831e+01    3.97231e+01    3.97421e+01    3.97528e+01    3.97593e+01    3.97636e+01    3.97666e+01    3.97686e+01    3.97703e+01    
1.03540e+03    3.86764e+01    3.89845e+01    3.91777e+01    3.92923e+01    3.93712e+01    3.94254e+01    3.94641e+01    3.94940e+01    3.95179e+01    3.95380e+01    3.95557e+01    3.95711e+01    3.95851e+01    3.95972e+01    3.96081e+01    3.96174e+01    3.96260e+01    3.96335e+01    3.96403e+01    3.96465e+01    3.96849e+01    3.97030e+01    3.97131e+01    3.97193e+01    3.97234e+01    3.97263e+01    3.97284e+01    3.97300e+01    
1.03560e+03    3.86670e+01    3.89757e+01    3.91661e+01    3.92813e+01    3.93603e+01    3.94132e+01    3.94504e+01    3.94787e+01    3.95006e+01    3.95189e+01    3.95349e+01    3.95489e+01    3.95615e+01    3.95725e+01    3.95821e+01    3.95903e+01    3.95977e+01    3.96041e+01    3.96098e+01    3.96151e+01    3.96461e+01    3.96602e+01    3.96681e+01    3.96731e+01    3.96764e+01    3.96790e+01    3.96809e+01    3.96826e+01    
1.03580e+03    3.86417e+01    3.89511e+01    3.91344e+01    3.92422e+01    3.93173e+01    3.93678e+01    3.94057e+01    3.94353e+01    3.94576e+01    3.94759e+01    3.94917e+01    3.95055e+01    3.95178e+01    3.95285e+01    3.95377e+01    3.95454e+01    3.95523e+01    3.95582e+01    3.95634e+01    3.95681e+01    3.95944e+01    3.96054e+01    3.96113e+01    3.96149e+01    3.96173e+01    3.96193e+01    3.96209e+01    3.96224e+01    
1.03600e+03    3.85502e+01    3.88539e+01    3.90139e+01    3.90986e+01    3.91628e+01    3.92129e+01    3.92532e+01    3.92849e+01    3.93089e+01    3.93287e+01    3.93461e+01    3.93614e+01    3.93752e+01    3.93870e+01    3.93972e+01    3.94056e+01    3.94130e+01    3.94192e+01    3.94247e+01    3.94295e+01    3.94553e+01    3.94651e+01    3.94702e+01    3.94733e+01    3.94756e+01    3.94777e+01    3.94796e+01    3.94813e+01    
1.03620e+03    3.84490e+01    3.87480e+01    3.88812e+01    3.89448e+01    3.90024e+01    3.90511e+01    3.90878e+01    3.91152e+01    3.91359e+01    3.91535e+01    3.91702e+01    3.91856e+01    3.92000e+01    3.92125e+01    3.92234e+01    3.92323e+01    3.92401e+01    3.92468e+01    3.92526e+01    3.92577e+01    3.92844e+01    3.92940e+01    3.92985e+01    3.93011e+01    3.93031e+01    3.93052e+01    3.93075e+01    3.93098e+01    
1.03640e+03    3.85118e+01    3.88190e+01    3.89778e+01    3.90615e+01    3.91397e+01    3.91924e+01    3.92295e+01    3.92565e+01    3.92754e+01    3.92905e+01    3.93041e+01    3.93165e+01    3.93280e+01    3.93380e+01    3.93468e+01    3.93542e+01    3.93608e+01    3.93665e+01    3.93715e+01    3.93760e+01    3.93993e+01    3.94069e+01    3.94104e+01    3.94125e+01    3.94141e+01    3.94161e+01    3.94181e+01    3.94201e+01    
1.03660e+03    3.85968e+01    3.89064e+01    3.90835e+01    3.91839e+01    3.92645e+01    3.93156e+01    3.93526e+01    3.93802e+01    3.93995e+01    3.94144e+01    3.94275e+01    3.94390e+01    3.94495e+01    3.94585e+01    3.94664e+01    3.94729e+01    3.94786e+01    3.94835e+01    3.94877e+01    3.94915e+01    3.95111e+01    3.95179e+01    3.95212e+01    3.95232e+01    3.95248e+01    3.95263e+01    3.95278e+01    3.95292e+01    
1.03680e+03    3.85493e+01    3.88552e+01    3.90134e+01    3.90961e+01    3.91631e+01    3.92142e+01    3.92535e+01    3.92826e+01    3.93031e+01    3.93195e+01    3.93342e+01    3.93474e+01    3.93595e+01    3.93700e+01    3.93790e+01    3.93864e+01    3.93930e+01    3.93985e+01    3.94032e+01    3.94074e+01    3.94296e+01    3.94378e+01    3.94421e+01    3.94446e+01    3.94464e+01    3.94479e+01    3.94492e+01    3.94505e+01    
1.03700e+03    3.85391e+01    3.88489e+01    3.90149e+01    3.90992e+01    3.91748e+01    3.92287e+01    3.92676e+01    3.92960e+01    3.93162e+01    3.93323e+01    3.93471e+01    3.93604e+01    3.93727e+01    3.93835e+01    3.93929e+01    3.94007e+01    3.94076e+01    3.94136e+01    3.94188e+01    3.94234e+01    3.94477e+01    3.94560e+01    3.94599e+01    3.94620e+01    3.94636e+01    3.94653e+01    3.94671e+01    3.94688e+01    
1.03720e+03    3.86642e+01    3.89715e+01    3.91673e+01    3.92873e+01    3.93706e+01    3.94235e+01    3.94614e+01    3.94898e+01    3.95106e+01    3.95273e+01    3.95419e+01    3.95547e+01    3.95663e+01    3.95763e+01    3.95851e+01    3.95924e+01    3.95989e+01    3.96045e+01    3.96094e+01    3.96138e+01    3.96369e+01    3.96448e+01    3.96484e+01    3.96505e+01    3.96520e+01    3.96534e+01    3.96548e+01    3.96561e+01    
1.03740e+03    3.87200e+01    3.90258e+01    3.92298e+01    3.93581e+01    3.94432e+01    3.94982e+01    3.95379e+01    3.95683e+01    3.95916e+01    3.96107e+01    3.96271e+01    3.96413e+01    3.96540e+01    3.96649e+01    3.96745e+01    3.96826e+01    3.96899e+01    3.96962e+01    3.97018e+01    3.97068e+01    3.97341e+01    3.97440e+01    3.97490e+01    3.97520e+01    3.97540e+01    3.97557e+01    3.97571e+01    3.97584e+01    
1.03760e+03    3.87488e+01    3.90555e+01    3.92622e+01    3.93962e+01    3.94841e+01    3.95397e+01    3.95796e+01    3.96107e+01    3.96349e+01    3.96549e+01    3.96721e+01    3.96870e+01    3.97004e+01    3.97119e+01    3.97221e+01    3.97308e+01    3.97387e+01    3.97456e+01    3.97517e+01    3.97574e+01    3.97886e+01    3.98006e+01    3.98069e+01    3.98106e+01    3.98130e+01    3.98146e+01    3.98159e+01    3.98170e+01    
1.03780e+03    3.87527e+01    3.90598e+01    3.92652e+01    3.93959e+01    3.94826e+01    3.95381e+01    3.95780e+01    3.96088e+01    3.96326e+01    3.96523e+01    3.96697e+01    3.96849e+01    3.96988e+01    3.97110e+01    3.97219e+01    3.97315e+01    3.97403e+01    3.97481e+01    3.97552e+01    3.97618e+01    3.97993e+01    3.98140e+01    3.98214e+01    3.98255e+01    3.98282e+01    3.98301e+01    3.98316e+01    3.98330e+01    
1.03800e+03    3.87179e+01    3.90239e+01    3.92199e+01    3.93360e+01    3.94199e+01    3.94762e+01    3.95166e+01    3.95469e+01    3.95698e+01    3.95888e+01    3.96061e+01    3.96217e+01    3.96362e+01    3.96492e+01    3.96609e+01    3.96712e+01    3.96807e+01    3.96891e+01    3.96968e+01    3.97040e+01    3.97460e+01    3.97630e+01    3.97707e+01    3.97746e+01    3.97769e+01    3.97787e+01    3.97803e+01    3.97817e+01    
1.03820e+03    3.87484e+01    3.90605e+01    3.92659e+01    3.93906e+01    3.94770e+01    3.95326e+01    3.95723e+01    3.96024e+01    3.96252e+01    3.96441e+01    3.96611e+01    3.96762e+01    3.96901e+01    3.97024e+01    3.97134e+01    3.97230e+01    3.97317e+01    3.97395e+01    3.97465e+01    3.97530e+01    3.97925e+01    3.98101e+01    3.98190e+01    3.98238e+01    3.98268e+01    3.98288e+01    3.98303e+01    3.98316e+01    
1.03840e+03    3.87817e+01    3.90930e+01    3.93006e+01    3.94289e+01    3.95147e+01    3.95698e+01    3.96090e+01    3.96394e+01    3.96632e+01    3.96833e+01    3.97011e+01    3.97167e+01    3.97310e+01    3.97436e+01    3.97549e+01    3.97649e+01    3.97740e+01    3.97822e+01    3.97897e+01    3.97966e+01    3.98392e+01    3.98590e+01    3.98702e+01    3.98771e+01    3.98816e+01    3.98843e+01    3.98861e+01    3.98875e+01    
1.03860e+03    3.87843e+01    3.90948e+01    3.93018e+01    3.94248e+01    3.95095e+01    3.95661e+01    3.96061e+01    3.96370e+01    3.96616e+01    3.96824e+01    3.97009e+01    3.97171e+01    3.97319e+01    3.97449e+01    3.97566e+01    3.97667e+01    3.97759e+01    3.97841e+01    3.97916e+01    3.97985e+01    3.98415e+01    3.98622e+01    3.98735e+01    3.98802e+01    3.98845e+01    3.98871e+01    3.98888e+01    3.98903e+01    
1.03880e+03    3.88002e+01    3.91071e+01    3.93134e+01    3.94425e+01    3.95289e+01    3.95890e+01    3.96321e+01    3.96656e+01    3.96927e+01    3.97155e+01    3.97352e+01    3.97520e+01    3.97671e+01    3.97803e+01    3.97921e+01    3.98025e+01    3.98120e+01    3.98205e+01    3.98283e+01    3.98355e+01    3.98809e+01    3.99030e+01    3.99155e+01    3.99232e+01    3.99283e+01    3.99316e+01    3.99338e+01    3.99354e+01    
1.03900e+03    3.87487e+01    3.90530e+01    3.92495e+01    3.93639e+01    3.94427e+01    3.94995e+01    3.95399e+01    3.95718e+01    3.95986e+01    3.96217e+01    3.96419e+01    3.96594e+01    3.96752e+01    3.96891e+01    3.97017e+01    3.97128e+01    3.97230e+01    3.97322e+01    3.97405e+01    3.97484e+01    3.97975e+01    3.98214e+01    3.98354e+01    3.98442e+01    3.98502e+01    3.98543e+01    3.98572e+01    3.98594e+01    
1.03920e+03    3.87809e+01    3.90843e+01    3.92811e+01    3.94007e+01    3.94860e+01    3.95474e+01    3.95901e+01    3.96230e+01    3.96502e+01    3.96733e+01    3.96930e+01    3.97100e+01    3.97250e+01    3.97381e+01    3.97499e+01    3.97600e+01    3.97694e+01    3.97778e+01    3.97853e+01    3.97923e+01    3.98366e+01    3.98583e+01    3.98707e+01    3.98785e+01    3.98836e+01    3.98870e+01    3.98893e+01    3.98910e+01    
1.03940e+03    3.88639e+01    3.91709e+01    3.93789e+01    3.95080e+01    3.95952e+01    3.96566e+01    3.96995e+01    3.97327e+01    3.97599e+01    3.97829e+01    3.98024e+01    3.98189e+01    3.98334e+01    3.98460e+01    3.98574e+01    3.98674e+01    3.98765e+01    3.98847e+01    3.98922e+01    3.98992e+01    3.99428e+01    3.99643e+01    3.99773e+01    3.99858e+01    3.99916e+01    3.99955e+01    3.99980e+01    3.99998e+01    
1.03960e+03    3.88569e+01    3.91622e+01    3.93672e+01    3.94940e+01    3.95810e+01    3.96424e+01    3.96857e+01    3.97195e+01    3.97473e+01    3.97707e+01    3.97907e+01    3.98076e+01    3.98226e+01    3.98356e+01    3.98472e+01    3.98574e+01    3.98668e+01    3.98752e+01    3.98829e+01    3.98900e+01    3.99351e+01    3.99578e+01    3.99719e+01    3.99812e+01    3.99876e+01    3.99918e+01    3.99945e+01    3.99965e+01    
1.03980e+03    3.88356e+01    3.91379e+01    3.93374e+01    3.94615e+01    3.95484e+01    3.96102e+01    3.96541e+01    3.96882e+01    3.97160e+01    3.97395e+01    3.97595e+01    3.97765e+01    3.97916e+01    3.98046e+01    3.98162e+01    3.98264e+01    3.98357e+01    3.98439e+01    3.98515e+01    3.98584e+01    3.99037e+01    3.99275e+01    3.99421e+01    3.99516e+01    3.99581e+01    3.99624e+01    3.99652e+01    3.99673e+01    
1.04000e+03    3.88233e+01    3.91211e+01    3.93136e+01    3.94334e+01    3.95185e+01    3.95796e+01    3.96238e+01    3.96583e+01    3.96863e+01    3.97098e+01    3.97299e+01    3.97469e+01    3.97621e+01    3.97752e+01    3.97870e+01    3.97973e+01    3.98067e+01    3.98151e+01    3.98228e+01    3.98299e+01    3.98771e+01    3.99027e+01    3.99184e+01    3.99286e+01    3.99355e+01    3.99403e+01    3.99433e+01    3.99456e+01    
1.04020e+03    3.88159e+01    3.91148e+01    3.93059e+01    3.94190e+01    3.94996e+01    3.95575e+01    3.96000e+01    3.96332e+01    3.96598e+01    3.96821e+01    3.97015e+01    3.97185e+01    3.97337e+01    3.97471e+01    3.97591e+01    3.97696e+01    3.97794e+01    3.97881e+01    3.97960e+01    3.98034e+01    3.98524e+01    3.98784e+01    3.98937e+01    3.99033e+01    3.99099e+01    3.99143e+01    3.99173e+01    3.99195e+01    
1.04040e+03    3.88494e+01    3.91505e+01    3.93466e+01    3.94650e+01    3.95477e+01    3.96070e+01    3.96499e+01    3.96833e+01    3.97104e+01    3.97330e+01    3.97522e+01    3.97684e+01    3.97828e+01    3.97952e+01    3.98064e+01    3.98163e+01    3.98253e+01    3.98335e+01    3.98409e+01    3.98479e+01    3.98937e+01    3.99182e+01    3.99332e+01    3.99428e+01    3.99494e+01    3.99537e+01    3.99565e+01    3.99586e+01    
1.04060e+03    3.88723e+01    3.91735e+01    3.93720e+01    3.94946e+01    3.95791e+01    3.96397e+01    3.96831e+01    3.97168e+01    3.97442e+01    3.97670e+01    3.97862e+01    3.98022e+01    3.98163e+01    3.98285e+01    3.98394e+01    3.98490e+01    3.98577e+01    3.98656e+01    3.98728e+01    3.98794e+01    3.99230e+01    3.99460e+01    3.99600e+01    3.99692e+01    3.99753e+01    3.99794e+01    3.99820e+01    3.99838e+01    
1.04080e+03    3.88585e+01    3.91582e+01    3.93532e+01    3.94723e+01    3.95548e+01    3.96143e+01    3.96572e+01    3.96907e+01    3.97180e+01    3.97409e+01    3.97602e+01    3.97764e+01    3.97907e+01    3.98030e+01    3.98139e+01    3.98233e+01    3.98320e+01    3.98396e+01    3.98466e+01    3.98530e+01    3.98953e+01    3.99181e+01    3.99320e+01    3.99411e+01    3.99473e+01    3.99513e+01    3.99538e+01    3.99557e+01    
1.04100e+03    3.88355e+01    3.91339e+01    3.93222e+01    3.94331e+01    3.95127e+01    3.95718e+01    3.96148e+01    3.96481e+01    3.96749e+01    3.96975e+01    3.97170e+01    3.97338e+01    3.97489e+01    3.97620e+01    3.97737e+01    3.97838e+01    3.97931e+01    3.98013e+01    3.98088e+01    3.98157e+01    3.98608e+01    3.98843e+01    3.98981e+01    3.99068e+01    3.99126e+01    3.99165e+01    3.99190e+01    3.99211e+01    
1.04120e+03    3.88812e+01    3.91838e+01    3.93785e+01    3.94959e+01    3.95777e+01    3.96374e+01    3.96802e+01    3.97136e+01    3.97410e+01    3.97641e+01    3.97837e+01    3.98002e+01    3.98150e+01    3.98277e+01    3.98391e+01    3.98491e+01    3.98583e+01    3.98665e+01    3.98740e+01    3.98810e+01    3.99262e+01    3.99501e+01    3.99649e+01    3.99746e+01    3.99812e+01    3.99856e+01    3.99885e+01    3.99907e+01    
1.04140e+03    3.89091e+01    3.92128e+01    3.94083e+01    3.95287e+01    3.96118e+01    3.96731e+01    3.97169e+01    3.97512e+01    3.97794e+01    3.98033e+01    3.98235e+01    3.98406e+01    3.98556e+01    3.98686e+01    3.98803e+01    3.98905e+01    3.98999e+01    3.99083e+01    3.99160e+01    3.99231e+01    3.99689e+01    3.99928e+01    4.00076e+01    4.00174e+01    4.00241e+01    4.00288e+01    4.00318e+01    4.00341e+01    
1.04160e+03    3.89145e+01    3.92180e+01    3.94137e+01    3.95341e+01    3.96177e+01    3.96793e+01    3.97235e+01    3.97578e+01    3.97862e+01    3.98103e+01    3.98308e+01    3.98481e+01    3.98635e+01    3.98769e+01    3.98888e+01    3.98992e+01    3.99088e+01    3.99173e+01    3.99250e+01    3.99323e+01    3.99784e+01    4.00020e+01    4.00163e+01    4.00255e+01    4.00318e+01    4.00359e+01    4.00387e+01    4.00408e+01    
1.04180e+03    3.89143e+01    3.92167e+01    3.94124e+01    3.95326e+01    3.96160e+01    3.96775e+01    3.97216e+01    3.97561e+01    3.97848e+01    3.98093e+01    3.98303e+01    3.98482e+01    3.98641e+01    3.98780e+01    3.98904e+01    3.99012e+01    3.99112e+01    3.99201e+01    3.99282e+01    3.99358e+01    3.99847e+01    4.00103e+01    4.00262e+01    4.00366e+01    4.00437e+01    4.00486e+01    4.00518e+01    4.00541e+01    
1.04200e+03    3.89131e+01    3.92143e+01    3.94099e+01    3.95314e+01    3.96147e+01    3.96763e+01    3.97205e+01    3.97551e+01    3.97840e+01    3.98088e+01    3.98300e+01    3.98482e+01    3.98644e+01    3.98786e+01    3.98913e+01    3.99023e+01    3.99125e+01    3.99217e+01    3.99300e+01    3.99377e+01    3.99875e+01    4.00133e+01    4.00295e+01    4.00403e+01    4.00477e+01    4.00528e+01    4.00561e+01    4.00585e+01    
1.04220e+03    3.89116e+01    3.92129e+01    3.94069e+01    3.95272e+01    3.96113e+01    3.96741e+01    3.97193e+01    3.97547e+01    3.97842e+01    3.98094e+01    3.98311e+01    3.98497e+01    3.98664e+01    3.98809e+01    3.98941e+01    3.99056e+01    3.99162e+01    3.99258e+01    3.99345e+01    3.99426e+01    3.99948e+01    4.00215e+01    4.00381e+01    4.00490e+01    4.00564e+01    4.00615e+01    4.00648e+01    4.00672e+01    
1.04240e+03    3.89050e+01    3.92063e+01    3.93990e+01    3.95191e+01    3.96026e+01    3.96650e+01    3.97102e+01    3.97457e+01    3.97752e+01    3.98005e+01    3.98223e+01    3.98410e+01    3.98578e+01    3.98725e+01    3.98856e+01    3.98971e+01    3.99077e+01    3.99172e+01    3.99258e+01    3.99338e+01    3.99856e+01    4.00124e+01    4.00287e+01    4.00394e+01    4.00467e+01    4.00517e+01    4.00549e+01    4.00573e+01    
1.04260e+03    3.88971e+01    3.91987e+01    3.93915e+01    3.95108e+01    3.95920e+01    3.96523e+01    3.96965e+01    3.97315e+01    3.97607e+01    3.97859e+01    3.98076e+01    3.98264e+01    3.98431e+01    3.98578e+01    3.98708e+01    3.98822e+01    3.98927e+01    3.99019e+01    3.99104e+01    3.99182e+01    3.99684e+01    3.99943e+01    4.00101e+01    4.00204e+01    4.00274e+01    4.00322e+01    4.00352e+01    4.00374e+01    
1.04280e+03    3.89023e+01    3.92044e+01    3.93990e+01    3.95200e+01    3.96013e+01    3.96622e+01    3.97063e+01    3.97410e+01    3.97699e+01    3.97947e+01    3.98162e+01    3.98347e+01    3.98512e+01    3.98656e+01    3.98785e+01    3.98898e+01    3.99001e+01    3.99094e+01    3.99178e+01    3.99256e+01    3.99752e+01    4.00002e+01    4.00153e+01    4.00250e+01    4.00315e+01    4.00358e+01    4.00386e+01    4.00406e+01    
1.04300e+03    3.89014e+01    3.92028e+01    3.93963e+01    3.95174e+01    3.96008e+01    3.96634e+01    3.97089e+01    3.97446e+01    3.97743e+01    3.97997e+01    3.98215e+01    3.98402e+01    3.98568e+01    3.98713e+01    3.98843e+01    3.98957e+01    3.99061e+01    3.99155e+01    3.99240e+01    3.99319e+01    3.99820e+01    4.00072e+01    4.00224e+01    4.00321e+01    4.00386e+01    4.00429e+01    4.00456e+01    4.00476e+01    
1.04320e+03    3.88823e+01    3.91817e+01    3.93705e+01    3.94886e+01    3.95717e+01    3.96350e+01    3.96814e+01    3.97178e+01    3.97478e+01    3.97733e+01    3.97954e+01    3.98144e+01    3.98314e+01    3.98462e+01    3.98595e+01    3.98711e+01    3.98817e+01    3.98912e+01    3.98998e+01    3.99078e+01    3.99588e+01    3.99845e+01    3.99996e+01    4.00091e+01    4.00155e+01    4.00197e+01    4.00225e+01    4.00246e+01    
1.04340e+03    3.88797e+01    3.91800e+01    3.93699e+01    3.94847e+01    3.95649e+01    3.96253e+01    3.96701e+01    3.97057e+01    3.97351e+01    3.97602e+01    3.97822e+01    3.98011e+01    3.98182e+01    3.98332e+01    3.98467e+01    3.98585e+01    3.98693e+01    3.98790e+01    3.98879e+01    3.98961e+01    3.99490e+01    3.99757e+01    3.99911e+01    4.00008e+01    4.00072e+01    4.00115e+01    4.00143e+01    4.00164e+01    
1.04360e+03    3.88952e+01    3.91958e+01    3.93870e+01    3.95062e+01    3.95894e+01    3.96523e+01    3.96981e+01    3.97340e+01    3.97640e+01    3.97898e+01    3.98121e+01    3.98313e+01    3.98485e+01    3.98636e+01    3.98771e+01    3.98890e+01    3.98999e+01    3.99097e+01    3.99186e+01    3.99270e+01    3.99805e+01    4.00080e+01    4.00247e+01    4.00356e+01    4.00429e+01    4.00478e+01    4.00509e+01    4.00531e+01    
1.04380e+03    3.88987e+01    3.92006e+01    3.93916e+01    3.95107e+01    3.95941e+01    3.96573e+01    3.97033e+01    3.97394e+01    3.97696e+01    3.97955e+01    3.98180e+01    3.98374e+01    3.98548e+01    3.98700e+01    3.98837e+01    3.98957e+01    3.99068e+01    3.99167e+01    3.99258e+01    3.99342e+01    3.99889e+01    4.00174e+01    4.00352e+01    4.00468e+01    4.00547e+01    4.00600e+01    4.00632e+01    4.00656e+01    
1.04400e+03    3.88970e+01    3.91999e+01    3.93904e+01    3.95104e+01    3.95938e+01    3.96570e+01    3.97031e+01    3.97393e+01    3.97694e+01    3.97951e+01    3.98173e+01    3.98365e+01    3.98537e+01    3.98687e+01    3.98822e+01    3.98940e+01    3.99049e+01    3.99147e+01    3.99235e+01    3.99318e+01    3.99851e+01    4.00126e+01    4.00294e+01    4.00404e+01    4.00478e+01    4.00528e+01    4.00558e+01    4.00581e+01    
1.04420e+03    3.88911e+01    3.91939e+01    3.93843e+01    3.95045e+01    3.95874e+01    3.96501e+01    3.96966e+01    3.97332e+01    3.97634e+01    3.97891e+01    3.98111e+01    3.98300e+01    3.98469e+01    3.98616e+01    3.98748e+01    3.98863e+01    3.98969e+01    3.99064e+01    3.99150e+01    3.99231e+01    3.99746e+01    4.00010e+01    4.00172e+01    4.00276e+01    4.00347e+01    4.00395e+01    4.00425e+01    4.00447e+01    
1.04440e+03    3.88913e+01    3.91950e+01    3.93882e+01    3.95088e+01    3.95897e+01    3.96505e+01    3.96957e+01    3.97311e+01    3.97600e+01    3.97846e+01    3.98060e+01    3.98244e+01    3.98409e+01    3.98553e+01    3.98683e+01    3.98796e+01    3.98900e+01    3.98993e+01    3.99078e+01    3.99157e+01    3.99656e+01    3.99906e+01    4.00054e+01    4.00148e+01    4.00211e+01    4.00254e+01    4.00281e+01    4.00302e+01    
1.04460e+03    3.88985e+01    3.92027e+01    3.93990e+01    3.95226e+01    3.96039e+01    3.96646e+01    3.97094e+01    3.97445e+01    3.97733e+01    3.97976e+01    3.98185e+01    3.98364e+01    3.98523e+01    3.98661e+01    3.98785e+01    3.98893e+01    3.98992e+01    3.99080e+01    3.99160e+01    3.99234e+01    3.99710e+01    3.99955e+01    4.00106e+01    4.00205e+01    4.00271e+01    4.00315e+01    4.00343e+01    4.00363e+01    
1.04480e+03    3.88943e+01    3.91989e+01    3.93960e+01    3.95198e+01    3.96015e+01    3.96622e+01    3.97069e+01    3.97418e+01    3.97704e+01    3.97945e+01    3.98151e+01    3.98327e+01    3.98483e+01    3.98618e+01    3.98740e+01    3.98845e+01    3.98941e+01    3.99027e+01    3.99104e+01    3.99177e+01    3.99644e+01    3.99892e+01    4.00047e+01    4.00150e+01    4.00221e+01    4.00269e+01    4.00301e+01    4.00324e+01    
1.04500e+03    3.88817e+01    3.91866e+01    3.93835e+01    3.95052e+01    3.95869e+01    3.96476e+01    3.96921e+01    3.97267e+01    3.97547e+01    3.97783e+01    3.97984e+01    3.98156e+01    3.98309e+01    3.98441e+01    3.98558e+01    3.98659e+01    3.98751e+01    3.98833e+01    3.98906e+01    3.98974e+01    3.99422e+01    3.99668e+01    3.99824e+01    3.99927e+01    3.99999e+01    4.00047e+01    4.00078e+01    4.00100e+01    
1.04520e+03    3.88806e+01    3.91850e+01    3.93814e+01    3.95038e+01    3.95860e+01    3.96478e+01    3.96932e+01    3.97285e+01    3.97574e+01    3.97817e+01    3.98025e+01    3.98202e+01    3.98360e+01    3.98498e+01    3.98621e+01    3.98728e+01    3.98827e+01    3.98915e+01    3.98996e+01    3.99071e+01    3.99557e+01    3.99816e+01    3.99980e+01    4.00089e+01    4.00164e+01    4.00216e+01    4.00250e+01    4.00275e+01    
1.04540e+03    3.88799e+01    3.91835e+01    3.93793e+01    3.95029e+01    3.95859e+01    3.96486e+01    3.96944e+01    3.97302e+01    3.97594e+01    3.97841e+01    3.98053e+01    3.98235e+01    3.98397e+01    3.98538e+01    3.98665e+01    3.98777e+01    3.98881e+01    3.98973e+01    3.99058e+01    3.99137e+01    3.99646e+01    3.99911e+01    4.00078e+01    4.00189e+01    4.00267e+01    4.00320e+01    4.00356e+01    4.00382e+01    
1.04560e+03    3.88751e+01    3.91786e+01    3.93749e+01    3.94984e+01    3.95813e+01    3.96433e+01    3.96890e+01    3.97248e+01    3.97541e+01    3.97789e+01    3.98001e+01    3.98182e+01    3.98342e+01    3.98482e+01    3.98607e+01    3.98717e+01    3.98818e+01    3.98908e+01    3.98990e+01    3.99067e+01    3.99557e+01    3.99810e+01    3.99969e+01    4.00075e+01    4.00148e+01    4.00197e+01    4.00229e+01    4.00252e+01    
1.04580e+03    3.88650e+01    3.91680e+01    3.93649e+01    3.94887e+01    3.95713e+01    3.96329e+01    3.96784e+01    3.97141e+01    3.97433e+01    3.97679e+01    3.97890e+01    3.98070e+01    3.98231e+01    3.98369e+01    3.98493e+01    3.98600e+01    3.98698e+01    3.98785e+01    3.98864e+01    3.98937e+01    3.99411e+01    3.99662e+01    3.99817e+01    3.99918e+01    3.99987e+01    4.00033e+01    4.00061e+01    4.00083e+01    
1.04600e+03    3.88570e+01    3.91590e+01    3.93557e+01    3.94800e+01    3.95633e+01    3.96256e+01    3.96716e+01    3.97077e+01    3.97373e+01    3.97623e+01    3.97838e+01    3.98022e+01    3.98185e+01    3.98327e+01    3.98453e+01    3.98562e+01    3.98661e+01    3.98749e+01    3.98829e+01    3.98903e+01    3.99380e+01    3.99630e+01    3.99783e+01    3.99883e+01    3.99952e+01    3.99998e+01    4.00030e+01    4.00052e+01    
1.04620e+03    3.88570e+01    3.91586e+01    3.93545e+01    3.94794e+01    3.95637e+01    3.96271e+01    3.96741e+01    3.97112e+01    3.97418e+01    3.97679e+01    3.97902e+01    3.98093e+01    3.98264e+01    3.98412e+01    3.98546e+01    3.98663e+01    3.98770e+01    3.98866e+01    3.98954e+01    3.99036e+01    3.99554e+01    3.99815e+01    3.99977e+01    4.00082e+01    4.00154e+01    4.00203e+01    4.00234e+01    4.00258e+01    
1.04640e+03    3.88606e+01    3.91631e+01    3.93593e+01    3.94847e+01    3.95685e+01    3.96318e+01    3.96789e+01    3.97162e+01    3.97471e+01    3.97734e+01    3.97959e+01    3.98152e+01    3.98323e+01    3.98473e+01    3.98608e+01    3.98727e+01    3.98836e+01    3.98934e+01    3.99024e+01    3.99108e+01    3.99644e+01    3.99922e+01    4.00094e+01    4.00207e+01    4.00285e+01    4.00337e+01    4.00369e+01    4.00393e+01    
1.04660e+03    3.88638e+01    3.91673e+01    3.93642e+01    3.94902e+01    3.95737e+01    3.96367e+01    3.96836e+01    3.97206e+01    3.97511e+01    3.97771e+01    3.97994e+01    3.98185e+01    3.98356e+01    3.98506e+01    3.98640e+01    3.98758e+01    3.98867e+01    3.98965e+01    3.99054e+01    3.99138e+01    3.99678e+01    3.99961e+01    4.00137e+01    4.00253e+01    4.00333e+01    4.00388e+01    4.00423e+01    4.00448e+01    
1.04680e+03    3.88648e+01    3.91689e+01    3.93660e+01    3.94925e+01    3.95759e+01    3.96385e+01    3.96852e+01    3.97222e+01    3.97526e+01    3.97785e+01    3.98008e+01    3.98200e+01    3.98372e+01    3.98522e+01    3.98658e+01    3.98777e+01    3.98886e+01    3.98984e+01    3.99074e+01    3.99158e+01    3.99697e+01    3.99976e+01    4.00150e+01    4.00266e+01    4.00346e+01    4.00402e+01    4.00438e+01    4.00464e+01    
1.04700e+03    3.88607e+01    3.91652e+01    3.93614e+01    3.94870e+01    3.95698e+01    3.96319e+01    3.96786e+01    3.97157e+01    3.97463e+01    3.97724e+01    3.97950e+01    3.98143e+01    3.98317e+01    3.98469e+01    3.98606e+01    3.98726e+01    3.98837e+01    3.98936e+01    3.99027e+01    3.99112e+01    3.99658e+01    3.99943e+01    4.00120e+01    4.00237e+01    4.00318e+01    4.00373e+01    4.00410e+01    4.00436e+01    
1.04720e+03    3.88485e+01    3.91526e+01    3.93462e+01    3.94708e+01    3.95533e+01    3.96154e+01    3.96620e+01    3.96989e+01    3.97294e+01    3.97555e+01    3.97781e+01    3.97977e+01    3.98154e+01    3.98308e+01    3.98448e+01    3.98571e+01    3.98684e+01    3.98786e+01    3.98879e+01    3.98965e+01    3.99527e+01    3.99820e+01    4.00001e+01    4.00121e+01    4.00202e+01    4.00258e+01    4.00293e+01    4.00319e+01    
1.04740e+03    3.88335e+01    3.91378e+01    3.93284e+01    3.94498e+01    3.95315e+01    3.95931e+01    3.96396e+01    3.96766e+01    3.97070e+01    3.97331e+01    3.97560e+01    3.97759e+01    3.97939e+01    3.98098e+01    3.98241e+01    3.98367e+01    3.98483e+01    3.98587e+01    3.98683e+01    3.98772e+01    3.99345e+01    3.99640e+01    3.99819e+01    3.99933e+01    4.00012e+01    4.00064e+01    4.00098e+01    4.00123e+01    
1.04760e+03    3.88296e+01    3.91339e+01    3.93239e+01    3.94465e+01    3.95286e+01    3.95905e+01    3.96370e+01    3.96739e+01    3.97043e+01    3.97303e+01    3.97529e+01    3.97726e+01    3.97904e+01    3.98060e+01    3.98201e+01    3.98325e+01    3.98439e+01    3.98542e+01    3.98636e+01    3.98723e+01    3.99293e+01    3.99591e+01    3.99771e+01    3.99887e+01    3.99967e+01    4.00023e+01    4.00059e+01    4.00087e+01    
1.04780e+03    3.88222e+01    3.91266e+01    3.93158e+01    3.94395e+01    3.95213e+01    3.95821e+01    3.96281e+01    3.96647e+01    3.96947e+01    3.97201e+01    3.97422e+01    3.97613e+01    3.97784e+01    3.97935e+01    3.98070e+01    3.98190e+01    3.98300e+01    3.98398e+01    3.98489e+01    3.98573e+01    3.99128e+01    3.99422e+01    3.99601e+01    3.99717e+01    3.99796e+01    3.99851e+01    3.99886e+01    3.99913e+01    
1.04800e+03    3.87670e+01    3.90687e+01    3.92443e+01    3.93580e+01    3.94358e+01    3.94978e+01    3.95458e+01    3.95838e+01    3.96146e+01    3.96410e+01    3.96642e+01    3.96846e+01    3.97031e+01    3.97195e+01    3.97344e+01    3.97475e+01    3.97596e+01    3.97705e+01    3.97805e+01    3.97899e+01    3.98504e+01    3.98811e+01    3.98989e+01    3.99101e+01    3.99176e+01    3.99226e+01    3.99260e+01    3.99286e+01    
1.04820e+03    3.87790e+01    3.90835e+01    3.92653e+01    3.93863e+01    3.94676e+01    3.95286e+01    3.95751e+01    3.96121e+01    3.96424e+01    3.96683e+01    3.96910e+01    3.97109e+01    3.97289e+01    3.97447e+01    3.97591e+01    3.97718e+01    3.97835e+01    3.97941e+01    3.98038e+01    3.98128e+01    3.98707e+01    3.98995e+01    3.99160e+01    3.99263e+01    3.99331e+01    3.99377e+01    3.99408e+01    3.99431e+01    
1.04840e+03    3.87958e+01    3.90988e+01    3.92861e+01    3.94137e+01    3.94985e+01    3.95600e+01    3.96070e+01    3.96444e+01    3.96746e+01    3.97003e+01    3.97229e+01    3.97426e+01    3.97604e+01    3.97760e+01    3.97901e+01    3.98024e+01    3.98137e+01    3.98238e+01    3.98330e+01    3.98415e+01    3.98968e+01    3.99251e+01    3.99418e+01    3.99524e+01    3.99595e+01    3.99643e+01    3.99674e+01    3.99699e+01    
1.04860e+03    3.87847e+01    3.90857e+01    3.92727e+01    3.93979e+01    3.94822e+01    3.95436e+01    3.95912e+01    3.96290e+01    3.96592e+01    3.96849e+01    3.97079e+01    3.97282e+01    3.97468e+01    3.97633e+01    3.97781e+01    3.97910e+01    3.98029e+01    3.98135e+01    3.98233e+01    3.98323e+01    3.98907e+01    3.99204e+01    3.99374e+01    3.99479e+01    3.99550e+01    3.99598e+01    3.99631e+01    3.99656e+01    
1.04880e+03    3.87741e+01    3.90746e+01    3.92608e+01    3.93849e+01    3.94695e+01    3.95306e+01    3.95787e+01    3.96169e+01    3.96468e+01    3.96722e+01    3.96949e+01    3.97152e+01    3.97338e+01    3.97503e+01    3.97651e+01    3.97781e+01    3.97901e+01    3.98008e+01    3.98106e+01    3.98198e+01    3.98789e+01    3.99089e+01    3.99256e+01    3.99358e+01    3.99427e+01    3.99477e+01    3.99513e+01    3.99540e+01    
1.04900e+03    3.87501e+01    3.90508e+01    3.92326e+01    3.93490e+01    3.94325e+01    3.94933e+01    3.95416e+01    3.95794e+01    3.96081e+01    3.96322e+01    3.96540e+01    3.96739e+01    3.96922e+01    3.97087e+01    3.97236e+01    3.97367e+01    3.97489e+01    3.97599e+01    3.97699e+01    3.97793e+01    3.98396e+01    3.98693e+01    3.98851e+01    3.98944e+01    3.99003e+01    3.99043e+01    3.99072e+01    3.99094e+01    
1.04920e+03    3.87030e+01    3.90031e+01    3.91737e+01    3.92726e+01    3.93549e+01    3.94170e+01    3.94656e+01    3.95025e+01    3.95298e+01    3.95526e+01    3.95741e+01    3.95941e+01    3.96131e+01    3.96305e+01    3.96465e+01    3.96608e+01    3.96742e+01    3.96865e+01    3.96977e+01    3.97083e+01    3.97744e+01    3.98037e+01    3.98173e+01    3.98242e+01    3.98284e+01    3.98317e+01    3.98345e+01    3.98370e+01    
1.04940e+03    3.87033e+01    3.90029e+01    3.91735e+01    3.92773e+01    3.93618e+01    3.94242e+01    3.94734e+01    3.95108e+01    3.95381e+01    3.95607e+01    3.95817e+01    3.96013e+01    3.96197e+01    3.96364e+01    3.96518e+01    3.96654e+01    3.96781e+01    3.96896e+01    3.97001e+01    3.97100e+01    3.97714e+01    3.97989e+01    3.98118e+01    3.98185e+01    3.98228e+01    3.98262e+01    3.98292e+01    3.98318e+01    
1.04960e+03    3.87231e+01    3.90243e+01    3.92010e+01    3.93116e+01    3.93932e+01    3.94542e+01    3.95042e+01    3.95441e+01    3.95746e+01    3.95996e+01    3.96213e+01    3.96403e+01    3.96574e+01    3.96724e+01    3.96861e+01    3.96982e+01    3.97094e+01    3.97196e+01    3.97288e+01    3.97375e+01    3.97932e+01    3.98200e+01    3.98333e+01    3.98407e+01    3.98454e+01    3.98491e+01    3.98520e+01    3.98544e+01    
1.04980e+03    3.86831e+01    3.89839e+01    3.91546e+01    3.92557e+01    3.93324e+01    3.93901e+01    3.94357e+01    3.94702e+01    3.94951e+01    3.95157e+01    3.95354e+01    3.95539e+01    3.95715e+01    3.95875e+01    3.96022e+01    3.96152e+01    3.96273e+01    3.96382e+01    3.96482e+01    3.96576e+01    3.97155e+01    3.97408e+01    3.97520e+01    3.97575e+01    3.97607e+01    3.97633e+01    3.97657e+01    3.97678e+01    
1.05000e+03    3.87079e+01    3.90086e+01    3.91853e+01    3.92975e+01    3.93797e+01    3.94397e+01    3.94873e+01    3.95237e+01    3.95502e+01    3.95721e+01    3.95922e+01    3.96108e+01    3.96281e+01    3.96437e+01    3.96578e+01    3.96702e+01    3.96816e+01    3.96919e+01    3.97012e+01    3.97099e+01    3.97628e+01    3.97859e+01    3.97968e+01    3.98026e+01    3.98061e+01    3.98086e+01    3.98107e+01    3.98125e+01    
1.05020e+03    3.87617e+01    3.90650e+01    3.92555e+01    3.93800e+01    3.94628e+01    3.95218e+01    3.95683e+01    3.96048e+01    3.96328e+01    3.96561e+01    3.96769e+01    3.96953e+01    3.97121e+01    3.97270e+01    3.97403e+01    3.97520e+01    3.97626e+01    3.97721e+01    3.97807e+01    3.97886e+01    3.98385e+01    3.98623e+01    3.98752e+01    3.98829e+01    3.98879e+01    3.98913e+01    3.98936e+01    3.98954e+01    
1.05040e+03    3.87760e+01    3.90791e+01    3.92713e+01    3.93991e+01    3.94829e+01    3.95426e+01    3.95891e+01    3.96257e+01    3.96543e+01    3.96782e+01    3.96993e+01    3.97178e+01    3.97346e+01    3.97494e+01    3.97626e+01    3.97741e+01    3.97846e+01    3.97939e+01    3.98024e+01    3.98103e+01    3.98604e+01    3.98854e+01    3.98995e+01    3.99081e+01    3.99138e+01    3.99176e+01    3.99201e+01    3.99221e+01    
1.05060e+03    3.87672e+01    3.90704e+01    3.92616e+01    3.93862e+01    3.94671e+01    3.95242e+01    3.95692e+01    3.96047e+01    3.96322e+01    3.96553e+01    3.96759e+01    3.96942e+01    3.97109e+01    3.97257e+01    3.97389e+01    3.97504e+01    3.97609e+01    3.97703e+01    3.97788e+01    3.97868e+01    3.98383e+01    3.98646e+01    3.98795e+01    3.98887e+01    3.98947e+01    3.98986e+01    3.99012e+01    3.99033e+01    
1.05080e+03    3.87189e+01    3.90207e+01    3.92016e+01    3.93114e+01    3.93884e+01    3.94447e+01    3.94894e+01    3.95240e+01    3.95498e+01    3.95713e+01    3.95911e+01    3.96094e+01    3.96264e+01    3.96417e+01    3.96555e+01    3.96676e+01    3.96788e+01    3.96888e+01    3.96979e+01    3.97064e+01    3.97613e+01    3.97879e+01    3.98011e+01    3.98083e+01    3.98129e+01    3.98162e+01    3.98188e+01    3.98210e+01    
1.05100e+03    3.87194e+01    3.90215e+01    3.92015e+01    3.93118e+01    3.93896e+01    3.94460e+01    3.94905e+01    3.95249e+01    3.95505e+01    3.95721e+01    3.95921e+01    3.96107e+01    3.96282e+01    3.96440e+01    3.96585e+01    3.96714e+01    3.96834e+01    3.96942e+01    3.97041e+01    3.97135e+01    3.97729e+01    3.98008e+01    3.98147e+01    3.98224e+01    3.98271e+01    3.98306e+01    3.98334e+01    3.98357e+01    
1.05120e+03    3.87592e+01    3.90635e+01    3.92518e+01    3.93713e+01    3.94491e+01    3.95058e+01    3.95508e+01    3.95862e+01    3.96138e+01    3.96369e+01    3.96578e+01    3.96766e+01    3.96939e+01    3.97094e+01    3.97235e+01    3.97361e+01    3.97477e+01    3.97583e+01    3.97679e+01    3.97771e+01    3.98366e+01    3.98672e+01    3.98849e+01    3.98959e+01    3.99032e+01    3.99084e+01    3.99119e+01    3.99146e+01    
1.05140e+03    3.87693e+01    3.90742e+01    3.92628e+01    3.93796e+01    3.94592e+01    3.95180e+01    3.95637e+01    3.95995e+01    3.96276e+01    3.96514e+01    3.96727e+01    3.96917e+01    3.97092e+01    3.97249e+01    3.97392e+01    3.97518e+01    3.97635e+01    3.97742e+01    3.97839e+01    3.97931e+01    3.98531e+01    3.98838e+01    3.99009e+01    3.99113e+01    3.99182e+01    3.99230e+01    3.99263e+01    3.99289e+01    
1.05160e+03    3.88023e+01    3.91076e+01    3.93020e+01    3.94256e+01    3.95064e+01    3.95659e+01    3.96110e+01    3.96469e+01    3.96761e+01    3.97008e+01    3.97223e+01    3.97410e+01    3.97578e+01    3.97725e+01    3.97859e+01    3.97977e+01    3.98086e+01    3.98184e+01    3.98274e+01    3.98359e+01    3.98921e+01    3.99222e+01    3.99404e+01    3.99522e+01    3.99602e+01    3.99659e+01    3.99697e+01    3.99725e+01    
1.05180e+03    3.88139e+01    3.91194e+01    3.93157e+01    3.94399e+01    3.95207e+01    3.95807e+01    3.96256e+01    3.96611e+01    3.96901e+01    3.97148e+01    3.97361e+01    3.97546e+01    3.97711e+01    3.97855e+01    3.97986e+01    3.98100e+01    3.98205e+01    3.98300e+01    3.98386e+01    3.98467e+01    3.99000e+01    3.99285e+01    3.99457e+01    3.99568e+01    3.99644e+01    3.99698e+01    3.99734e+01    3.99760e+01    
1.05200e+03    3.88140e+01    3.91189e+01    3.93141e+01    3.94372e+01    3.95185e+01    3.95792e+01    3.96245e+01    3.96602e+01    3.96895e+01    3.97144e+01    3.97358e+01    3.97542e+01    3.97707e+01    3.97851e+01    3.97980e+01    3.98093e+01    3.98198e+01    3.98292e+01    3.98377e+01    3.98458e+01    3.98987e+01    3.99271e+01    3.99445e+01    3.99559e+01    3.99636e+01    3.99690e+01    3.99725e+01    3.99751e+01    
1.05220e+03    3.88136e+01    3.91179e+01    3.93134e+01    3.94364e+01    3.95163e+01    3.95759e+01    3.96206e+01    3.96557e+01    3.96844e+01    3.97087e+01    3.97296e+01    3.97477e+01    3.97638e+01    3.97779e+01    3.97906e+01    3.98018e+01    3.98120e+01    3.98212e+01    3.98297e+01    3.98375e+01    3.98896e+01    3.99176e+01    3.99348e+01    3.99460e+01    3.99536e+01    3.99588e+01    3.99622e+01    3.99647e+01    
1.05240e+03    3.88121e+01    3.91169e+01    3.93129e+01    3.94352e+01    3.95147e+01    3.95737e+01    3.96179e+01    3.96527e+01    3.96808e+01    3.97046e+01    3.97248e+01    3.97422e+01    3.97576e+01    3.97711e+01    3.97831e+01    3.97936e+01    3.98032e+01    3.98119e+01    3.98197e+01    3.98271e+01    3.98763e+01    3.99034e+01    3.99200e+01    3.99308e+01    3.99383e+01    3.99436e+01    3.99472e+01    3.99498e+01    
1.05260e+03    3.88166e+01    3.91223e+01    3.93198e+01    3.94436e+01    3.95237e+01    3.95830e+01    3.96272e+01    3.96620e+01    3.96902e+01    3.97137e+01    3.97337e+01    3.97505e+01    3.97654e+01    3.97782e+01    3.97897e+01    3.97996e+01    3.98087e+01    3.98168e+01    3.98242e+01    3.98310e+01    3.98772e+01    3.99032e+01    3.99193e+01    3.99299e+01    3.99372e+01    3.99423e+01    3.99456e+01    3.99480e+01    
1.05280e+03    3.88117e+01    3.91169e+01    3.93127e+01    3.94378e+01    3.95186e+01    3.95784e+01    3.96229e+01    3.96579e+01    3.96864e+01    3.97103e+01    3.97306e+01    3.97478e+01    3.97630e+01    3.97762e+01    3.97879e+01    3.97981e+01    3.98075e+01    3.98158e+01    3.98233e+01    3.98304e+01    3.98767e+01    3.99019e+01    3.99175e+01    3.99278e+01    3.99349e+01    3.99397e+01    3.99429e+01    3.99451e+01    
1.05300e+03    3.87995e+01    3.91052e+01    3.92971e+01    3.94191e+01    3.94987e+01    3.95570e+01    3.96011e+01    3.96359e+01    3.96640e+01    3.96875e+01    3.97076e+01    3.97247e+01    3.97399e+01    3.97531e+01    3.97648e+01    3.97750e+01    3.97844e+01    3.97927e+01    3.98002e+01    3.98073e+01    3.98544e+01    3.98801e+01    3.98954e+01    3.99051e+01    3.99117e+01    3.99163e+01    3.99194e+01    3.99216e+01    
1.05320e+03    3.87974e+01    3.91060e+01    3.92972e+01    3.94137e+01    3.94903e+01    3.95462e+01    3.95891e+01    3.96231e+01    3.96500e+01    3.96725e+01    3.96919e+01    3.97086e+01    3.97236e+01    3.97366e+01    3.97483e+01    3.97584e+01    3.97677e+01    3.97761e+01    3.97836e+01    3.97907e+01    3.98381e+01    3.98640e+01    3.98793e+01    3.98890e+01    3.98955e+01    3.98998e+01    3.99026e+01    3.99047e+01    
1.05340e+03    3.88292e+01    3.91384e+01    3.93323e+01    3.94550e+01    3.95353e+01    3.95952e+01    3.96399e+01    3.96752e+01    3.97041e+01    3.97285e+01    3.97489e+01    3.97662e+01    3.97814e+01    3.97946e+01    3.98064e+01    3.98167e+01    3.98262e+01    3.98347e+01    3.98424e+01    3.98497e+01    3.98983e+01    3.99251e+01    3.99416e+01    3.99522e+01    3.99596e+01    3.99645e+01    3.99678e+01    3.99702e+01    
1.05360e+03    3.88320e+01    3.91394e+01    3.93314e+01    3.94562e+01    3.95377e+01    3.95991e+01    3.96449e+01    3.96812e+01    3.97110e+01    3.97362e+01    3.97574e+01    3.97754e+01    3.97913e+01    3.98051e+01    3.98177e+01    3.98288e+01    3.98391e+01    3.98485e+01    3.98571e+01    3.98651e+01    3.99186e+01    3.99472e+01    3.99646e+01    3.99759e+01    3.99835e+01    3.99888e+01    3.99922e+01    3.99946e+01    
1.05380e+03    3.88037e+01    3.91103e+01    3.92964e+01    3.94134e+01    3.94926e+01    3.95528e+01    3.95987e+01    3.96352e+01    3.96650e+01    3.96900e+01    3.97114e+01    3.97297e+01    3.97460e+01    3.97603e+01    3.97734e+01    3.97849e+01    3.97957e+01    3.98054e+01    3.98143e+01    3.98228e+01    3.98783e+01    3.99073e+01    3.99242e+01    3.99348e+01    3.99419e+01    3.99468e+01    3.99501e+01    3.99525e+01    
1.05400e+03    3.87986e+01    3.91057e+01    3.92936e+01    3.94094e+01    3.94876e+01    3.95468e+01    3.95912e+01    3.96265e+01    3.96555e+01    3.96799e+01    3.97007e+01    3.97183e+01    3.97339e+01    3.97475e+01    3.97597e+01    3.97704e+01    3.97803e+01    3.97891e+01    3.97972e+01    3.98047e+01    3.98558e+01    3.98839e+01    3.99006e+01    3.99113e+01    3.99186e+01    3.99235e+01    3.99266e+01    3.99289e+01    
1.05420e+03    3.88024e+01    3.91092e+01    3.92991e+01    3.94162e+01    3.94946e+01    3.95538e+01    3.95982e+01    3.96334e+01    3.96624e+01    3.96870e+01    3.97079e+01    3.97257e+01    3.97413e+01    3.97549e+01    3.97670e+01    3.97775e+01    3.97871e+01    3.97957e+01    3.98035e+01    3.98108e+01    3.98603e+01    3.98881e+01    3.99051e+01    3.99161e+01    3.99236e+01    3.99288e+01    3.99321e+01    3.99346e+01    
1.05440e+03    3.88030e+01    3.91096e+01    3.92994e+01    3.94167e+01    3.94956e+01    3.95558e+01    3.96006e+01    3.96360e+01    3.96653e+01    3.96901e+01    3.97111e+01    3.97288e+01    3.97445e+01    3.97580e+01    3.97701e+01    3.97806e+01    3.97903e+01    3.97989e+01    3.98068e+01    3.98141e+01    3.98640e+01    3.98918e+01    3.99089e+01    3.99200e+01    3.99276e+01    3.99329e+01    3.99364e+01    3.99389e+01    
1.05460e+03    3.88099e+01    3.91187e+01    3.93091e+01    3.94272e+01    3.95060e+01    3.95656e+01    3.96101e+01    3.96455e+01    3.96747e+01    3.96994e+01    3.97200e+01    3.97372e+01    3.97523e+01    3.97653e+01    3.97769e+01    3.97870e+01    3.97962e+01    3.98045e+01    3.98120e+01    3.98190e+01    3.98670e+01    3.98944e+01    3.99112e+01    3.99221e+01    3.99296e+01    3.99347e+01    3.99381e+01    3.99406e+01    
1.05480e+03    3.88161e+01    3.91267e+01    3.93169e+01    3.94354e+01    3.95143e+01    3.95735e+01    3.96178e+01    3.96531e+01    3.96821e+01    3.97064e+01    3.97268e+01    3.97439e+01    3.97589e+01    3.97718e+01    3.97834e+01    3.97935e+01    3.98029e+01    3.98113e+01    3.98190e+01    3.98261e+01    3.98753e+01    3.99029e+01    3.99197e+01    3.99305e+01    3.99379e+01    3.99431e+01    3.99465e+01    3.99490e+01    
1.05500e+03    3.88120e+01    3.91225e+01    3.93135e+01    3.94303e+01    3.95078e+01    3.95656e+01    3.96084e+01    3.96418e+01    3.96691e+01    3.96921e+01    3.97116e+01    3.97283e+01    3.97430e+01    3.97558e+01    3.97672e+01    3.97772e+01    3.97863e+01    3.97945e+01    3.98019e+01    3.98089e+01    3.98570e+01    3.98847e+01    3.99014e+01    3.99121e+01    3.99194e+01    3.99243e+01    3.99275e+01    3.99299e+01    
1.05520e+03    3.88174e+01    3.91260e+01    3.93184e+01    3.94365e+01    3.95161e+01    3.95753e+01    3.96192e+01    3.96538e+01    3.96819e+01    3.97054e+01    3.97250e+01    3.97414e+01    3.97558e+01    3.97681e+01    3.97792e+01    3.97888e+01    3.97976e+01    3.98056e+01    3.98128e+01    3.98195e+01    3.98661e+01    3.98929e+01    3.99095e+01    3.99203e+01    3.99278e+01    3.99328e+01    3.99360e+01    3.99384e+01    
1.05540e+03    3.88283e+01    3.91358e+01    3.93315e+01    3.94525e+01    3.95324e+01    3.95916e+01    3.96352e+01    3.96696e+01    3.96976e+01    3.97210e+01    3.97404e+01    3.97565e+01    3.97707e+01    3.97829e+01    3.97938e+01    3.98033e+01    3.98121e+01    3.98200e+01    3.98272e+01    3.98339e+01    3.98798e+01    3.99058e+01    3.99219e+01    3.99324e+01    3.99397e+01    3.99446e+01    3.99479e+01    3.99503e+01    
1.05560e+03    3.88271e+01    3.91345e+01    3.93289e+01    3.94490e+01    3.95289e+01    3.95883e+01    3.96320e+01    3.96663e+01    3.96944e+01    3.97179e+01    3.97375e+01    3.97538e+01    3.97682e+01    3.97805e+01    3.97915e+01    3.98010e+01    3.98098e+01    3.98177e+01    3.98248e+01    3.98315e+01    3.98778e+01    3.99046e+01    3.99211e+01    3.99318e+01    3.99392e+01    3.99442e+01    3.99474e+01    3.99499e+01    
1.05580e+03    3.88138e+01    3.91212e+01    3.93133e+01    3.94312e+01    3.95102e+01    3.95687e+01    3.96110e+01    3.96440e+01    3.96711e+01    3.96938e+01    3.97130e+01    3.97292e+01    3.97434e+01    3.97556e+01    3.97664e+01    3.97756e+01    3.97840e+01    3.97914e+01    3.97981e+01    3.98044e+01    3.98478e+01    3.98735e+01    3.98893e+01    3.98996e+01    3.99066e+01    3.99113e+01    3.99143e+01    3.99164e+01    
1.05600e+03    3.88114e+01    3.91190e+01    3.93098e+01    3.94285e+01    3.95072e+01    3.95648e+01    3.96064e+01    3.96388e+01    3.96655e+01    3.96881e+01    3.97073e+01    3.97234e+01    3.97377e+01    3.97500e+01    3.97608e+01    3.97702e+01    3.97786e+01    3.97861e+01    3.97929e+01    3.97992e+01    3.98429e+01    3.98687e+01    3.98848e+01    3.98953e+01    3.99025e+01    3.99072e+01    3.99103e+01    3.99124e+01    
1.05620e+03    3.88053e+01    3.91126e+01    3.92998e+01    3.94183e+01    3.94967e+01    3.95546e+01    3.95980e+01    3.96320e+01    3.96592e+01    3.96819e+01    3.97013e+01    3.97178e+01    3.97325e+01    3.97453e+01    3.97567e+01    3.97667e+01    3.97759e+01    3.97841e+01    3.97916e+01    3.97986e+01    3.98452e+01    3.98707e+01    3.98865e+01    3.98968e+01    3.99039e+01    3.99087e+01    3.99118e+01    3.99140e+01    
1.05640e+03    3.88115e+01    3.91212e+01    3.93084e+01    3.94234e+01    3.95008e+01    3.95587e+01    3.96018e+01    3.96355e+01    3.96626e+01    3.96854e+01    3.97050e+01    3.97218e+01    3.97369e+01    3.97502e+01    3.97623e+01    3.97730e+01    3.97830e+01    3.97919e+01    3.98002e+01    3.98079e+01    3.98573e+01    3.98822e+01    3.98972e+01    3.99068e+01    3.99134e+01    3.99179e+01    3.99209e+01    3.99231e+01    
1.05660e+03    3.88288e+01    3.91392e+01    3.93312e+01    3.94513e+01    3.95314e+01    3.95914e+01    3.96355e+01    3.96699e+01    3.96980e+01    3.97214e+01    3.97410e+01    3.97574e+01    3.97718e+01    3.97842e+01    3.97952e+01    3.98047e+01    3.98135e+01    3.98212e+01    3.98282e+01    3.98347e+01    3.98769e+01    3.98991e+01    3.99128e+01    3.99217e+01    3.99278e+01    3.99320e+01    3.99348e+01    3.99368e+01    
1.05680e+03    3.88296e+01    3.91404e+01    3.93340e+01    3.94549e+01    3.95350e+01    3.95949e+01    3.96390e+01    3.96735e+01    3.97017e+01    3.97252e+01    3.97450e+01    3.97615e+01    3.97759e+01    3.97882e+01    3.97992e+01    3.98086e+01    3.98171e+01    3.98247e+01    3.98314e+01    3.98377e+01    3.98767e+01    3.98962e+01    3.99081e+01    3.99158e+01    3.99210e+01    3.99245e+01    3.99266e+01    3.99282e+01    
1.05700e+03    3.88168e+01    3.91261e+01    3.93174e+01    3.94396e+01    3.95205e+01    3.95807e+01    3.96249e+01    3.96596e+01    3.96880e+01    3.97120e+01    3.97320e+01    3.97487e+01    3.97634e+01    3.97759e+01    3.97870e+01    3.97966e+01    3.98052e+01    3.98128e+01    3.98197e+01    3.98260e+01    3.98659e+01    3.98862e+01    3.98984e+01    3.99063e+01    3.99116e+01    3.99150e+01    3.99171e+01    3.99187e+01    
1.05720e+03    3.88134e+01    3.91228e+01    3.93148e+01    3.94341e+01    3.95136e+01    3.95729e+01    3.96166e+01    3.96507e+01    3.96782e+01    3.97013e+01    3.97211e+01    3.97380e+01    3.97529e+01    3.97658e+01    3.97773e+01    3.97872e+01    3.97962e+01    3.98041e+01    3.98113e+01    3.98179e+01    3.98600e+01    3.98813e+01    3.98941e+01    3.99022e+01    3.99078e+01    3.99115e+01    3.99139e+01    3.99159e+01    
1.05740e+03    3.88264e+01    3.91359e+01    3.93312e+01    3.94524e+01    3.95320e+01    3.95916e+01    3.96361e+01    3.96711e+01    3.96994e+01    3.97232e+01    3.97432e+01    3.97600e+01    3.97748e+01    3.97875e+01    3.97987e+01    3.98084e+01    3.98171e+01    3.98249e+01    3.98318e+01    3.98382e+01    3.98792e+01    3.99007e+01    3.99138e+01    3.99224e+01    3.99282e+01    3.99322e+01    3.99348e+01    3.99368e+01    
1.05760e+03    3.88362e+01    3.91459e+01    3.93413e+01    3.94639e+01    3.95448e+01    3.96052e+01    3.96504e+01    3.96860e+01    3.97151e+01    3.97394e+01    3.97599e+01    3.97770e+01    3.97921e+01    3.98050e+01    3.98165e+01    3.98264e+01    3.98354e+01    3.98434e+01    3.98506e+01    3.98573e+01    3.99004e+01    3.99232e+01    3.99373e+01    3.99466e+01    3.99530e+01    3.99572e+01    3.99599e+01    3.99618e+01    
1.05780e+03    3.88355e+01    3.91458e+01    3.93401e+01    3.94615e+01    3.95426e+01    3.96029e+01    3.96476e+01    3.96826e+01    3.97112e+01    3.97351e+01    3.97554e+01    3.97727e+01    3.97880e+01    3.98011e+01    3.98128e+01    3.98228e+01    3.98319e+01    3.98400e+01    3.98473e+01    3.98541e+01    3.98989e+01    3.99235e+01    3.99388e+01    3.99489e+01    3.99558e+01    3.99605e+01    3.99635e+01    3.99656e+01    
1.05800e+03    3.88352e+01    3.91459e+01    3.93390e+01    3.94602e+01    3.95405e+01    3.96003e+01    3.96444e+01    3.96790e+01    3.97074e+01    3.97315e+01    3.97521e+01    3.97698e+01    3.97856e+01    3.97992e+01    3.98115e+01    3.98221e+01    3.98318e+01    3.98405e+01    3.98484e+01    3.98557e+01    3.99039e+01    3.99298e+01    3.99459e+01    3.99564e+01    3.99637e+01    3.99688e+01    3.99723e+01    3.99747e+01    
1.05820e+03    3.88384e+01    3.91495e+01    3.93418e+01    3.94630e+01    3.95438e+01    3.96042e+01    3.96489e+01    3.96845e+01    3.97141e+01    3.97393e+01    3.97605e+01    3.97784e+01    3.97942e+01    3.98079e+01    3.98203e+01    3.98310e+01    3.98410e+01    3.98499e+01    3.98580e+01    3.98655e+01    3.99154e+01    3.99422e+01    3.99590e+01    3.99701e+01    3.99777e+01    3.99830e+01    3.99864e+01    3.99887e+01    
1.05840e+03    3.88365e+01    3.91489e+01    3.93412e+01    3.94609e+01    3.95405e+01    3.96003e+01    3.96443e+01    3.96791e+01    3.97080e+01    3.97325e+01    3.97534e+01    3.97711e+01    3.97868e+01    3.98004e+01    3.98127e+01    3.98234e+01    3.98332e+01    3.98421e+01    3.98501e+01    3.98576e+01    3.99074e+01    3.99345e+01    3.99513e+01    3.99622e+01    3.99697e+01    3.99747e+01    3.99780e+01    3.99803e+01    
1.05860e+03    3.88356e+01    3.91475e+01    3.93394e+01    3.94591e+01    3.95389e+01    3.95989e+01    3.96431e+01    3.96781e+01    3.97073e+01    3.97321e+01    3.97533e+01    3.97713e+01    3.97872e+01    3.98012e+01    3.98137e+01    3.98247e+01    3.98349e+01    3.98441e+01    3.98524e+01    3.98603e+01    3.99120e+01    3.99398e+01    3.99567e+01    3.99677e+01    3.99752e+01    3.99802e+01    3.99835e+01    3.99858e+01    
1.05880e+03    3.88383e+01    3.91496e+01    3.93427e+01    3.94631e+01    3.95431e+01    3.96029e+01    3.96470e+01    3.96819e+01    3.97111e+01    3.97359e+01    3.97570e+01    3.97751e+01    3.97911e+01    3.98051e+01    3.98177e+01    3.98288e+01    3.98391e+01    3.98483e+01    3.98568e+01    3.98647e+01    3.99171e+01    3.99451e+01    3.99623e+01    3.99735e+01    3.99812e+01    3.99865e+01    3.99900e+01    3.99924e+01    
1.05900e+03    3.88365e+01    3.91475e+01    3.93418e+01    3.94619e+01    3.95413e+01    3.96005e+01    3.96442e+01    3.96787e+01    3.97073e+01    3.97315e+01    3.97523e+01    3.97700e+01    3.97857e+01    3.97994e+01    3.98117e+01    3.98224e+01    3.98323e+01    3.98412e+01    3.98492e+01    3.98568e+01    3.99076e+01    3.99357e+01    3.99530e+01    3.99642e+01    3.99719e+01    3.99771e+01    3.99804e+01    3.99828e+01    
1.05920e+03    3.88394e+01    3.91491e+01    3.93434e+01    3.94650e+01    3.95457e+01    3.96058e+01    3.96506e+01    3.96863e+01    3.97156e+01    3.97402e+01    3.97610e+01    3.97785e+01    3.97940e+01    3.98075e+01    3.98197e+01    3.98304e+01    3.98404e+01    3.98494e+01    3.98577e+01    3.98655e+01    3.99174e+01    3.99455e+01    3.99627e+01    3.99739e+01    3.99815e+01    3.99867e+01    3.99901e+01    3.99924e+01    
1.05940e+03    3.88387e+01    3.91480e+01    3.93432e+01    3.94646e+01    3.95449e+01    3.96046e+01    3.96493e+01    3.96849e+01    3.97141e+01    3.97386e+01    3.97591e+01    3.97764e+01    3.97915e+01    3.98047e+01    3.98165e+01    3.98268e+01    3.98364e+01    3.98450e+01    3.98529e+01    3.98603e+01    3.99101e+01    3.99375e+01    3.99544e+01    3.99654e+01    3.99729e+01    3.99782e+01    3.99817e+01    3.99841e+01    
1.05960e+03    3.88449e+01    3.91546e+01    3.93502e+01    3.94712e+01    3.95515e+01    3.96114e+01    3.96559e+01    3.96912e+01    3.97201e+01    3.97445e+01    3.97649e+01    3.97822e+01    3.97974e+01    3.98107e+01    3.98227e+01    3.98334e+01    3.98432e+01    3.98521e+01    3.98603e+01    3.98680e+01    3.99196e+01    3.99474e+01    3.99640e+01    3.99746e+01    3.99819e+01    3.99870e+01    3.99904e+01    3.99928e+01    
1.05980e+03    3.88461e+01    3.91565e+01    3.93501e+01    3.94705e+01    3.95511e+01    3.96113e+01    3.96559e+01    3.96911e+01    3.97201e+01    3.97445e+01    3.97653e+01    3.97829e+01    3.97986e+01    3.98122e+01    3.98246e+01    3.98354e+01    3.98455e+01    3.98545e+01    3.98628e+01    3.98706e+01    3.99235e+01    3.99522e+01    3.99690e+01    3.99795e+01    3.99865e+01    3.99914e+01    3.99947e+01    3.99971e+01    
1.06000e+03    3.88406e+01    3.91519e+01    3.93434e+01    3.94624e+01    3.95427e+01    3.96028e+01    3.96474e+01    3.96824e+01    3.97110e+01    3.97352e+01    3.97559e+01    3.97734e+01    3.97890e+01    3.98024e+01    3.98145e+01    3.98249e+01    3.98344e+01    3.98429e+01    3.98506e+01    3.98578e+01    3.99040e+01    3.99285e+01    3.99436e+01    3.99536e+01    3.99605e+01    3.99652e+01    3.99683e+01    3.99706e+01    
