                                             NORMALIZED SPECTRUM
               |-------------------------------------------------------------------------------------------------------------------------------------------------------------------------------------------------------------------------------------------------------------------------------------------------------------------------------------------------------------------------------------------------------------------------------|
WAVELENGTH [A]    1 Myr          2 Myr          3 Myr          4 Myr          5 Myr          6 Myr          7 Myr          8 Myr          9 Myr          10 Myr         11 Myr         12 Myr         13 Myr        14 Myr         15 Myr         16 Myr          17 Myr        18 Myr         19 Myr         20 Myr          30Myr          40Myr          50Myr           60Myr         70Myr           80Myr         90Myr           100Myr
1.01600e+03    9.94600e-01    9.98700e-01    1.00060e+00    1.00060e+00    1.00050e+00    1.00190e+00    1.00080e+00    1.00090e+00    1.00110e+00    1.00130e+00    1.00160e+00    1.00190e+00    1.00220e+00    1.00250e+00    1.00280e+00    1.00320e+00    1.00360e+00    1.00420e+00    1.00450e+00    1.00500e+00    1.01290e+00    1.05050e+00    1.08770e+00    1.11110e+00    1.09780e+00    1.04860e+00    1.00600e+00    1.00050e+00    
1.01620e+03    9.95400e-01    9.98600e-01    1.00010e+00    1.00010e+00    1.00010e+00    1.00030e+00    1.00010e+00    1.00010e+00    1.00020e+00    1.00020e+00    1.00020e+00    1.00030e+00    1.00030e+00    1.00040e+00    1.00040e+00    1.00050e+00    1.00060e+00    1.00060e+00    1.00070e+00    1.00080e+00    1.00200e+00    1.00770e+00    1.01340e+00    1.01700e+00    1.01500e+00    1.00740e+00    1.00090e+00    1.00010e+00    
1.01640e+03    9.94100e-01    9.97100e-01    9.99000e-01    9.99600e-01    9.99700e-01    9.99200e-01    9.99500e-01    9.99400e-01    9.99200e-01    9.99100e-01    9.98900e-01    9.98700e-01    9.98500e-01    9.98300e-01    9.98000e-01    9.97700e-01    9.97400e-01    9.96900e-01    9.96400e-01    9.95700e-01    9.83000e-01    9.79600e-01    9.79600e-01    9.80200e-01    9.84700e-01    9.92500e-01    9.99100e-01    9.99900e-01    
1.01660e+03    1.00130e+00    1.00390e+00    1.00270e+00    9.99800e-01    9.99800e-01    1.00030e+00    9.99700e-01    9.99600e-01    9.99500e-01    9.99300e-01    9.99200e-01    9.99000e-01    9.98800e-01    9.98700e-01    9.98500e-01    9.98200e-01    9.97900e-01    9.97300e-01    9.96700e-01    9.95400e-01    9.72600e-01    1.01300e+00    1.06110e+00    1.09310e+00    1.08750e+00    1.04360e+00    1.00540e+00    1.00050e+00    
1.01680e+03    1.00300e+00    1.00510e+00    1.00270e+00    9.98700e-01    9.98800e-01    9.97600e-01    9.98100e-01    9.97600e-01    9.97200e-01    9.96500e-01    9.95800e-01    9.95000e-01    9.94200e-01    9.93500e-01    9.92400e-01    9.91200e-01    9.90000e-01    9.87900e-01    9.86000e-01    9.82700e-01    9.24000e-01    9.46100e-01    9.85100e-01    1.01280e+00    1.02250e+00    1.01150e+00    1.00140e+00    1.00010e+00    
1.01700e+03    9.97600e-01    9.99100e-01    9.98600e-01    9.97300e-01    9.97500e-01    9.94000e-01    9.96300e-01    9.95300e-01    9.94400e-01    9.93100e-01    9.91800e-01    9.90200e-01    9.88600e-01    9.87100e-01    9.85000e-01    9.82700e-01    9.80500e-01    9.76600e-01    9.73400e-01    9.67900e-01    8.70700e-01    8.54500e-01    8.63700e-01    8.74200e-01    9.06000e-01    9.53700e-01    9.94300e-01    9.99500e-01    
1.01720e+03    9.93000e-01    9.93800e-01    9.95200e-01    9.96600e-01    9.96900e-01    9.92100e-01    9.95300e-01    9.94100e-01    9.92900e-01    9.91400e-01    9.89700e-01    9.87700e-01    9.85800e-01    9.83900e-01    9.81300e-01    9.78300e-01    9.75600e-01    9.70900e-01    9.66900e-01    9.60400e-01    8.44500e-01    8.05700e-01    7.96500e-01    7.96100e-01    8.39800e-01    9.20800e-01    9.90300e-01    9.99200e-01    
1.01740e+03    9.87900e-01    9.88800e-01    9.92500e-01    9.96600e-01    9.96900e-01    9.92200e-01    9.95300e-01    9.94100e-01    9.92900e-01    9.91400e-01    9.89700e-01    9.87700e-01    9.85700e-01    9.83800e-01    9.81200e-01    9.78300e-01    9.75500e-01    9.70700e-01    9.66700e-01    9.60100e-01    8.41800e-01    8.09100e-01    8.06700e-01    8.10900e-01    8.53400e-01    9.27600e-01    9.91100e-01    9.99200e-01    
1.01760e+03    9.79100e-01    9.80300e-01    9.86300e-01    9.93300e-01    9.93600e-01    9.82800e-01    9.82000e-01    9.76800e-01    9.68400e-01    9.55100e-01    9.42800e-01    9.33300e-01    9.29100e-01    9.32800e-01    9.41900e-01    9.49900e-01    9.56900e-01    9.62300e-01    9.65900e-01    9.66600e-01    8.90100e-01    8.78600e-01    8.88800e-01    8.99400e-01    9.25700e-01    9.63400e-01    9.95500e-01    9.99600e-01    
1.01780e+03    9.81900e-01    9.83400e-01    9.91200e-01    9.99600e-01    9.99700e-01    9.99800e-01    1.00180e+00    1.00240e+00    1.00390e+00    1.00640e+00    1.00860e+00    1.00990e+00    1.00970e+00    1.00750e+00    1.00330e+00    9.99300e-01    9.95600e-01    9.90900e-01    9.87200e-01    9.82500e-01    9.21500e-01    9.17400e-01    9.29000e-01    9.39300e-01    9.57000e-01    9.78900e-01    9.97400e-01    9.99800e-01    
1.01800e+03    9.39300e-01    9.41400e-01    9.49100e-01    9.57000e-01    9.12800e-01    8.74400e-01    8.57100e-01    8.48400e-01    8.55200e-01    8.85300e-01    9.21700e-01    9.52900e-01    9.76600e-01    9.88400e-01    9.92400e-01    9.95600e-01    9.98400e-01    1.00040e+00    1.00160e+00    1.00140e+00    9.55700e-01    9.29100e-01    9.14000e-01    9.05500e-01    9.20000e-01    9.54900e-01    9.68500e-01    9.45900e-01    
1.01820e+03    9.11600e-01    9.10600e-01    8.99800e-01    8.96100e-01    8.91400e-01    8.76500e-01    8.82700e-01    8.70900e-01    8.72700e-01    8.98100e-01    9.27900e-01    9.50500e-01    9.59700e-01    9.48900e-01    9.23800e-01    9.01400e-01    8.82400e-01    8.64500e-01    8.52100e-01    8.44900e-01    9.45400e-01    9.39800e-01    9.03600e-01    8.77400e-01    8.63100e-01    8.64200e-01    8.74600e-01    8.93300e-01    
1.01840e+03    9.81300e-01    9.84200e-01    9.86600e-01    9.86400e-01    9.88900e-01    9.92400e-01    9.77900e-01    9.80100e-01    9.88900e-01    1.00510e+00    1.02100e+00    1.03330e+00    1.03950e+00    1.03650e+00    1.02690e+00    1.01800e+00    1.01020e+00    1.00230e+00    9.96600e-01    9.91800e-01    9.84100e-01    9.57100e-01    9.29600e-01    9.11800e-01    9.18000e-01    9.48200e-01    9.82400e-01    9.99300e-01    
1.01860e+03    1.03760e+00    1.04240e+00    1.05360e+00    1.05860e+00    1.05930e+00    1.06520e+00    1.05530e+00    1.05670e+00    1.05650e+00    1.05250e+00    1.04840e+00    1.04610e+00    1.04750e+00    1.05420e+00    1.06480e+00    1.07420e+00    1.08210e+00    1.08940e+00    1.09450e+00    1.09720e+00    1.04460e+00    1.00490e+00    9.78200e-01    9.59900e-01    9.57600e-01    9.72600e-01    9.92900e-01    1.00630e+00    
1.01880e+03    1.06350e+00    1.06590e+00    1.06780e+00    1.06730e+00    1.06960e+00    1.07230e+00    1.06960e+00    1.07490e+00    1.07700e+00    1.07360e+00    1.06900e+00    1.06610e+00    1.06690e+00    1.07310e+00    1.08300e+00    1.09180e+00    1.09890e+00    1.10540e+00    1.10970e+00    1.11150e+00    1.04320e+00    1.00380e+00    9.81200e-01    9.65200e-01    9.61600e-01    9.70900e-01    9.67200e-01    9.49300e-01    
1.01900e+03    1.04440e+00    1.04580e+00    1.04990e+00    1.05200e+00    1.04140e+00    1.03570e+00    1.03670e+00    1.02760e+00    1.02550e+00    1.03610e+00    1.05120e+00    1.06410e+00    1.07420e+00    1.07990e+00    1.08220e+00    1.08380e+00    1.08480e+00    1.08460e+00    1.08420e+00    1.08150e+00    9.94700e-01    9.35200e-01    8.96200e-01    8.72900e-01    9.00200e-01    9.73600e-01    1.00210e+00    9.52100e-01    
1.01920e+03    9.51400e-01    9.47200e-01    9.41700e-01    9.29800e-01    9.22300e-01    9.16200e-01    9.03800e-01    8.57300e-01    8.34200e-01    8.53000e-01    8.89700e-01    9.20800e-01    9.44000e-01    9.54500e-01    9.56500e-01    9.57800e-01    9.59100e-01    9.59000e-01    9.58700e-01    9.56800e-01    8.95700e-01    8.32000e-01    7.81400e-01    7.49200e-01    7.64600e-01    8.25400e-01    8.52100e-01    8.19700e-01    
1.01940e+03    9.41200e-01    9.36600e-01    9.26700e-01    9.15900e-01    8.92600e-01    8.60200e-01    8.60000e-01    8.26800e-01    8.09100e-01    8.19600e-01    8.41600e-01    8.59000e-01    8.68700e-01    8.67000e-01    8.56900e-01    8.47300e-01    8.39600e-01    8.30200e-01    8.23200e-01    8.16700e-01    7.75900e-01    6.94700e-01    6.18900e-01    5.69700e-01    5.83000e-01    6.58000e-01    7.20600e-01    7.32200e-01    
1.01960e+03    9.78900e-01    9.78500e-01    9.77100e-01    9.71300e-01    9.28700e-01    8.83300e-01    8.71400e-01    8.59700e-01    8.58300e-01    8.72300e-01    8.88300e-01    8.98300e-01    8.96800e-01    8.78800e-01    8.48000e-01    8.19800e-01    7.95900e-01    7.70900e-01    7.52900e-01    7.38300e-01    7.35300e-01    6.86000e-01    6.30800e-01    5.95200e-01    6.06500e-01    6.63300e-01    7.05500e-01    7.08200e-01    
1.01980e+03    9.77500e-01    9.78100e-01    9.76700e-01    9.69000e-01    9.23700e-01    8.72400e-01    8.52000e-01    8.33100e-01    8.28700e-01    8.46100e-01    8.67900e-01    8.82800e-01    8.84600e-01    8.67300e-01    8.35500e-01    8.06400e-01    7.81900e-01    7.56400e-01    7.38000e-01    7.23600e-01    7.35300e-01    6.80700e-01    6.16500e-01    5.76100e-01    5.99000e-01    6.82100e-01    7.39200e-01    7.30900e-01    
1.02000e+03    9.89600e-01    9.92900e-01    1.00090e+00    9.98400e-01    9.54500e-01    9.24900e-01    9.24900e-01    9.26600e-01    9.26200e-01    9.22000e-01    9.14300e-01    9.05300e-01    8.92700e-01    8.75400e-01    8.53600e-01    8.33600e-01    8.16800e-01    7.98700e-01    7.85700e-01    7.74800e-01    7.59400e-01    6.95200e-01    6.29000e-01    5.86500e-01    6.03400e-01    6.77200e-01    7.19000e-01    6.98100e-01    
1.02020e+03    9.37500e-01    9.39500e-01    9.50100e-01    9.61900e-01    9.43600e-01    9.20600e-01    9.34400e-01    9.37100e-01    9.34900e-01    9.25700e-01    9.13500e-01    9.01600e-01    8.89300e-01    8.77000e-01    8.63800e-01    8.51500e-01    8.41300e-01    8.29600e-01    8.20900e-01    8.13100e-01    7.74400e-01    6.92700e-01    6.15500e-01    5.66300e-01    5.88400e-01    6.79200e-01    7.39900e-01    7.27300e-01    
1.02040e+03    7.82400e-01    7.75600e-01    7.66800e-01    7.37400e-01    7.08700e-01    7.53800e-01    7.92000e-01    8.02000e-01    8.02500e-01    7.91000e-01    7.75800e-01    7.63100e-01    7.54200e-01    7.51200e-01    7.52400e-01    7.53300e-01    7.55100e-01    7.55100e-01    7.55000e-01    7.54800e-01    7.39100e-01    6.43100e-01    5.47600e-01    4.87100e-01    5.17400e-01    6.35400e-01    7.21700e-01    7.15900e-01    
1.02060e+03    6.70300e-01    6.56300e-01    6.27300e-01    6.08000e-01    6.43400e-01    6.63300e-01    6.83900e-01    6.69300e-01    6.57700e-01    6.55500e-01    6.59400e-01    6.63600e-01    6.69100e-01    6.76200e-01    6.84900e-01    6.92700e-01    7.00800e-01    7.06600e-01    7.10800e-01    7.14200e-01    6.99700e-01    5.83500e-01    4.66900e-01    3.90400e-01    4.05700e-01    5.12500e-01    5.94500e-01    5.99700e-01    
1.02080e+03    7.55100e-01    7.52400e-01    7.57700e-01    7.54300e-01    7.10200e-01    6.91800e-01    7.03000e-01    6.99300e-01    6.94100e-01    6.88000e-01    6.82100e-01    6.76600e-01    6.71400e-01    6.66600e-01    6.62000e-01    6.57800e-01    6.55700e-01    6.51500e-01    6.48600e-01    6.46900e-01    6.57700e-01    5.58500e-01    4.51000e-01    3.78800e-01    3.79200e-01    4.54100e-01    5.26600e-01    5.60000e-01    
1.02100e+03    7.50000e-01    7.45300e-01    7.38400e-01    7.23600e-01    6.88300e-01    6.66200e-01    6.69500e-01    6.66300e-01    6.59700e-01    6.48100e-01    6.35200e-01    6.23100e-01    6.11600e-01    6.01300e-01    5.91400e-01    5.82500e-01    5.76700e-01    5.68900e-01    5.63400e-01    5.60400e-01    5.98900e-01    5.26900e-01    4.40900e-01    3.86200e-01    4.09800e-01    5.09000e-01    5.88800e-01    6.01000e-01    
1.02120e+03    7.42200e-01    7.35300e-01    7.19700e-01    7.00200e-01    6.61600e-01    6.34800e-01    6.57400e-01    6.55700e-01    6.47100e-01    6.29900e-01    6.11200e-01    5.94600e-01    5.80800e-01    5.71500e-01    5.65000e-01    5.59200e-01    5.56100e-01    5.50700e-01    5.46900e-01    5.44800e-01    5.69200e-01    4.86600e-01    3.93100e-01    3.31300e-01    3.37200e-01    4.11400e-01    4.82800e-01    5.16700e-01    
1.02140e+03    7.56700e-01    7.52900e-01    7.52800e-01    7.45800e-01    7.05600e-01    6.78500e-01    6.87300e-01    6.66000e-01    6.51400e-01    6.50400e-01    6.54900e-01    6.56900e-01    6.53600e-01    6.42700e-01    6.26000e-01    6.10700e-01    5.99100e-01    5.85400e-01    5.75600e-01    5.68500e-01    5.87600e-01    5.13500e-01    4.28800e-01    3.73700e-01    3.86600e-01    4.66200e-01    5.30600e-01    5.44800e-01    
1.02160e+03    8.14600e-01    8.13300e-01    8.16700e-01    8.21300e-01    8.08500e-01    7.92300e-01    8.08500e-01    7.87700e-01    7.78400e-01    7.91000e-01    8.09200e-01    8.21000e-01    8.20800e-01    8.03100e-01    7.71800e-01    7.43000e-01    7.18900e-01    6.92600e-01    6.73500e-01    6.57100e-01    6.21600e-01    5.43900e-01    4.67300e-01    4.16900e-01    4.23900e-01    4.87600e-01    5.38400e-01    5.50600e-01    
1.02180e+03    8.72700e-01    8.75900e-01    8.89400e-01    9.00400e-01    8.94500e-01    8.89200e-01    9.10600e-01    8.92800e-01    8.81300e-01    8.84500e-01    8.91300e-01    8.93200e-01    8.85600e-01    8.64600e-01    8.32400e-01    8.02500e-01    7.77200e-01    7.49400e-01    7.29200e-01    7.10800e-01    6.39800e-01    5.49300e-01    4.68100e-01    4.14000e-01    4.17400e-01    4.78300e-01    5.25900e-01    5.36900e-01    
1.02200e+03    8.74300e-01    8.78200e-01    8.87900e-01    8.97400e-01    8.97000e-01    8.87600e-01    9.15900e-01    8.89000e-01    8.70300e-01    8.71300e-01    8.79200e-01    8.82200e-01    8.76000e-01    8.56700e-01    8.26500e-01    7.98300e-01    7.74400e-01    7.47700e-01    7.28000e-01    7.09600e-01    6.15900e-01    5.04700e-01    4.08100e-01    3.44400e-01    3.52900e-01    4.33200e-01    4.97000e-01    5.09800e-01    
1.02220e+03    8.51700e-01    8.54400e-01    8.56500e-01    8.60200e-01    8.73900e-01    8.83800e-01    9.30800e-01    9.20200e-01    9.09000e-01    9.03500e-01    8.99100e-01    8.91700e-01    8.78200e-01    8.56400e-01    8.26800e-01    7.99100e-01    7.75500e-01    7.48600e-01    7.28700e-01    7.09200e-01    5.83600e-01    4.54900e-01    3.48700e-01    2.80600e-01    3.05800e-01    4.21200e-01    5.06400e-01    5.08200e-01    
1.02240e+03    7.98200e-01    7.98500e-01    7.89800e-01    7.83400e-01    8.10900e-01    8.29000e-01    8.68600e-01    8.58400e-01    8.48400e-01    8.44400e-01    8.41200e-01    8.34800e-01    8.21500e-01    7.98700e-01    7.67500e-01    7.38400e-01    7.14100e-01    6.86700e-01    6.66600e-01    6.48000e-01    5.62800e-01    4.51200e-01    3.52200e-01    2.88200e-01    3.06700e-01    4.05800e-01    4.81300e-01    4.89600e-01    
1.02260e+03    7.46500e-01    7.45600e-01    7.35500e-01    7.26800e-01    7.55300e-01    7.75600e-01    8.10600e-01    7.94900e-01    7.83300e-01    7.83500e-01    7.86400e-01    7.84800e-01    7.74000e-01    7.50200e-01    7.15700e-01    6.83800e-01    6.57200e-01    6.27900e-01    6.06600e-01    5.88200e-01    5.39700e-01    4.43600e-01    3.50000e-01    2.86100e-01    2.74000e-01    3.17200e-01    3.83200e-01    4.51600e-01    
1.02280e+03    7.13900e-01    7.13600e-01    7.09900e-01    7.08800e-01    7.33600e-01    7.57000e-01    8.03900e-01    7.85500e-01    7.72000e-01    7.73600e-01    7.78700e-01    7.78700e-01    7.68000e-01    7.42400e-01    7.04500e-01    6.69700e-01    6.40600e-01    6.08700e-01    5.85600e-01    5.65700e-01    5.22000e-01    4.45800e-01    3.71800e-01    3.22000e-01    3.16900e-01    3.58300e-01    4.17500e-01    4.76700e-01    
1.02300e+03    7.01300e-01    7.01400e-01    7.04400e-01    7.12000e-01    7.46800e-01    7.81300e-01    8.38300e-01    8.23500e-01    8.09200e-01    8.04400e-01    8.01800e-01    7.95400e-01    7.80800e-01    7.54800e-01    7.18900e-01    6.85800e-01    6.58100e-01    6.27500e-01    6.05100e-01    5.85200e-01    5.20500e-01    4.51000e-01    3.89900e-01    3.49600e-01    3.52300e-01    3.97300e-01    4.33000e-01    4.48300e-01    
1.02320e+03    6.74700e-01    6.71700e-01    6.66300e-01    6.72100e-01    7.21000e-01    7.53500e-01    8.22400e-01    7.94800e-01    7.70400e-01    7.62800e-01    7.61600e-01    7.56200e-01    7.41700e-01    7.14600e-01    6.76700e-01    6.41900e-01    6.12900e-01    5.80900e-01    5.57700e-01    5.37600e-01    4.89800e-01    4.02100e-01    3.17500e-01    2.62600e-01    2.74700e-01    3.52400e-01    4.17600e-01    4.38700e-01    
1.02340e+03    6.50800e-01    6.45300e-01    6.35000e-01    6.45200e-01    7.12400e-01    7.39900e-01    8.13900e-01    7.81100e-01    7.51200e-01    7.39100e-01    7.34400e-01    7.25900e-01    7.08300e-01    6.78400e-01    6.37800e-01    6.00600e-01    5.69800e-01    5.36200e-01    5.11900e-01    4.91700e-01    4.68800e-01    3.80500e-01    2.88400e-01    2.28100e-01    2.38800e-01    3.19100e-01    3.88400e-01    4.13500e-01    
1.02360e+03    6.20600e-01    6.12200e-01    5.92000e-01    5.95900e-01    6.72000e-01    6.98600e-01    7.75200e-01    7.33700e-01    6.98700e-01    6.88800e-01    6.89600e-01    6.85500e-01    6.70500e-01    6.40400e-01    5.97900e-01    5.59100e-01    5.27200e-01    4.93000e-01    4.68400e-01    4.49200e-01    4.68600e-01    3.87800e-01    2.91900e-01    2.28100e-01    2.30800e-01    3.00300e-01    3.61600e-01    3.88400e-01    
1.02380e+03    5.39200e-01    5.26000e-01    4.94600e-01    4.91000e-01    5.80900e-01    6.12500e-01    6.85100e-01    6.32600e-01    5.91900e-01    5.85200e-01    5.93800e-01    5.96900e-01    5.88500e-01    5.63700e-01    5.26000e-01    4.91800e-01    4.64300e-01    4.34600e-01    4.13500e-01    3.98300e-01    4.57100e-01    3.87200e-01    2.93300e-01    2.30600e-01    2.30700e-01    2.94300e-01    3.52400e-01    3.82100e-01    
1.02400e+03    4.52600e-01    4.34700e-01    3.91200e-01    3.70700e-01    4.69600e-01    5.18400e-01    5.80300e-01    5.26100e-01    4.84600e-01    4.77600e-01    4.87200e-01    4.92500e-01    4.88800e-01    4.71900e-01    4.45200e-01    4.21200e-01    4.02800e-01    3.82300e-01    3.67800e-01    3.58700e-01    4.39200e-01    3.72100e-01    2.76900e-01    2.11600e-01    1.97900e-01    2.38800e-01    2.90000e-01    3.39800e-01    
1.02420e+03    3.71500e-01    3.52200e-01    3.05900e-01    2.71100e-01    3.69600e-01    4.41600e-01    4.92500e-01    4.33300e-01    3.90400e-01    3.86700e-01    4.02300e-01    4.13600e-01    4.16600e-01    4.07100e-01    3.88900e-01    3.72700e-01    3.61400e-01    3.47700e-01    3.38300e-01    3.33600e-01    4.25300e-01    3.39100e-01    2.21700e-01    1.40200e-01    1.16600e-01    1.56200e-01    2.14400e-01    2.79200e-01    
1.02440e+03    3.27000e-01    3.09900e-01    2.73600e-01    2.43300e-01    3.31700e-01    4.18800e-01    4.77800e-01    4.29000e-01    3.90200e-01    3.80600e-01    3.86600e-01    3.90300e-01    3.88500e-01    3.78900e-01    3.63800e-01    3.50600e-01    3.42100e-01    3.31400e-01    3.24200e-01    3.21900e-01    4.35400e-01    3.78100e-01    2.86700e-01    2.26000e-01    2.29500e-01    2.96700e-01    3.45800e-01    3.55900e-01    
1.02460e+03    2.90600e-01    2.72800e-01    2.37600e-01    2.05300e-01    2.79700e-01    3.65800e-01    4.20300e-01    3.80200e-01    3.48800e-01    3.42900e-01    3.50200e-01    3.55200e-01    3.54900e-01    3.47000e-01    3.34100e-01    3.22800e-01    3.16200e-01    3.07600e-01    3.02000e-01    3.01600e-01    4.35900e-01    3.83800e-01    2.92600e-01    2.30700e-01    2.23600e-01    2.72700e-01    3.13400e-01    3.34600e-01    
1.02480e+03    2.25400e-01    2.07100e-01    1.81500e-01    1.55600e-01    2.07100e-01    2.86600e-01    3.25900e-01    2.99900e-01    2.81300e-01    2.82000e-01    2.91600e-01    2.99100e-01    3.01400e-01    2.96300e-01    2.86600e-01    2.78500e-01    2.74800e-01    2.69400e-01    2.66200e-01    2.68600e-01    4.31400e-01    3.78600e-01    2.79700e-01    2.12500e-01    2.05200e-01    2.59600e-01    3.10100e-01    3.40600e-01    
1.02500e+03    1.79900e-01    1.61100e-01    1.40100e-01    1.21800e-01    1.49700e-01    2.09500e-01    2.44400e-01    2.30600e-01    2.22300e-01    2.28500e-01    2.40300e-01    2.49900e-01    2.54700e-01    2.52200e-01    2.45500e-01    2.40200e-01    2.39200e-01    2.36600e-01    2.35500e-01    2.40000e-01    4.20900e-01    3.94500e-01    3.18200e-01    2.63500e-01    2.32300e-01    2.29300e-01    2.38000e-01    2.76600e-01    
1.02520e+03    1.44700e-01    1.26900e-01    1.09100e-01    9.48000e-02    1.12900e-01    1.60500e-01    1.84500e-01    1.83900e-01    1.85300e-01    1.92500e-01    2.00500e-01    2.07200e-01    2.10300e-01    2.08000e-01    2.02900e-01    1.99200e-01    1.99800e-01    1.98800e-01    1.98800e-01    2.04800e-01    4.01500e-01    3.55200e-01    2.55200e-01    1.88000e-01    1.85400e-01    2.48500e-01    3.04600e-01    3.32800e-01    
1.02540e+03    1.34000e-01    1.17900e-01    1.01600e-01    8.71000e-02    1.03900e-01    1.44100e-01    1.51100e-01    1.55900e-01    1.61200e-01    1.66700e-01    1.70800e-01    1.74500e-01    1.76000e-01    1.74300e-01    1.71500e-01    1.69900e-01    1.72600e-01    1.73700e-01    1.75500e-01    1.83500e-01    4.00600e-01    3.55300e-01    2.50800e-01    1.77900e-01    1.53800e-01    1.83200e-01    2.27900e-01    2.83300e-01    
1.02560e+03    1.28100e-01    1.12600e-01    9.48000e-02    7.88000e-02    9.75000e-02    1.36200e-01    1.38400e-01    1.42100e-01    1.47900e-01    1.56000e-01    1.63300e-01    1.69600e-01    1.73200e-01    1.72400e-01    1.69900e-01    1.68700e-01    1.71600e-01    1.73000e-01    1.74900e-01    1.83000e-01    3.99900e-01    3.58400e-01    2.57800e-01    1.87000e-01    1.57800e-01    1.75800e-01    2.16200e-01    2.79800e-01    
1.02580e+03    1.20300e-01    1.06100e-01    9.46000e-02    8.56000e-02    1.04600e-01    1.44200e-01    1.46200e-01    1.51800e-01    1.59700e-01    1.69700e-01    1.78300e-01    1.85600e-01    1.89700e-01    1.88700e-01    1.85400e-01    1.83300e-01    1.85400e-01    1.85900e-01    1.87100e-01    1.94400e-01    4.01600e-01    3.47900e-01    2.37600e-01    1.63200e-01    1.58600e-01    2.25600e-01    2.90000e-01    3.26900e-01    
1.02600e+03    1.41300e-01    1.28000e-01    1.14400e-01    1.06900e-01    1.44700e-01    1.83300e-01    1.77300e-01    1.73100e-01    1.76400e-01    1.90300e-01    2.06000e-01    2.18700e-01    2.25300e-01    2.22600e-01    2.14300e-01    2.07600e-01    2.05600e-01    2.01900e-01    2.00100e-01    2.04600e-01    4.00700e-01    3.46700e-01    2.37800e-01    1.63200e-01    1.48600e-01    1.97400e-01    2.53300e-01    3.01200e-01    
1.02620e+03    1.82800e-01    1.71100e-01    1.54200e-01    1.46900e-01    1.95700e-01    2.32200e-01    2.36700e-01    2.25000e-01    2.21600e-01    2.32600e-01    2.47700e-01    2.59700e-01    2.65300e-01    2.61100e-01    2.50900e-01    2.42300e-01    2.38400e-01    2.32600e-01    2.29100e-01    2.31500e-01    3.99900e-01    3.45400e-01    2.42300e-01    1.69000e-01    1.33200e-01    1.41600e-01    1.77600e-01    2.47800e-01    
1.02640e+03    2.22900e-01    2.13800e-01    1.97300e-01    1.92500e-01    2.33600e-01    2.57500e-01    2.73500e-01    2.50200e-01    2.39000e-01    2.51200e-01    2.71500e-01    2.87400e-01    2.94600e-01    2.89000e-01    2.74700e-01    2.62400e-01    2.55100e-01    2.46000e-01    2.40000e-01    2.39900e-01    3.96300e-01    3.50800e-01    2.60300e-01    1.97500e-01    1.78400e-01    2.06600e-01    2.48500e-01    3.00700e-01    
1.02660e+03    2.85000e-01    2.79600e-01    2.65000e-01    2.62400e-01    2.92300e-01    2.99000e-01    3.17200e-01    2.90000e-01    2.76700e-01    2.90000e-01    3.12400e-01    3.29500e-01    3.36000e-01    3.26900e-01    3.07100e-01    2.89800e-01    2.78000e-01    2.64500e-01    2.55400e-01    2.52900e-01    4.11900e-01    3.57700e-01    2.56500e-01    1.86900e-01    1.71500e-01    2.13500e-01    2.62600e-01    3.08000e-01    
1.02680e+03    3.38900e-01    3.35500e-01    3.16400e-01    3.12300e-01    3.29500e-01    3.26400e-01    3.69700e-01    3.41400e-01    3.26700e-01    3.41900e-01    3.66900e-01    3.85600e-01    3.91800e-01    3.79700e-01    3.54700e-01    3.32500e-01    3.16200e-01    2.98200e-01    2.85700e-01    2.79900e-01    4.17900e-01    3.53200e-01    2.45800e-01    1.72200e-01    1.59000e-01    2.09200e-01    2.60900e-01    2.99800e-01    
1.02700e+03    3.79700e-01    3.78100e-01    3.57900e-01    3.54800e-01    3.84200e-01    3.85600e-01    4.33000e-01    4.08300e-01    3.95400e-01    4.10000e-01    4.32900e-01    4.49400e-01    4.53300e-01    4.38700e-01    4.10900e-01    3.85800e-01    3.66700e-01    3.45500e-01    3.30600e-01    3.21400e-01    4.16300e-01    3.47700e-01    2.46600e-01    1.75800e-01    1.49700e-01    1.73200e-01    2.11600e-01    2.65100e-01    
1.02720e+03    4.18500e-01    4.18800e-01    4.00900e-01    3.96000e-01    4.13100e-01    4.18900e-01    4.82800e-01    4.61400e-01    4.49000e-01    4.60900e-01    4.79500e-01    4.91500e-01    4.90300e-01    4.69900e-01    4.35200e-01    4.03900e-01    3.79300e-01    3.52600e-01    3.33700e-01    3.21300e-01    4.14200e-01    3.49300e-01    2.51700e-01    1.83800e-01    1.61700e-01    1.89600e-01    2.30700e-01    2.82400e-01    
1.02740e+03    4.49600e-01    4.50900e-01    4.34700e-01    4.26400e-01    4.35200e-01    4.54400e-01    5.30900e-01    5.21900e-01    5.16100e-01    5.25500e-01    5.36900e-01    5.42300e-01    5.35300e-01    5.10400e-01    4.71700e-01    4.36800e-01    4.08900e-01    3.79000e-01    3.57700e-01    3.43100e-01    4.25100e-01    3.62800e-01    2.70300e-01    2.07100e-01    1.95000e-01    2.36500e-01    2.84300e-01    3.27800e-01    
1.02760e+03    4.53300e-01    4.54400e-01    4.40200e-01    4.31500e-01    4.49500e-01    4.87700e-01    5.62100e-01    5.59600e-01    5.60000e-01    5.74200e-01    5.88900e-01    5.97500e-01    5.93700e-01    5.72100e-01    5.36800e-01    5.04700e-01    4.78800e-01    4.50400e-01    4.30000e-01    4.14600e-01    4.43400e-01    3.56200e-01    2.52300e-01    1.82300e-01    1.78900e-01    2.43400e-01    3.08200e-01    3.48700e-01    
1.02780e+03    4.31600e-01    4.29500e-01    4.07200e-01    3.83100e-01    4.05800e-01    4.68800e-01    5.43600e-01    5.40400e-01    5.42000e-01    5.60500e-01    5.80200e-01    5.92900e-01    5.92000e-01    5.71300e-01    5.35700e-01    5.03200e-01    4.77100e-01    4.48500e-01    4.28100e-01    4.12800e-01    4.48700e-01    3.62700e-01    2.57500e-01    1.84400e-01    1.61900e-01    1.94900e-01    2.42100e-01    2.96700e-01    
1.02800e+03    4.05500e-01    4.01100e-01    3.74000e-01    3.44000e-01    3.62000e-01    4.26500e-01    5.03700e-01    4.94700e-01    4.93400e-01    5.14800e-01    5.39600e-01    5.56500e-01    5.57900e-01    5.36900e-01    4.99000e-01    4.64700e-01    4.37100e-01    4.07400e-01    3.86300e-01    3.71400e-01    4.38500e-01    3.58400e-01    2.51000e-01    1.77000e-01    1.59600e-01    2.02600e-01    2.53600e-01    3.01100e-01    
1.02820e+03    4.47300e-01    4.44100e-01    4.20500e-01    3.87400e-01    4.06100e-01    4.81200e-01    5.53100e-01    5.52700e-01    5.55000e-01    5.70400e-01    5.85400e-01    5.93900e-01    5.89100e-01    5.65100e-01    5.26600e-01    4.91600e-01    4.63300e-01    4.32700e-01    4.11000e-01    3.95100e-01    4.47200e-01    3.51300e-01    2.30900e-01    1.47600e-01    1.25500e-01    1.69800e-01    2.27800e-01    2.85500e-01    
1.02840e+03    4.87700e-01    4.86800e-01    4.72100e-01    4.42300e-01    4.60500e-01    5.37000e-01    5.88300e-01    5.90000e-01    5.95000e-01    6.10700e-01    6.24600e-01    6.32200e-01    6.26700e-01    6.02600e-01    5.64100e-01    5.29000e-01    5.00400e-01    4.69400e-01    4.47200e-01    4.30400e-01    4.61100e-01    3.62500e-01    2.44900e-01    1.63700e-01    1.43200e-01    1.88300e-01    2.44800e-01    2.98600e-01    
1.02860e+03    5.03900e-01    5.01000e-01    4.79300e-01    4.45400e-01    4.77700e-01    5.66600e-01    6.26500e-01    6.41300e-01    6.52400e-01    6.62500e-01    6.66600e-01    6.66100e-01    6.56200e-01    6.33000e-01    5.99000e-01    5.67900e-01    5.42600e-01    5.14600e-01    4.94400e-01    4.78200e-01    4.75600e-01    3.68600e-01    2.51800e-01    1.72300e-01    1.61500e-01    2.22500e-01    2.86800e-01    3.31400e-01    
1.02880e+03    4.99400e-01    4.91400e-01    4.50500e-01    4.05500e-01    4.73400e-01    5.77400e-01    6.40500e-01    6.42700e-01    6.47800e-01    6.64700e-01    6.81700e-01    6.93100e-01    6.94500e-01    6.81000e-01    6.56100e-01    6.32900e-01    6.14200e-01    5.92300e-01    5.76300e-01    5.62200e-01    5.10500e-01    3.95500e-01    2.83900e-01    2.06500e-01    1.85100e-01    2.24300e-01    2.72300e-01    3.19100e-01    
1.02900e+03    5.58300e-01    5.53600e-01    5.24900e-01    4.90300e-01    5.53200e-01    6.57400e-01    7.23500e-01    7.35000e-01    7.42900e-01    7.51900e-01    7.57000e-01    7.58400e-01    7.52500e-01    7.36300e-01    7.11400e-01    6.88200e-01    6.69200e-01    6.46800e-01    6.30400e-01    6.15000e-01    5.33500e-01    4.17600e-01    3.12500e-01    2.38600e-01    2.10400e-01    2.33300e-01    2.67800e-01    3.13600e-01    
1.02920e+03    5.88600e-01    5.83800e-01    5.50800e-01    5.16500e-01    5.97200e-01    6.88800e-01    7.32100e-01    7.43800e-01    7.52300e-01    7.59000e-01    7.60300e-01    7.58000e-01    7.48000e-01    7.27500e-01    6.97900e-01    6.70400e-01    6.47800e-01    6.22100e-01    6.03300e-01    5.86500e-01    5.24100e-01    4.15600e-01    3.12900e-01    2.41900e-01    2.24000e-01    2.62600e-01    3.02100e-01    3.34800e-01    
1.02940e+03    5.75800e-01    5.69900e-01    5.36000e-01    5.12100e-01    6.04500e-01    6.67700e-01    6.94500e-01    7.00700e-01    7.05700e-01    7.10900e-01    7.12000e-01    7.09300e-01    6.98800e-01    6.77300e-01    6.46600e-01    6.18400e-01    5.95300e-01    5.69600e-01    5.51000e-01    5.35600e-01    5.15500e-01    4.19700e-01    3.19000e-01    2.47800e-01    2.17600e-01    2.34100e-01    2.62400e-01    3.06900e-01    
1.02960e+03    5.63500e-01    5.56100e-01    5.19800e-01    5.09500e-01    6.21500e-01    6.65900e-01    6.94300e-01    7.04200e-01    7.08600e-01    7.06000e-01    6.97400e-01    6.87000e-01    6.71400e-01    6.49100e-01    6.20700e-01    5.94700e-01    5.73800e-01    5.50400e-01    5.33500e-01    5.20100e-01    5.20600e-01    4.43000e-01    3.56100e-01    2.93600e-01    2.57200e-01    2.53300e-01    2.66900e-01    3.14000e-01    
1.02980e+03    5.46400e-01    5.38700e-01    5.00100e-01    4.91300e-01    6.09800e-01    6.46700e-01    6.65600e-01    6.74300e-01    6.78200e-01    6.75600e-01    6.67900e-01    6.59000e-01    6.46500e-01    6.29300e-01    6.07800e-01    5.88200e-01    5.72800e-01    5.55000e-01    5.42200e-01    5.32200e-01    5.37800e-01    4.57200e-01    3.67300e-01    3.04200e-01    2.81600e-01    3.03300e-01    3.26700e-01    3.54400e-01    
1.03000e+03    5.39800e-01    5.31000e-01    4.85800e-01    4.73900e-01    6.06900e-01    6.48400e-01    6.64500e-01    6.74900e-01    6.80700e-01    6.79900e-01    6.74400e-01    6.68200e-01    6.59800e-01    6.48600e-01    6.34900e-01    6.22200e-01    6.12700e-01    6.00600e-01    5.91800e-01    5.84500e-01    5.67900e-01    4.80900e-01    3.90500e-01    3.24900e-01    2.83700e-01    2.74200e-01    2.82200e-01    3.26700e-01    
1.03020e+03    5.26100e-01    5.16000e-01    4.65100e-01    4.46700e-01    5.93500e-01    6.46900e-01    6.63900e-01    6.67500e-01    6.68300e-01    6.66200e-01    6.61500e-01    6.55900e-01    6.48100e-01    6.37300e-01    6.23900e-01    6.11400e-01    6.02200e-01    5.90300e-01    5.81700e-01    5.74600e-01    5.59700e-01    4.73400e-01    3.83900e-01    3.21000e-01    2.96300e-01    3.14400e-01    3.38900e-01    3.73000e-01    
1.03040e+03    4.87800e-01    4.75400e-01    4.20100e-01    4.01000e-01    5.54300e-01    6.05000e-01    6.17100e-01    6.20900e-01    6.23100e-01    6.23000e-01    6.20400e-01    6.16600e-01    6.09900e-01    5.99200e-01    5.85300e-01    5.72500e-01    5.63200e-01    5.51400e-01    5.42800e-01    5.36300e-01    5.41100e-01    4.63200e-01    3.77200e-01    3.15400e-01    2.80400e-01    2.78400e-01    2.97400e-01    3.49900e-01    
1.03060e+03    4.71000e-01    4.59300e-01    4.10700e-01    4.06000e-01    5.64900e-01    5.94100e-01    5.97700e-01    5.92100e-01    5.87800e-01    5.85900e-01    5.84100e-01    5.80700e-01    5.73700e-01    5.61900e-01    5.46000e-01    5.31500e-01    5.20900e-01    5.07600e-01    4.98000e-01    4.90900e-01    5.03800e-01    4.25500e-01    3.37200e-01    2.75400e-01    2.51700e-01    2.70900e-01    3.06500e-01    3.58600e-01    
1.03080e+03    4.56000e-01    4.44100e-01    4.03200e-01    4.04700e-01    5.56800e-01    5.85700e-01    5.97400e-01    5.84300e-01    5.73000e-01    5.66600e-01    5.61800e-01    5.55300e-01    5.44200e-01    5.27100e-01    5.04800e-01    4.84600e-01    4.69100e-01    4.51000e-01    4.38100e-01    4.28600e-01    4.55700e-01    3.87100e-01    3.04900e-01    2.49700e-01    2.45500e-01    2.93500e-01    3.42000e-01    3.76800e-01    
1.03100e+03    4.78100e-01    4.65300e-01    4.22000e-01    4.09600e-01    5.14400e-01    5.46800e-01    5.89200e-01    5.77400e-01    5.65400e-01    5.59300e-01    5.55400e-01    5.49900e-01    5.40400e-01    5.25300e-01    5.05500e-01    4.87400e-01    4.73800e-01    4.57200e-01    4.45200e-01    4.35800e-01    4.40400e-01    3.78000e-01    3.08300e-01    2.60200e-01    2.45300e-01    2.65800e-01    2.98500e-01    3.44600e-01    
1.03120e+03    5.38900e-01    5.30600e-01    5.07500e-01    5.12900e-01    6.11100e-01    6.33700e-01    6.56400e-01    6.57900e-01    6.54400e-01    6.44400e-01    6.31100e-01    6.17200e-01    6.01100e-01    5.82800e-01    5.61300e-01    5.41300e-01    5.25800e-01    5.06400e-01    4.92100e-01    4.78800e-01    4.15000e-01    3.57700e-01    3.11200e-01    2.79800e-01    2.71900e-01    2.88000e-01    3.14800e-01    3.57100e-01    
1.03140e+03    6.14800e-01    6.08700e-01    5.89600e-01    5.94800e-01    6.61100e-01    6.74700e-01    7.03100e-01    7.19000e-01    7.26700e-01    7.22200e-01    7.10600e-01    6.98600e-01    6.85200e-01    6.70200e-01    6.52800e-01    6.36400e-01    6.23400e-01    6.06700e-01    5.94200e-01    5.81400e-01    4.85700e-01    4.17500e-01    3.68200e-01    3.34200e-01    3.23200e-01    3.36000e-01    3.54600e-01    3.86100e-01    
1.03160e+03    6.37500e-01    6.30800e-01    6.13000e-01    6.15100e-01    6.57200e-01    6.68900e-01    6.97100e-01    7.15200e-01    7.28500e-01    7.35300e-01    7.36000e-01    7.34900e-01    7.30900e-01    7.22700e-01    7.10600e-01    6.99000e-01    6.90000e-01    6.77400e-01    6.67800e-01    6.57300e-01    5.55000e-01    4.82300e-01    4.30900e-01    3.97400e-01    4.02500e-01    4.44400e-01    4.72000e-01    4.76800e-01    
1.03180e+03    6.70600e-01    6.67500e-01    6.58500e-01    6.61100e-01    6.67400e-01    6.59700e-01    6.77200e-01    6.86700e-01    6.98300e-01    7.13600e-01    7.26000e-01    7.34700e-01    7.37000e-01    7.30000e-01    7.15400e-01    7.01600e-01    6.90700e-01    6.76500e-01    6.65900e-01    6.55000e-01    5.69500e-01    5.08700e-01    4.65400e-01    4.37800e-01    4.47300e-01    4.91400e-01    5.16100e-01    5.12400e-01    
1.03200e+03    7.17600e-01    7.20200e-01    7.22800e-01    7.29400e-01    7.02500e-01    6.68200e-01    6.71600e-01    6.76100e-01    6.85900e-01    7.02900e-01    7.17300e-01    7.26300e-01    7.25100e-01    7.09000e-01    6.81300e-01    6.55900e-01    6.35100e-01    6.12000e-01    5.95100e-01    5.81000e-01    5.59300e-01    5.18700e-01    4.77600e-01    4.49900e-01    4.45500e-01    4.64100e-01    4.76700e-01    4.87300e-01    
1.03220e+03    7.84400e-01    7.87500e-01    7.74000e-01    7.73800e-01    7.32500e-01    6.72900e-01    6.95900e-01    7.04400e-01    7.18400e-01    7.42400e-01    7.64500e-01    7.80900e-01    7.87300e-01    7.79000e-01    7.59400e-01    7.41100e-01    7.26100e-01    7.08400e-01    6.95400e-01    6.83000e-01    6.16100e-01    5.63200e-01    5.22200e-01    4.94100e-01    4.88200e-01    5.04300e-01    5.11600e-01    5.15900e-01    
1.03240e+03    8.72100e-01    8.78400e-01    8.76200e-01    8.86400e-01    8.33100e-01    7.72200e-01    7.98400e-01    8.24800e-01    8.50200e-01    8.73800e-01    8.90400e-01    9.02800e-01    9.08700e-01    9.05000e-01    8.93500e-01    8.82200e-01    8.72600e-01    8.60000e-01    8.50400e-01    8.38900e-01    7.04900e-01    6.30100e-01    5.84400e-01    5.53200e-01    5.48300e-01    5.69800e-01    5.81600e-01    5.84100e-01    
1.03260e+03    8.82700e-01    8.87400e-01    8.82600e-01    8.85100e-01    8.27700e-01    7.77500e-01    8.04600e-01    8.25600e-01    8.48500e-01    8.75000e-01    8.96600e-01    9.13100e-01    9.21700e-01    9.18200e-01    9.05500e-01    8.93200e-01    8.82600e-01    8.69500e-01    8.59400e-01    8.48000e-01    7.28300e-01    6.65500e-01    6.28400e-01    6.02000e-01    5.88700e-01    5.90100e-01    5.91400e-01    6.02800e-01    
1.03280e+03    8.18700e-01    8.18600e-01    8.01200e-01    7.92000e-01    7.40100e-01    6.90800e-01    7.19000e-01    7.29300e-01    7.44300e-01    7.68500e-01    7.90400e-01    8.06700e-01    8.13100e-01    8.04900e-01    7.85700e-01    7.67800e-01    7.53000e-01    7.36100e-01    7.23700e-01    7.12300e-01    6.63600e-01    6.32700e-01    6.10000e-01    5.93900e-01    5.84300e-01    5.81700e-01    5.81300e-01    5.95900e-01    
1.03300e+03    7.62600e-01    7.58700e-01    7.26400e-01    7.10800e-01    6.85400e-01    6.20100e-01    6.29900e-01    6.26900e-01    6.32200e-01    6.51500e-01    6.71800e-01    6.86400e-01    6.90800e-01    6.80100e-01    6.58000e-01    6.37800e-01    6.21600e-01    6.03100e-01    5.89600e-01    5.78400e-01    5.65700e-01    5.40200e-01    5.13600e-01    4.94900e-01    4.83500e-01    4.80300e-01    4.87300e-01    5.17400e-01    
1.03320e+03    7.80600e-01    7.79500e-01    7.54700e-01    7.47500e-01    7.20800e-01    6.35000e-01    6.37700e-01    6.28300e-01    6.25200e-01    6.32400e-01    6.41200e-01    6.46000e-01    6.43100e-01    6.29100e-01    6.06400e-01    5.85400e-01    5.68900e-01    5.49600e-01    5.35500e-01    5.23700e-01    5.05300e-01    4.55100e-01    4.03800e-01    3.68700e-01    3.59100e-01    3.76200e-01    4.04700e-01    4.45600e-01    
1.03340e+03    8.16400e-01    8.16400e-01    7.97900e-01    7.97200e-01    7.83200e-01    7.02700e-01    7.09900e-01    6.97600e-01    6.86500e-01    6.79100e-01    6.72800e-01    6.64800e-01    6.52700e-01    6.35100e-01    6.12300e-01    5.91500e-01    5.75000e-01    5.55600e-01    5.41600e-01    5.29600e-01    5.07200e-01    4.51800e-01    3.96600e-01    3.60200e-01    3.61600e-01    4.00600e-01    4.46000e-01    4.85200e-01    
1.03360e+03    8.23500e-01    8.22300e-01    8.02100e-01    7.86800e-01    7.64800e-01    7.06400e-01    7.16800e-01    6.95100e-01    6.76900e-01    6.67400e-01    6.61900e-01    6.54400e-01    6.41900e-01    6.22900e-01    5.98000e-01    5.75100e-01    5.56900e-01    5.35800e-01    5.20400e-01    5.07300e-01    4.83100e-01    4.54100e-01    4.26400e-01    4.06800e-01    3.92600e-01    3.85100e-01    3.94900e-01    4.37900e-01    
1.03380e+03    8.19200e-01    8.14000e-01    7.79200e-01    7.46000e-01    7.33300e-01    6.93600e-01    7.00700e-01    6.82900e-01    6.69000e-01    6.63500e-01    6.61200e-01    6.56700e-01    6.47300e-01    6.31200e-01    6.09200e-01    5.89000e-01    5.73000e-01    5.54200e-01    5.40500e-01    5.28600e-01    5.02400e-01    4.82100e-01    4.64500e-01    4.51700e-01    4.37400e-01    4.22600e-01    4.25000e-01    4.64500e-01    
1.03400e+03    8.37900e-01    8.31200e-01    7.89200e-01    7.49000e-01    7.59600e-01    7.39600e-01    7.45900e-01    7.30000e-01    7.16600e-01    7.09400e-01    7.05000e-01    6.99100e-01    6.89700e-01    6.75500e-01    6.57000e-01    6.39800e-01    6.26300e-01    6.10000e-01    5.97900e-01    5.87000e-01    5.43400e-01    5.14100e-01    4.91900e-01    4.75600e-01    4.59200e-01    4.44400e-01    4.49500e-01    4.92900e-01    
1.03420e+03    8.47100e-01    8.40400e-01    8.00900e-01    7.61000e-01    7.84800e-01    7.78200e-01    7.75500e-01    7.60400e-01    7.48700e-01    7.43400e-01    7.40400e-01    7.35400e-01    7.26200e-01    7.11300e-01    6.91100e-01    6.72400e-01    6.57300e-01    6.39400e-01    6.26100e-01    6.13700e-01    5.54700e-01    5.23300e-01    5.02600e-01    4.87300e-01    4.71800e-01    4.57200e-01    4.53400e-01    4.81600e-01    
1.03440e+03    8.55300e-01    8.49800e-01    8.11300e-01    7.74300e-01    8.01100e-01    7.94200e-01    7.90900e-01    7.77200e-01    7.67500e-01    7.64700e-01    7.64200e-01    7.61600e-01    7.54600e-01    7.41400e-01    7.22900e-01    7.05800e-01    6.91900e-01    6.75500e-01    6.63400e-01    6.52100e-01    5.99800e-01    5.68600e-01    5.46300e-01    5.28800e-01    5.04600e-01    4.76500e-01    4.67400e-01    5.04100e-01    
1.03460e+03    8.53900e-01    8.50300e-01    8.15800e-01    7.86100e-01    8.14600e-01    8.02600e-01    7.95800e-01    7.88100e-01    7.83200e-01    7.82300e-01    7.82200e-01    7.80500e-01    7.75500e-01    7.66000e-01    7.52400e-01    7.39600e-01    7.29400e-01    7.16500e-01    7.06700e-01    6.96900e-01    6.25400e-01    5.89400e-01    5.68000e-01    5.52400e-01    5.38200e-01    5.26800e-01    5.28500e-01    5.59600e-01    
1.03480e+03    8.17200e-01    8.15000e-01    7.90800e-01    7.73500e-01    7.99600e-01    7.86600e-01    7.87200e-01    7.72100e-01    7.63100e-01    7.65300e-01    7.71900e-01    7.76300e-01    7.77000e-01    7.72600e-01    7.63800e-01    7.55100e-01    7.48500e-01    7.38700e-01    7.31100e-01    7.22300e-01    6.23900e-01    5.71500e-01    5.40500e-01    5.17800e-01    4.98500e-01    4.85100e-01    4.89300e-01    5.27900e-01    
1.03500e+03    7.75700e-01    7.71700e-01    7.38900e-01    7.20400e-01    7.29800e-01    6.93700e-01    7.10100e-01    6.91700e-01    6.81900e-01    6.89500e-01    7.03700e-01    7.14600e-01    7.20300e-01    7.18400e-01    7.10400e-01    7.02400e-01    6.96600e-01    6.87100e-01    6.79800e-01    6.71000e-01    5.63800e-01    4.96000e-01    4.51600e-01    4.21300e-01    4.12600e-01    4.26900e-01    4.57400e-01    5.04000e-01    
1.03520e+03    7.34900e-01    7.32000e-01    7.05300e-01    7.01800e-01    7.14100e-01    6.45500e-01    6.47100e-01    6.22900e-01    6.08800e-01    6.13200e-01    6.24400e-01    6.31900e-01    6.32700e-01    6.23800e-01    6.07000e-01    5.91300e-01    5.79100e-01    5.63200e-01    5.51200e-01    5.39300e-01    4.56500e-01    4.10300e-01    3.80900e-01    3.60300e-01    3.45400e-01    3.38000e-01    3.57700e-01    4.18100e-01    
1.03540e+03    7.02500e-01    7.00200e-01    6.83200e-01    6.93400e-01    6.78700e-01    5.73600e-01    5.69200e-01    5.38600e-01    5.20700e-01    5.24900e-01    5.38400e-01    5.48200e-01    5.51700e-01    5.45800e-01    5.32500e-01    5.19900e-01    5.10900e-01    4.97700e-01    4.87700e-01    4.77400e-01    3.98700e-01    3.55300e-01    3.28700e-01    3.10700e-01    3.01500e-01    3.01600e-01    3.27200e-01    3.88300e-01    
1.03560e+03    6.78700e-01    6.77200e-01    6.73500e-01    7.00800e-01    6.75700e-01    5.43700e-01    5.36000e-01    4.91100e-01    4.61600e-01    4.59900e-01    4.70900e-01    4.77900e-01    4.77600e-01    4.66900e-01    4.47700e-01    4.29700e-01    4.16300e-01    3.98100e-01    3.84500e-01    3.71100e-01    2.87200e-01    2.49500e-01    2.29800e-01    2.18200e-01    2.21200e-01    2.36900e-01    2.75500e-01    3.39700e-01    
1.03580e+03    6.08000e-01    5.99800e-01    5.82700e-01    5.97300e-01    5.77500e-01    4.75400e-01    5.15300e-01    4.64500e-01    4.26400e-01    4.18700e-01    4.26000e-01    4.29400e-01    4.25600e-01    4.11500e-01    3.88800e-01    3.67500e-01    3.51500e-01    3.30300e-01    3.14300e-01    2.98800e-01    2.05400e-01    1.65400e-01    1.45700e-01    1.34800e-01    1.42400e-01    1.65600e-01    2.12200e-01    2.81400e-01    
1.03600e+03    4.01000e-01    3.79100e-01    3.31700e-01    3.09000e-01    3.52100e-01    3.45400e-01    3.90000e-01    3.52400e-01    3.26200e-01    3.26400e-01    3.38100e-01    3.45400e-01    3.44600e-01    3.32200e-01    3.10300e-01    2.89800e-01    2.74900e-01    2.54300e-01    2.38800e-01    2.23900e-01    1.37000e-01    1.03100e-01    8.86000e-02    8.23000e-02    9.81000e-02    1.31500e-01    1.82100e-01    2.45800e-01    
1.03620e+03    2.45600e-01    2.18400e-01    1.69900e-01    1.54400e-01    2.32100e-01    2.30300e-01    2.30900e-01    2.01500e-01    1.87500e-01    1.99100e-01    2.20100e-01    2.36000e-01    2.43100e-01    2.37300e-01    2.21600e-01    2.07000e-01    1.97400e-01    1.82100e-01    1.70500e-01    1.59400e-01    9.36000e-02    6.28000e-02    4.70000e-02    4.01000e-02    5.74000e-02    9.41000e-02    1.51000e-01    2.21500e-01    
1.03640e+03    3.70600e-01    3.47600e-01    2.90900e-01    3.16700e-01    4.34500e-01    3.23800e-01    3.29700e-01    2.70400e-01    2.30400e-01    2.27300e-01    2.42700e-01    2.54100e-01    2.58800e-01    2.53800e-01    2.40900e-01    2.28800e-01    2.21300e-01    2.07800e-01    1.97400e-01    1.86700e-01    9.96000e-02    6.32000e-02    4.78000e-02    4.20000e-02    6.56000e-02    1.12800e-01    1.74900e-01    2.39600e-01    
1.03660e+03    5.26500e-01    5.12500e-01    4.72900e-01    5.13600e-01    5.77000e-01    4.16800e-01    4.50700e-01    3.72000e-01    3.13200e-01    2.98600e-01    3.08100e-01    3.13700e-01    3.12400e-01    3.01100e-01    2.81600e-01    2.63400e-01    2.50500e-01    2.31700e-01    2.17500e-01    2.03400e-01    1.11800e-01    7.66000e-02    6.23000e-02    5.63000e-02    7.32000e-02    1.07900e-01    1.60900e-01    2.27200e-01    
1.03680e+03    3.98200e-01    3.75100e-01    3.24400e-01    3.13700e-01    3.89800e-01    3.52500e-01    3.74300e-01    3.11800e-01    2.68800e-01    2.65400e-01    2.81300e-01    2.92200e-01    2.94600e-01    2.84500e-01    2.64400e-01    2.45700e-01    2.32500e-01    2.13500e-01    1.99300e-01    1.85700e-01    1.09000e-01    8.05000e-02    6.89000e-02    6.29000e-02    6.55000e-02    7.40000e-02    1.11300e-01    1.87600e-01    
1.03700e+03    4.18400e-01    3.95000e-01    3.27100e-01    3.31900e-01    4.56000e-01    3.69400e-01    3.77000e-01    3.12800e-01    2.70500e-01    2.70000e-01    2.89500e-01    3.03900e-01    3.09500e-01    3.02200e-01    2.84700e-01    2.68200e-01    2.56800e-01    2.39500e-01    2.26400e-01    2.13300e-01    1.21100e-01    8.00000e-02    5.99000e-02    5.01000e-02    6.73000e-02    1.06900e-01    1.66000e-01    2.35800e-01    
1.03720e+03    7.02500e-01    7.06600e-01    7.08900e-01    7.59900e-01    7.36900e-01    5.56400e-01    5.79000e-01    5.00400e-01    4.43500e-01    4.32300e-01    4.44800e-01    4.52400e-01    4.51400e-01    4.38100e-01    4.14400e-01    3.92100e-01    3.74900e-01    3.51900e-01    3.34500e-01    3.16500e-01    1.77600e-01    1.19700e-01    9.30000e-02    7.89000e-02    9.73000e-02    1.43800e-01    2.07600e-01    2.74700e-01    
1.03740e+03    8.41700e-01    8.55900e-01    8.78500e-01    9.33600e-01    8.68500e-01    6.88800e-01    7.17500e-01    6.54200e-01    6.06700e-01    5.94600e-01    6.01000e-01    6.03100e-01    5.97900e-01    5.82400e-01    5.57600e-01    5.34000e-01    5.15000e-01    4.90300e-01    4.71500e-01    4.51200e-01    2.69500e-01    1.98400e-01    1.68500e-01    1.50800e-01    1.60000e-01    1.93500e-01    2.49800e-01    3.20400e-01    
1.03760e+03    9.19700e-01    9.39900e-01    9.83300e-01    1.06440e+00    9.67300e-01    7.55600e-01    7.91600e-01    7.36800e-01    6.95800e-01    6.87600e-01    6.95900e-01    6.99900e-01    6.96700e-01    6.83300e-01    6.60700e-01    6.39000e-01    6.21300e-01    5.98200e-01    5.80500e-01    5.60700e-01    3.64900e-01    2.83200e-01    2.45300e-01    2.19500e-01    2.06000e-01    2.06800e-01    2.48200e-01    3.36700e-01    
1.03780e+03    9.17000e-01    9.33200e-01    9.60500e-01    1.02760e+00    9.48400e-01    7.48200e-01    7.79200e-01    7.13800e-01    6.69000e-01    6.68400e-01    6.90100e-01    7.07200e-01    7.17700e-01    7.18100e-01    7.10600e-01    7.02500e-01    6.96300e-01    6.85000e-01    6.75800e-01    6.62800e-01    4.59500e-01    3.53000e-01    2.93000e-01    2.52400e-01    2.41500e-01    2.63000e-01    3.27400e-01    4.24200e-01    
1.03800e+03    7.85900e-01    7.84600e-01    7.52500e-01    7.80500e-01    8.16000e-01    6.62900e-01    6.71000e-01    5.93300e-01    5.46100e-01    5.57200e-01    5.96100e-01    6.28500e-01    6.51500e-01    6.59800e-01    6.57700e-01    6.54700e-01    6.53300e-01    6.47000e-01    6.41800e-01    6.33400e-01    4.74000e-01    3.48500e-01    2.57800e-01    1.96400e-01    1.84500e-01    2.26200e-01    3.08200e-01    4.07500e-01    
1.03820e+03    9.13500e-01    9.21500e-01    9.15600e-01    9.68700e-01    9.47000e-01    7.40400e-01    7.55900e-01    6.76100e-01    6.24800e-01    6.30000e-01    6.62400e-01    6.88300e-01    7.04000e-01    7.04300e-01    6.93000e-01    6.81900e-01    6.73400e-01    6.60900e-01    6.51300e-01    6.40400e-01    5.20100e-01    4.22500e-01    3.49100e-01    2.96600e-01    2.64700e-01    2.59900e-01    3.05600e-01    4.06100e-01    
1.03840e+03    9.98200e-01    1.01180e+00    1.02400e+00    1.08010e+00    1.00420e+00    7.94200e-01    8.05100e-01    7.51800e-01    7.18600e-01    7.25600e-01    7.51500e-01    7.72400e-01    7.86200e-01    7.89000e-01    7.83500e-01    7.77800e-01    7.73500e-01    7.65800e-01    7.59600e-01    7.51100e-01    6.24400e-01    5.63100e-01    5.29700e-01    5.02500e-01    4.57700e-01    4.02600e-01    3.99100e-01    4.82100e-01    
1.03860e+03    9.93900e-01    1.00150e+00    9.79600e-01    1.00590e+00    9.92000e-01    8.17000e-01    8.09000e-01    7.64700e-01    7.41100e-01    7.54400e-01    7.82900e-01    8.05400e-01    8.18100e-01    8.16100e-01    8.03200e-01    7.90800e-01    7.80700e-01    7.67800e-01    7.58000e-01    7.47700e-01    6.54400e-01    5.83800e-01    5.30600e-01    4.89500e-01    4.39500e-01    3.90100e-01    4.03000e-01    5.05300e-01    
1.03880e+03    1.02120e+00    1.03510e+00    1.04400e+00    1.07650e+00    1.05010e+00    9.29500e-01    9.19600e-01    8.98000e-01    8.84100e-01    8.83400e-01    8.89200e-01    8.93100e-01    8.94200e-01    8.91300e-01    8.84900e-01    8.78400e-01    8.73200e-01    8.65500e-01    8.59500e-01    8.52000e-01    7.54000e-01    6.96400e-01    6.59400e-01    6.30600e-01    5.95300e-01    5.59800e-01    5.63600e-01    6.28100e-01    
1.03900e+03    8.34700e-01    8.32000e-01    7.93200e-01    7.75700e-01    7.79600e-01    7.09600e-01    6.84300e-01    6.91400e-01    7.04200e-01    7.20600e-01    7.35600e-01    7.48100e-01    7.57300e-01    7.61200e-01    7.61400e-01    7.61000e-01    7.61600e-01    7.59300e-01    7.57100e-01    7.53100e-01    6.68500e-01    6.30400e-01    6.12500e-01    6.00300e-01    5.93800e-01    5.93600e-01    6.13400e-01    6.57100e-01    
1.03920e+03    9.06900e-01    9.07600e-01    8.80300e-01    8.98100e-01    9.64500e-01    8.63800e-01    8.13600e-01    8.09100e-01    8.09900e-01    8.12500e-01    8.14200e-01    8.14300e-01    8.11500e-01    8.04700e-01    7.94200e-01    7.84200e-01    7.76200e-01    7.65600e-01    7.57500e-01    7.48700e-01    6.66100e-01    6.19700e-01    5.90600e-01    5.68800e-01    5.45400e-01    5.24600e-01    5.44900e-01    6.18400e-01    
1.03940e+03    1.19600e+00    1.21280e+00    1.21750e+00    1.25210e+00    1.25510e+00    1.11180e+00    1.05520e+00    1.05110e+00    1.04730e+00    1.03640e+00    1.02340e+00    1.01140e+00    1.00090e+00    9.93100e-01    9.86100e-01    9.79200e-01    9.72900e-01    9.64600e-01    9.58000e-01    9.49100e-01    8.26800e-01    8.05700e-01    8.13900e-01    8.17500e-01    7.97800e-01    7.57600e-01    7.47500e-01    7.90900e-01    
1.03960e+03    1.14770e+00    1.15990e+00    1.15270e+00    1.18410e+00    1.20410e+00    1.07470e+00    1.03700e+00    1.03520e+00    1.03380e+00    1.02780e+00    1.01970e+00    1.01170e+00    1.00350e+00    9.95600e-01    9.86700e-01    9.78200e-01    9.70600e-01    9.61400e-01    9.54300e-01    9.45700e-01    8.49100e-01    8.50500e-01    8.75400e-01    8.90700e-01    8.74000e-01    8.27300e-01    8.10800e-01    8.50900e-01    
1.03980e+03    1.04700e+00    1.05380e+00    1.04090e+00    1.07330e+00    1.11970e+00    1.00770e+00    9.79700e-01    9.69800e-01    9.62900e-01    9.57600e-01    9.52800e-01    9.47100e-01    9.38900e-01    9.27600e-01    9.13100e-01    8.99800e-01    8.88500e-01    8.76100e-01    8.66900e-01    8.58300e-01    8.20100e-01    8.25800e-01    8.39500e-01    8.47200e-01    8.30700e-01    7.92300e-01    7.88700e-01    8.39500e-01    
1.04000e+03    9.58800e-01    9.60200e-01    9.41000e-01    9.66200e-01    1.01750e+00    9.31800e-01    9.26600e-01    9.10600e-01    8.98100e-01    8.91900e-01    8.89000e-01    8.85300e-01    8.79300e-01    8.70300e-01    8.58500e-01    8.47900e-01    8.39200e-01    8.29800e-01    8.22900e-01    8.17400e-01    8.22200e-01    8.38800e-01    8.53500e-01    8.62700e-01    8.52900e-01    8.25400e-01    8.26000e-01    8.68300e-01    
1.04020e+03    9.29800e-01    9.24700e-01    8.79800e-01    8.76600e-01    9.19100e-01    8.37600e-01    8.47100e-01    8.12900e-01    7.91400e-01    7.95400e-01    8.11100e-01    8.23800e-01    8.31300e-01    8.30900e-01    8.25000e-01    8.19500e-01    8.15500e-01    8.10400e-01    8.06600e-01    8.03600e-01    8.02300e-01    7.88800e-01    7.74000e-01    7.63000e-01    7.49700e-01    7.37100e-01    7.56900e-01    8.12900e-01    
1.04040e+03    1.04900e+00    1.05090e+00    1.02370e+00    1.03210e+00    1.06260e+00    9.64600e-01    9.55900e-01    9.36600e-01    9.18500e-01    9.03300e-01    8.92000e-01    8.81700e-01    8.72300e-01    8.64600e-01    8.57500e-01    8.51100e-01    8.46100e-01    8.40200e-01    8.35800e-01    8.32000e-01    8.24200e-01    8.31400e-01    8.39500e-01    8.42700e-01    8.20200e-01    7.75300e-01    7.65700e-01    8.15400e-01    
1.04060e+03    1.12810e+00    1.13590e+00    1.12620e+00    1.14860e+00    1.17500e+00    1.06640e+00    1.04280e+00    1.02830e+00    1.01100e+00    9.87700e-01    9.65100e-01    9.44700e-01    9.27000e-01    9.13900e-01    9.03100e-01    8.93200e-01    8.84900e-01    8.75400e-01    8.68400e-01    8.61800e-01    8.28500e-01    8.32500e-01    8.43200e-01    8.47100e-01    8.16900e-01    7.57200e-01    7.39800e-01    7.97300e-01    
1.04080e+03    1.06170e+00    1.06480e+00    1.04560e+00    1.05790e+00    1.08330e+00    9.88500e-01    9.75000e-01    9.65100e-01    9.53400e-01    9.37600e-01    9.21100e-01    9.04800e-01    8.87500e-01    8.69500e-01    8.49800e-01    8.31900e-01    8.16900e-01    8.00700e-01    7.88900e-01    7.79000e-01    7.65500e-01    7.75900e-01    7.86800e-01    7.91000e-01    7.60300e-01    6.99100e-01    6.82300e-01    7.44000e-01    
1.04100e+03    9.53200e-01    9.44900e-01    8.94600e-01    8.81700e-01    9.52400e-01    8.93500e-01    8.83800e-01    8.54300e-01    8.36400e-01    8.38600e-01    8.49200e-01    8.56200e-01    8.56700e-01    8.47800e-01    8.31600e-01    8.16600e-01    8.04200e-01    7.90400e-01    7.80300e-01    7.71500e-01    7.47800e-01    7.24500e-01    7.03400e-01    6.87200e-01    6.65500e-01    6.42300e-01    6.59500e-01    7.27800e-01    
1.04120e+03    1.12080e+00    1.12000e+00    1.08850e+00    1.08890e+00    1.12850e+00    1.04450e+00    1.01680e+00    1.00900e+00    1.00190e+00    9.92700e-01    9.83300e-01    9.74100e-01    9.64400e-01    9.54700e-01    9.44000e-01    9.34200e-01    9.25700e-01    9.16300e-01    9.09300e-01    9.02400e-01    8.62800e-01    8.76200e-01    8.99100e-01    9.13500e-01    9.01700e-01    8.65100e-01    8.58400e-01    8.99900e-01    
1.04140e+03    1.20650e+00    1.20820e+00    1.18930e+00    1.19670e+00    1.23710e+00    1.16640e+00    1.12780e+00    1.13200e+00    1.13350e+00    1.12440e+00    1.11050e+00    1.09740e+00    1.08480e+00    1.07360e+00    1.06220e+00    1.05160e+00    1.04200e+00    1.03170e+00    1.02400e+00    1.01580e+00    9.53000e-01    9.67900e-01    9.98400e-01    1.01960e+00    1.02110e+00    1.00230e+00    1.00070e+00    1.02340e+00    
1.04160e+03    1.22270e+00    1.22390e+00    1.20060e+00    1.20750e+00    1.26050e+00    1.19060e+00    1.14910e+00    1.15260e+00    1.15650e+00    1.15450e+00    1.14850e+00    1.14170e+00    1.13310e+00    1.12230e+00    1.10880e+00    1.09620e+00    1.08450e+00    1.07230e+00    1.06310e+00    1.05350e+00    9.78700e-01    9.67200e-01    9.71900e-01    9.72800e-01    9.51300e-01    9.11400e-01    9.08800e-01    9.59500e-01    
1.04180e+03    1.21650e+00    1.21750e+00    1.19100e+00    1.19350e+00    1.23930e+00    1.17760e+00    1.13620e+00    1.14870e+00    1.16240e+00    1.17040e+00    1.17260e+00    1.17320e+00    1.17070e+00    1.16380e+00    1.15310e+00    1.14310e+00    1.13360e+00    1.12420e+00    1.11720e+00    1.11000e+00    1.06020e+00    1.08040e+00    1.11280e+00    1.13380e+00    1.12570e+00    1.08960e+00    1.07460e+00    1.09540e+00    
1.04200e+03    1.20950e+00    1.21240e+00    1.19450e+00    1.19720e+00    1.22730e+00    1.17610e+00    1.13150e+00    1.14850e+00    1.16750e+00    1.18090e+00    1.18790e+00    1.19260e+00    1.19360e+00    1.18930e+00    1.18040e+00    1.17200e+00    1.16380e+00    1.15560e+00    1.14940e+00    1.14220e+00    1.07540e+00    1.10390e+00    1.15000e+00    1.18130e+00    1.18200e+00    1.15120e+00    1.12880e+00    1.12940e+00    
1.04220e+03    1.19080e+00    1.18970e+00    1.15960e+00    1.16030e+00    1.22860e+00    1.19330e+00    1.15210e+00    1.16670e+00    1.18470e+00    1.20100e+00    1.21280e+00    1.22250e+00    1.22920e+00    1.23140e+00    1.23000e+00    1.22840e+00    1.22580e+00    1.22330e+00    1.22120e+00    1.21710e+00    1.13880e+00    1.15620e+00    1.19430e+00    1.21890e+00    1.21010e+00    1.16910e+00    1.14310e+00    1.15060e+00    
1.04240e+03    1.16280e+00    1.16120e+00    1.13670e+00    1.13780e+00    1.19060e+00    1.16280e+00    1.13350e+00    1.14580e+00    1.16270e+00    1.18150e+00    1.19660e+00    1.20860e+00    1.21540e+00    1.21450e+00    1.20780e+00    1.20130e+00    1.19470e+00    1.18840e+00    1.18350e+00    1.17780e+00    1.11810e+00    1.12710e+00    1.15070e+00    1.16540e+00    1.15570e+00    1.12320e+00    1.10380e+00    1.11200e+00    
1.04260e+03    1.14220e+00    1.14100e+00    1.12040e+00    1.11160e+00    1.11790e+00    1.09340e+00    1.08040e+00    1.09700e+00    1.11800e+00    1.14150e+00    1.16010e+00    1.17420e+00    1.18060e+00    1.17570e+00    1.16200e+00    1.14910e+00    1.13710e+00    1.12500e+00    1.11600e+00    1.10670e+00    1.04120e+00    1.04570e+00    1.06490e+00    1.07600e+00    1.06010e+00    1.01970e+00    9.94500e-01    1.00650e+00    
1.04280e+03    1.17340e+00    1.17540e+00    1.16290e+00    1.15290e+00    1.15480e+00    1.13090e+00    1.09710e+00    1.11160e+00    1.13090e+00    1.15130e+00    1.16690e+00    1.17880e+00    1.18460e+00    1.18150e+00    1.17130e+00    1.16150e+00    1.15210e+00    1.14220e+00    1.13470e+00    1.12590e+00    1.03490e+00    1.01770e+00    1.02070e+00    1.01930e+00    9.91300e-01    9.41100e-01    9.13800e-01    9.36900e-01    
1.04300e+03    1.16130e+00    1.16130e+00    1.14160e+00    1.14180e+00    1.18770e+00    1.16540e+00    1.14070e+00    1.15590e+00    1.17290e+00    1.18750e+00    1.19710e+00    1.20410e+00    1.20700e+00    1.20400e+00    1.19600e+00    1.18820e+00    1.18040e+00    1.17210e+00    1.16570e+00    1.15770e+00    1.05910e+00    1.04070e+00    1.04450e+00    1.04250e+00    1.00520e+00    9.38800e-01    9.03100e-01    9.33900e-01    
1.04320e+03    1.06980e+00    1.06420e+00    1.03460e+00    1.03080e+00    1.10790e+00    1.10910e+00    1.09730e+00    1.09900e+00    1.10770e+00    1.12560e+00    1.14360e+00    1.15750e+00    1.16480e+00    1.16230e+00    1.15230e+00    1.14270e+00    1.13360e+00    1.12400e+00    1.11680e+00    1.10880e+00    1.03030e+00    9.95500e-01    9.76800e-01    9.60700e-01    9.32100e-01    8.96600e-01    8.90000e-01    9.28300e-01    
1.04340e+03    1.06850e+00    1.06040e+00    1.01520e+00    9.92100e-01    1.03520e+00    1.02840e+00    1.03730e+00    1.03990e+00    1.05040e+00    1.07460e+00    1.10030e+00    1.12140e+00    1.13520e+00    1.13810e+00    1.13310e+00    1.12820e+00    1.12320e+00    1.11790e+00    1.11400e+00    1.10920e+00    1.05130e+00    1.00850e+00    9.76500e-01    9.50900e-01    9.17700e-01    8.83800e-01    8.85900e-01    9.36300e-01    
1.04360e+03    1.12150e+00    1.11770e+00    1.08900e+00    1.08330e+00    1.14540e+00    1.13990e+00    1.10910e+00    1.12840e+00    1.15190e+00    1.17560e+00    1.19410e+00    1.20930e+00    1.21960e+00    1.22230e+00    1.21940e+00    1.21640e+00    1.21270e+00    1.20930e+00    1.20650e+00    1.20240e+00    1.13860e+00    1.14390e+00    1.16450e+00    1.17420e+00    1.14180e+00    1.07240e+00    1.03040e+00    1.05140e+00    
1.04380e+03    1.13150e+00    1.12630e+00    1.09550e+00    1.09040e+00    1.15890e+00    1.15700e+00    1.12470e+00    1.14500e+00    1.17020e+00    1.19640e+00    1.21750e+00    1.23500e+00    1.24730e+00    1.25130e+00    1.24950e+00    1.24750e+00    1.24470e+00    1.24260e+00    1.24100e+00    1.23810e+00    1.19200e+00    1.22570e+00    1.27170e+00    1.29870e+00    1.26820e+00    1.18430e+00    1.11730e+00    1.11390e+00    
1.04400e+03    1.12760e+00    1.12320e+00    1.10270e+00    1.10320e+00    1.16080e+00    1.16030e+00    1.13540e+00    1.14720e+00    1.16490e+00    1.18730e+00    1.20700e+00    1.22300e+00    1.23310e+00    1.23450e+00    1.22940e+00    1.22440e+00    1.21890e+00    1.21400e+00    1.21010e+00    1.20540e+00    1.14960e+00    1.16190e+00    1.18730e+00    1.20020e+00    1.16760e+00    1.09430e+00    1.04380e+00    1.05550e+00    
1.04420e+03    1.11220e+00    1.10840e+00    1.09240e+00    1.09220e+00    1.13460e+00    1.14010e+00    1.14010e+00    1.14720e+00    1.15690e+00    1.16990e+00    1.18110e+00    1.18950e+00    1.19340e+00    1.19060e+00    1.18250e+00    1.17470e+00    1.16710e+00    1.15950e+00    1.15370e+00    1.14710e+00    1.08270e+00    1.08500e+00    1.10210e+00    1.11060e+00    1.08760e+00    1.03630e+00    9.99400e-01    1.00590e+00    
1.04440e+03    1.13660e+00    1.13640e+00    1.12700e+00    1.11700e+00    1.11310e+00    1.10710e+00    1.11120e+00    1.09950e+00    1.09750e+00    1.11280e+00    1.13320e+00    1.14920e+00    1.15850e+00    1.15770e+00    1.14920e+00    1.14090e+00    1.13280e+00    1.12410e+00    1.11750e+00    1.10950e+00    1.01880e+00    9.86600e-01    9.74100e-01    9.62800e-01    9.37600e-01    9.03600e-01    8.98300e-01    9.36900e-01    
1.04460e+03    1.18430e+00    1.19020e+00    1.19860e+00    1.19500e+00    1.16000e+00    1.14280e+00    1.14000e+00    1.13340e+00    1.13090e+00    1.13550e+00    1.14140e+00    1.14470e+00    1.14320e+00    1.13500e+00    1.12100e+00    1.10790e+00    1.09580e+00    1.08320e+00    1.07380e+00    1.06390e+00    9.90000e-01    9.97400e-01    1.02140e+00    1.03400e+00    1.00390e+00    9.35300e-01    8.97800e-01    9.29200e-01    
1.04480e+03    1.18100e+00    1.18780e+00    1.19640e+00    1.19550e+00    1.16530e+00    1.13900e+00    1.13050e+00    1.12090e+00    1.11510e+00    1.11510e+00    1.11650e+00    1.11560e+00    1.11010e+00    1.09840e+00    1.08110e+00    1.06520e+00    1.05090e+00    1.03640e+00    1.02570e+00    1.01560e+00    9.71200e-01    1.00120e+00    1.04180e+00    1.06910e+00    1.06680e+00    1.03440e+00    1.01420e+00    1.02400e+00    
1.04500e+03    1.14570e+00    1.14980e+00    1.14400e+00    1.14130e+00    1.14280e+00    1.10420e+00    1.09140e+00    1.07030e+00    1.05620e+00    1.05340e+00    1.05450e+00    1.05250e+00    1.04390e+00    1.02600e+00    1.00020e+00    9.76800e-01    9.56400e-01    9.36000e-01    9.21200e-01    9.08800e-01    9.04700e-01    9.50700e-01    9.96300e-01    1.02610e+00    1.01620e+00    9.66700e-01    9.40400e-01    9.64400e-01    
1.04520e+03    1.13620e+00    1.13980e+00    1.13450e+00    1.12900e+00    1.13730e+00    1.12160e+00    1.10780e+00    1.09600e+00    1.08880e+00    1.08780e+00    1.08930e+00    1.08930e+00    1.08640e+00    1.07950e+00    1.06890e+00    1.05910e+00    1.05020e+00    1.04120e+00    1.03440e+00    1.02760e+00    9.89100e-01    1.03120e+00    1.08420e+00    1.12090e+00    1.12690e+00    1.09990e+00    1.07720e+00    1.07400e+00    
1.04540e+03    1.12860e+00    1.13290e+00    1.13230e+00    1.13060e+00    1.14320e+00    1.13660e+00    1.11470e+00    1.10770e+00    1.10580e+00    1.10950e+00    1.11510e+00    1.11950e+00    1.12200e+00    1.12170e+00    1.11900e+00    1.11640e+00    1.11340e+00    1.11010e+00    1.10740e+00    1.10330e+00    1.04020e+00    1.07730e+00    1.13270e+00    1.17200e+00    1.18630e+00    1.17190e+00    1.15350e+00    1.13860e+00    
1.04560e+03    1.12010e+00    1.12480e+00    1.12370e+00    1.12350e+00    1.12540e+00    1.11070e+00    1.10700e+00    1.10270e+00    1.10060e+00    1.10190e+00    1.10380e+00    1.10440e+00    1.10260e+00    1.09750e+00    1.08930e+00    1.08150e+00    1.07410e+00    1.06610e+00    1.05990e+00    1.05260e+00    9.77900e-01    1.00530e+00    1.05230e+00    1.08330e+00    1.07650e+00    1.03170e+00    1.00440e+00    1.01900e+00    
1.04580e+03    1.09830e+00    1.10420e+00    1.10550e+00    1.10460e+00    1.09760e+00    1.08090e+00    1.08090e+00    1.07360e+00    1.07020e+00    1.07340e+00    1.07750e+00    1.07870e+00    1.07430e+00    1.06190e+00    1.04290e+00    1.02540e+00    1.01000e+00    9.94200e-01    9.82700e-01    9.72300e-01    9.39900e-01    9.57200e-01    9.80400e-01    9.93400e-01    9.69400e-01    9.11900e-01    8.87500e-01    9.26400e-01    
1.04600e+03    1.07480e+00    1.08070e+00    1.08120e+00    1.08250e+00    1.08460e+00    1.07310e+00    1.07310e+00    1.07050e+00    1.07190e+00    1.07910e+00    1.08590e+00    1.08940e+00    1.08630e+00    1.07410e+00    1.05420e+00    1.03580e+00    1.01950e+00    1.00270e+00    9.90400e-01    9.78900e-01    9.31000e-01    9.40000e-01    9.59100e-01    9.71900e-01    9.69400e-01    9.51500e-01    9.46400e-01    9.63400e-01    
1.04620e+03    1.06620e+00    1.07080e+00    1.06890e+00    1.07090e+00    1.08460e+00    1.09110e+00    1.09550e+00    1.10600e+00    1.11740e+00    1.12910e+00    1.13820e+00    1.14510e+00    1.14890e+00    1.14810e+00    1.14340e+00    1.13870e+00    1.13380e+00    1.12830e+00    1.12380e+00    1.11750e+00    1.02470e+00    1.02950e+00    1.05760e+00    1.07510e+00    1.06220e+00    1.02050e+00    9.99900e-01    1.02090e+00    
1.04640e+03    1.07830e+00    1.08320e+00    1.08480e+00    1.08250e+00    1.08260e+00    1.10170e+00    1.10810e+00    1.12250e+00    1.13650e+00    1.14910e+00    1.15810e+00    1.16550e+00    1.17050e+00    1.17200e+00    1.17070e+00    1.16920e+00    1.16700e+00    1.16490e+00    1.16300e+00    1.15970e+00    1.09800e+00    1.12400e+00    1.16640e+00    1.19200e+00    1.16810e+00    1.09780e+00    1.05510e+00    1.07570e+00    
1.04660e+03    1.09380e+00    1.10000e+00    1.10780e+00    1.10560e+00    1.09060e+00    1.10950e+00    1.11470e+00    1.12170e+00    1.13110e+00    1.14400e+00    1.15600e+00    1.16580e+00    1.17240e+00    1.17430e+00    1.17250e+00    1.17070e+00    1.16830e+00    1.16630e+00    1.16470e+00    1.16220e+00    1.12290e+00    1.15810e+00    1.20490e+00    1.23530e+00    1.22680e+00    1.17990e+00    1.14820e+00    1.15380e+00    
1.04680e+03    1.09950e+00    1.10630e+00    1.11790e+00    1.11800e+00    1.09130e+00    1.10700e+00    1.11600e+00    1.12180e+00    1.13120e+00    1.14660e+00    1.16180e+00    1.17440e+00    1.18330e+00    1.18650e+00    1.18550e+00    1.18420e+00    1.18220e+00    1.18030e+00    1.17870e+00    1.17540e+00    1.11350e+00    1.14740e+00    1.19920e+00    1.23490e+00    1.24120e+00    1.21610e+00    1.19280e+00    1.18260e+00    
1.04700e+03    1.08240e+00    1.08750e+00    1.09590e+00    1.09240e+00    1.06040e+00    1.08190e+00    1.10020e+00    1.10910e+00    1.12090e+00    1.13860e+00    1.15560e+00    1.16990e+00    1.18010e+00    1.18410e+00    1.18360e+00    1.18290e+00    1.18140e+00    1.18020e+00    1.17900e+00    1.17650e+00    1.12430e+00    1.15740e+00    1.20570e+00    1.23890e+00    1.24400e+00    1.21920e+00    1.19320e+00    1.17810e+00    
1.04720e+03    1.03240e+00    1.03510e+00    1.04320e+00    1.04190e+00    1.01580e+00    1.03930e+00    1.05030e+00    1.05650e+00    1.06930e+00    1.09330e+00    1.11840e+00    1.13960e+00    1.15530e+00    1.16240e+00    1.16360e+00    1.16440e+00    1.16430e+00    1.16470e+00    1.16470e+00    1.16350e+00    1.12500e+00    1.15730e+00    1.20110e+00    1.22920e+00    1.21830e+00    1.16930e+00    1.13310e+00    1.13430e+00    
1.04740e+03    9.75900e-01    9.73200e-01    9.66200e-01    9.60200e-01    9.52300e-01    9.76400e-01    9.98800e-01    9.99800e-01    1.01080e+00    1.04080e+00    1.07460e+00    1.10350e+00    1.12520e+00    1.13560e+00    1.13840e+00    1.14070e+00    1.14190e+00    1.14340e+00    1.14420e+00    1.14360e+00    1.10110e+00    1.10510e+00    1.11990e+00    1.12720e+00    1.10530e+00    1.05790e+00    1.03650e+00    1.06240e+00    
1.04760e+03    9.64200e-01    9.62800e-01    9.67500e-01    9.68700e-01    9.53300e-01    9.77300e-01    9.92000e-01    9.92800e-01    1.00260e+00    1.02830e+00    1.05700e+00    1.08140e+00    1.09930e+00    1.10730e+00    1.10850e+00    1.10950e+00    1.10980e+00    1.11040e+00    1.11080e+00    1.11060e+00    1.09130e+00    1.10220e+00    1.11880e+00    1.13050e+00    1.13410e+00    1.12930e+00    1.12910e+00    1.13180e+00    
1.04780e+03    9.45200e-01    9.45500e-01    9.63400e-01    9.76000e-01    9.32700e-01    9.40600e-01    9.72100e-01    9.66600e-01    9.67400e-01    9.82800e-01    1.00250e+00    1.01920e+00    1.03110e+00    1.03550e+00    1.03480e+00    1.03420e+00    1.03360e+00    1.03320e+00    1.03280e+00    1.03250e+00    1.03330e+00    1.05110e+00    1.06960e+00    1.08190e+00    1.08060e+00    1.06560e+00    1.05790e+00    1.06350e+00    
1.04800e+03    7.44500e-01    7.30700e-01    7.20500e-01    7.05300e-01    7.24000e-01    8.00800e-01    8.31800e-01    8.19100e-01    8.19700e-01    8.46800e-01    8.82800e-01    9.14100e-01    9.38900e-01    9.53200e-01    9.60800e-01    9.67500e-01    9.73400e-01    9.78700e-01    9.82400e-01    9.84700e-01    9.58900e-01    9.31800e-01    9.10600e-01    8.94500e-01    8.77700e-01    8.64100e-01    8.74100e-01    9.11800e-01    
1.04820e+03    8.11600e-01    8.05200e-01    8.18600e-01    8.34900e-01    8.11500e-01    8.31400e-01    8.66500e-01    8.60500e-01    8.64400e-01    8.89100e-01    9.20200e-01    9.47200e-01    9.68700e-01    9.81500e-01    9.88500e-01    9.94600e-01    9.99800e-01    1.00390e+00    1.00670e+00    1.00750e+00    9.50800e-01    9.06400e-01    8.74900e-01    8.50900e-01    8.26000e-01    8.06000e-01    8.24400e-01    8.85500e-01    
1.04840e+03    8.79300e-01    8.81600e-01    9.15000e-01    9.55400e-01    9.10300e-01    9.00600e-01    9.51700e-01    9.34800e-01    9.30400e-01    9.54600e-01    9.88200e-01    1.01610e+00    1.03490e+00    1.03990e+00    1.03520e+00    1.03060e+00    1.02640e+00    1.02180e+00    1.01830e+00    1.01440e+00    9.76900e-01    9.58200e-01    9.47100e-01    9.37700e-01    9.20400e-01    8.98800e-01    9.05300e-01    9.46800e-01    
1.04860e+03    8.48300e-01    8.48400e-01    8.65200e-01    8.93100e-01    8.62500e-01    8.64000e-01    9.32600e-01    8.98600e-01    8.86100e-01    9.20900e-01    9.73000e-01    1.01690e+00    1.04820e+00    1.06010e+00    1.05870e+00    1.05710e+00    1.05550e+00    1.05360e+00    1.05220e+00    1.05030e+00    1.02100e+00    9.80100e-01    9.44000e-01    9.18100e-01    9.04500e-01    9.07100e-01    9.30500e-01    9.67300e-01    
1.04880e+03    8.21900e-01    8.20700e-01    8.30900e-01    8.60500e-01    8.38800e-01    8.34300e-01    9.24000e-01    8.73500e-01    8.48100e-01    8.80600e-01    9.36600e-01    9.83900e-01    1.01800e+00    1.03170e+00    1.03170e+00    1.03140e+00    1.03090e+00    1.03030e+00    1.02980e+00    1.02910e+00    1.01110e+00    9.50800e-01    8.92500e-01    8.55100e-01    8.70100e-01    9.37500e-01    1.00650e+00    1.03080e+00    
1.04900e+03    7.51400e-01    7.41800e-01    7.20700e-01    7.38000e-01    7.74400e-01    7.63900e-01    8.56700e-01    7.76900e-01    7.30300e-01    7.59100e-01    8.21900e-01    8.75800e-01    9.17000e-01    9.37700e-01    9.45300e-01    9.51800e-01    9.57600e-01    9.62400e-01    9.65800e-01    9.67900e-01    9.34300e-01    8.42900e-01    7.55700e-01    6.93300e-01    6.60100e-01    6.65500e-01    7.25100e-01    8.22800e-01    
1.04920e+03    6.12600e-01    5.86600e-01    5.05700e-01    5.02500e-01    6.62900e-01    6.48600e-01    7.10900e-01    6.15000e-01    5.61600e-01    5.95800e-01    6.71200e-01    7.37700e-01    7.93300e-01    8.30600e-01    8.56900e-01    8.80100e-01    9.00700e-01    9.18800e-01    9.31500e-01    9.39800e-01    8.47300e-01    6.69700e-01    5.10900e-01    4.03100e-01    3.92500e-01    4.87300e-01    6.30600e-01    7.50700e-01    
1.04940e+03    6.16600e-01    5.94400e-01    5.33800e-01    5.51000e-01    6.92900e-01    6.66200e-01    7.45600e-01    6.39300e-01    5.75600e-01    6.03300e-01    6.74300e-01    7.36100e-01    7.85500e-01    8.14700e-01    8.31300e-01    8.45500e-01    8.58400e-01    8.68500e-01    8.75500e-01    8.78900e-01    7.82000e-01    6.23100e-01    4.84200e-01    3.92400e-01    4.01600e-01    5.15800e-01    6.62700e-01    7.63200e-01    
1.04960e+03    6.79800e-01    6.64500e-01    6.29700e-01    6.35100e-01    6.97000e-01    7.13800e-01    8.35400e-01    7.77700e-01    7.32300e-01    7.30000e-01    7.51000e-01    7.69400e-01    7.84400e-01    7.93800e-01    7.99600e-01    8.04600e-01    8.09700e-01    8.12900e-01    8.15000e-01    8.16000e-01    7.76700e-01    6.56900e-01    5.42500e-01    4.66200e-01    4.68800e-01    5.53900e-01    6.62200e-01    7.37400e-01    
1.04980e+03    5.89500e-01    5.69500e-01    5.20800e-01    5.14800e-01    5.90100e-01    5.74900e-01    6.34100e-01    5.33200e-01    4.74500e-01    5.02400e-01    5.70800e-01    6.29800e-01    6.75700e-01    7.00800e-01    7.12300e-01    7.22000e-01    7.31500e-01    7.37500e-01    7.41400e-01    7.42400e-01    6.45400e-01    4.90000e-01    3.53700e-01    2.61500e-01    2.52400e-01    3.32400e-01    4.55400e-01    5.67100e-01    
1.05000e+03    6.59300e-01    6.47100e-01    6.24300e-01    6.44500e-01    7.00000e-01    6.72700e-01    7.54900e-01    6.52200e-01    5.88100e-01    6.08900e-01    6.69700e-01    7.21300e-01    7.59500e-01    7.76600e-01    7.79500e-01    7.81100e-01    7.83300e-01    7.81800e-01    7.80200e-01    7.75600e-01    6.47100e-01    5.11100e-01    4.01500e-01    3.25400e-01    3.00300e-01    3.33800e-01    4.18700e-01    5.29800e-01    
1.05020e+03    8.31500e-01    8.34000e-01    8.50400e-01    8.76900e-01    8.31400e-01    7.99000e-01    8.89100e-01    8.18400e-01    7.72800e-01    7.87600e-01    8.30100e-01    8.64800e-01    8.87700e-01    8.92400e-01    8.84100e-01    8.75900e-01    8.69000e-01    8.59800e-01    8.52800e-01    8.44600e-01    7.50400e-01    6.69700e-01    6.07500e-01    5.62600e-01    5.34700e-01    5.29900e-01    5.59900e-01    6.27200e-01    
1.05040e+03    8.70700e-01    8.77200e-01    9.08500e-01    9.42700e-01    8.77800e-01    8.45500e-01    9.26000e-01    8.71400e-01    8.36200e-01    8.49100e-01    8.83300e-01    9.10900e-01    9.27700e-01    9.28300e-01    9.17100e-01    9.06400e-01    8.97400e-01    8.86900e-01    8.79000e-01    8.71000e-01    8.11200e-01    7.56800e-01    7.12800e-01    6.80000e-01    6.50900e-01    6.31400e-01    6.43000e-01    6.97200e-01    
1.05060e+03    8.44900e-01    8.49200e-01    8.72300e-01    8.94100e-01    8.10400e-01    7.74100e-01    8.57000e-01    7.97100e-01    7.59800e-01    7.76800e-01    8.17600e-01    8.51000e-01    8.72600e-01    8.75900e-01    8.66600e-01    8.57700e-01    8.50600e-01    8.42100e-01    8.35900e-01    8.30300e-01    8.05500e-01    7.61800e-01    7.20100e-01    6.88400e-01    6.56200e-01    6.29800e-01    6.41400e-01    7.04500e-01    
1.05080e+03    6.94300e-01    6.83100e-01    6.55200e-01    6.49900e-01    6.58000e-01    6.36600e-01    7.09400e-01    6.23100e-01    5.71600e-01    5.95300e-01    6.53100e-01    7.02000e-01    7.37200e-01    7.51100e-01    7.50800e-01    7.50100e-01    7.50600e-01    7.48900e-01    7.47600e-01    7.46100e-01    7.17200e-01    6.05700e-01    4.95700e-01    4.20200e-01    4.03800e-01    4.53100e-01    5.45500e-01    6.44800e-01    
1.05100e+03    6.90400e-01    6.78600e-01    6.51800e-01    6.51500e-01    6.60700e-01    6.33500e-01    6.98500e-01    6.12800e-01    5.64000e-01    5.92800e-01    6.57200e-01    7.13100e-01    7.57100e-01    7.81900e-01    7.94700e-01    8.05700e-01    8.16100e-01    8.24200e-01    8.29900e-01    8.33400e-01    7.79000e-01    6.54800e-01    5.40000e-01    4.61100e-01    4.43100e-01    4.93600e-01    5.97400e-01    7.12200e-01    
1.05120e+03    8.08200e-01    8.06200e-01    8.11700e-01    8.07900e-01    7.36300e-01    7.36400e-01    8.08500e-01    7.47800e-01    7.12600e-01    7.35200e-01    7.84300e-01    8.27000e-01    8.60900e-01    8.80500e-01    8.91200e-01    9.00800e-01    9.09600e-01    9.17700e-01    9.23500e-01    9.28300e-01    9.25100e-01    8.96100e-01    8.68200e-01    8.49300e-01    8.46700e-01    8.62100e-01    8.96300e-01    9.35300e-01    
1.05140e+03    8.28700e-01    8.22600e-01    8.03900e-01    7.95900e-01    7.86000e-01    7.82600e-01    8.37500e-01    7.84100e-01    7.55200e-01    7.79500e-01    8.27500e-01    8.69400e-01    9.02600e-01    9.22000e-01    9.32800e-01    9.42500e-01    9.51300e-01    9.59600e-01    9.65700e-01    9.71000e-01    9.75000e-01    9.19400e-01    8.61400e-01    8.21500e-01    8.14400e-01    8.43600e-01    8.88600e-01    9.26800e-01    
1.05160e+03    9.35600e-01    9.38800e-01    9.47800e-01    9.47200e-01    8.90400e-01    8.85900e-01    9.16400e-01    9.03900e-01    8.98900e-01    9.11300e-01    9.30500e-01    9.47100e-01    9.59900e-01    9.66500e-01    9.69300e-01    9.71900e-01    9.74400e-01    9.77100e-01    9.79200e-01    9.81600e-01    1.00740e+00    1.02490e+00    1.03750e+00    1.04780e+00    1.06260e+00    1.07910e+00    1.08250e+00    1.06440e+00    
1.05180e+03    9.74800e-01    9.79700e-01    9.89800e-01    9.85000e-01    9.32300e-01    9.27800e-01    9.38300e-01    9.32400e-01    9.32300e-01    9.43200e-01    9.57400e-01    9.69000e-01    9.76400e-01    9.77400e-01    9.74000e-01    9.71000e-01    9.68400e-01    9.65800e-01    9.64000e-01    9.62800e-01    9.72000e-01    9.82200e-01    9.90500e-01    9.98100e-01    1.01460e+00    1.03650e+00    1.04110e+00    1.01910e+00    
1.05200e+03    9.66700e-01    9.69900e-01    9.73400e-01    9.67300e-01    9.38600e-01    9.38300e-01    9.40700e-01    9.39400e-01    9.41800e-01    9.50300e-01    9.59700e-01    9.67200e-01    9.71400e-01    9.70500e-01    9.66000e-01    9.62000e-01    9.58600e-01    9.55300e-01    9.52900e-01    9.51300e-01    9.63100e-01    9.85500e-01    1.00550e+00    1.01960e+00    1.02410e+00    1.01740e+00    1.00270e+00    9.87500e-01    
1.05220e+03    9.65800e-01    9.70500e-01    9.80000e-01    9.70300e-01    9.17100e-01    9.16000e-01    9.24200e-01    9.13500e-01    9.08500e-01    9.15000e-01    9.25700e-01    9.34200e-01    9.38900e-01    9.38000e-01    9.33000e-01    9.28500e-01    9.24900e-01    9.21200e-01    9.18500e-01    9.16600e-01    9.28700e-01    9.51800e-01    9.72000e-01    9.85100e-01    9.80200e-01    9.56700e-01    9.32600e-01    9.25800e-01    
1.05240e+03    9.67900e-01    9.72700e-01    9.80200e-01    9.71700e-01    9.17900e-01    9.03100e-01    9.17700e-01    9.01400e-01    8.88900e-01    8.85900e-01    8.87500e-01    8.87700e-01    8.84800e-01    8.77600e-01    8.67000e-01    8.57500e-01    8.49900e-01    8.42000e-01    8.36400e-01    8.32700e-01    8.65600e-01    8.89700e-01    9.05700e-01    9.19100e-01    9.39600e-01    9.62500e-01    9.64600e-01    9.39400e-01    
1.05260e+03    9.92000e-01    9.99200e-01    1.01480e+00    1.01080e+00    9.52300e-01    9.32200e-01    9.42300e-01    9.28100e-01    9.13500e-01    9.01000e-01    8.90600e-01    8.80000e-01    8.67600e-01    8.53100e-01    8.36400e-01    8.21500e-01    8.09200e-01    7.96700e-01    7.87800e-01    7.81700e-01    8.23400e-01    8.58800e-01    8.83000e-01    9.00400e-01    9.06900e-01    8.99900e-01    8.85200e-01    8.74100e-01    
1.05280e+03    9.70700e-01    9.78100e-01    1.00080e+00    1.00590e+00    9.46700e-01    9.27400e-01    9.38100e-01    9.27200e-01    9.16500e-01    9.08600e-01    9.02200e-01    8.95100e-01    8.85800e-01    8.73500e-01    8.58300e-01    8.44600e-01    8.33200e-01    8.21000e-01    8.12100e-01    8.04800e-01    8.04600e-01    8.28600e-01    8.51900e-01    8.68000e-01    8.69200e-01    8.53600e-01    8.31200e-01    8.20100e-01    
1.05300e+03    9.18500e-01    9.21000e-01    9.37700e-01    9.44600e-01    8.84500e-01    8.59800e-01    8.90400e-01    8.71100e-01    8.54400e-01    8.48200e-01    8.47300e-01    8.44900e-01    8.39000e-01    8.28400e-01    8.13800e-01    8.00700e-01    7.90100e-01    7.78800e-01    7.70700e-01    7.64900e-01    7.91100e-01    7.88700e-01    7.77200e-01    7.69400e-01    7.66200e-01    7.67800e-01    7.74700e-01    7.90500e-01    
1.05320e+03    9.11500e-01    9.08000e-01    9.01100e-01    8.89800e-01    8.34900e-01    8.04800e-01    8.50600e-01    8.15200e-01    7.87800e-01    7.83400e-01    7.90700e-01    7.95700e-01    7.95900e-01    7.89200e-01    7.77500e-01    7.66800e-01    7.58600e-01    7.49500e-01    7.43000e-01    7.38600e-01    7.67300e-01    7.65100e-01    7.53100e-01    7.42300e-01    7.15800e-01    6.78000e-01    6.71500e-01    7.19500e-01    
1.05340e+03    1.00380e+00    1.00600e+00    1.02080e+00    1.02160e+00    9.75200e-01    9.65900e-01    9.75400e-01    9.74700e-01    9.69300e-01    9.57300e-01    9.43500e-01    9.30700e-01    9.18500e-01    9.07700e-01    8.97400e-01    8.88300e-01    8.80800e-01    8.73400e-01    8.68100e-01    8.64900e-01    9.01700e-01    9.27600e-01    9.43700e-01    9.54200e-01    9.50300e-01    9.31700e-01    9.13100e-01    9.09500e-01    
1.05360e+03    9.93400e-01    9.96100e-01    1.02100e+00    1.02820e+00    9.83700e-01    9.95700e-01    1.00090e+00    1.00820e+00    1.00930e+00    1.00100e+00    9.89900e-01    9.81200e-01    9.76400e-01    9.77400e-01    9.82600e-01    9.87500e-01    9.91900e-01    9.96400e-01    9.99700e-01    1.00280e+00    1.01720e+00    1.03540e+00    1.05140e+00    1.06110e+00    1.05400e+00    1.03030e+00    1.00360e+00    9.90700e-01    
1.05380e+03    8.87100e-01    8.79300e-01    8.70000e-01    8.61600e-01    8.56600e-01    8.76100e-01    9.09600e-01    9.04100e-01    8.98000e-01    8.96300e-01    8.98300e-01    9.00900e-01    9.05400e-01    9.12200e-01    9.21200e-01    9.29400e-01    9.36900e-01    9.44000e-01    9.49100e-01    9.53500e-01    9.57900e-01    9.37500e-01    9.15800e-01    8.99900e-01    8.88500e-01    8.84100e-01    8.90500e-01    9.09600e-01    
1.05400e+03    8.89100e-01    8.82200e-01    8.69000e-01    8.55300e-01    8.48900e-01    8.52800e-01    8.65100e-01    8.65800e-01    8.64100e-01    8.60200e-01    8.55300e-01    8.50500e-01    8.45200e-01    8.39300e-01    8.32900e-01    8.27400e-01    8.23300e-01    8.19100e-01    8.16200e-01    8.15200e-01    8.63100e-01    8.71900e-01    8.67600e-01    8.63000e-01    8.47100e-01    8.22400e-01    8.15400e-01    8.41500e-01    
1.05420e+03    9.09300e-01    9.04700e-01    8.95200e-01    8.80500e-01    8.64600e-01    8.68700e-01    8.76700e-01    8.82600e-01    8.85500e-01    8.83400e-01    8.77900e-01    8.71700e-01    8.63100e-01    8.51600e-01    8.37500e-01    8.24900e-01    8.14800e-01    8.04700e-01    7.97600e-01    7.93500e-01    8.52400e-01    8.81000e-01    8.93900e-01    9.02700e-01    9.02000e-01    8.91000e-01    8.80900e-01    8.82500e-01    
1.05440e+03    9.09600e-01    9.04800e-01    8.94200e-01    8.79200e-01    8.78000e-01    8.87800e-01    8.86000e-01    8.95100e-01    8.99700e-01    8.95100e-01    8.85400e-01    8.76000e-01    8.65900e-01    8.55100e-01    8.43400e-01    8.33100e-01    8.24900e-01    8.16600e-01    8.10800e-01    8.07600e-01    8.61400e-01    8.91900e-01    9.08700e-01    9.20600e-01    9.24000e-01    9.17300e-01    9.11000e-01    9.12300e-01    
1.05460e+03    9.33900e-01    9.29900e-01    9.26200e-01    9.16400e-01    8.98100e-01    8.99400e-01    9.07300e-01    9.19200e-01    9.21600e-01    9.07900e-01    8.87200e-01    8.68200e-01    8.50200e-01    8.34400e-01    8.19600e-01    8.06500e-01    7.96100e-01    7.85700e-01    7.78600e-01    7.74800e-01    8.48600e-01    8.83400e-01    8.98900e-01    9.09800e-01    9.11500e-01    9.02700e-01    8.93900e-01    8.94300e-01    
1.05480e+03    9.50000e-01    9.45600e-01    9.45900e-01    9.40200e-01    9.14500e-01    9.10000e-01    9.19300e-01    9.27100e-01    9.25700e-01    9.09600e-01    8.88300e-01    8.69500e-01    8.53500e-01    8.42200e-01    8.33800e-01    8.26700e-01    8.21300e-01    8.16000e-01    8.12400e-01    8.11400e-01    8.78800e-01    9.03700e-01    9.11600e-01    9.17700e-01    9.22200e-01    9.24000e-01    9.24600e-01    9.25800e-01    
1.05500e+03    9.45600e-01    9.41100e-01    9.35600e-01    9.24000e-01    8.94700e-01    8.70400e-01    8.62900e-01    8.50800e-01    8.40600e-01    8.33500e-01    8.28100e-01    8.22300e-01    8.14300e-01    8.03300e-01    7.90100e-01    7.78500e-01    7.69500e-01    7.60600e-01    7.54600e-01    7.52200e-01    8.39700e-01    8.65900e-01    8.68800e-01    8.69700e-01    8.59500e-01    8.39400e-01    8.30100e-01    8.46200e-01    
1.05520e+03    9.63600e-01    9.60800e-01    9.53600e-01    9.49200e-01    9.41300e-01    9.13200e-01    9.16200e-01    9.10100e-01    8.97600e-01    8.76000e-01    8.52900e-01    8.32000e-01    8.13100e-01    7.98100e-01    7.85200e-01    7.73900e-01    7.65200e-01    7.56400e-01    7.50300e-01    7.47600e-01    8.24400e-01    8.65600e-01    8.87200e-01    9.01200e-01    8.94900e-01    8.68000e-01    8.53900e-01    8.70300e-01    
1.05540e+03    1.00940e+00    1.01200e+00    1.01570e+00    1.01270e+00    9.80100e-01    9.45700e-01    9.46200e-01    9.40300e-01    9.26700e-01    9.01500e-01    8.74400e-01    8.50300e-01    8.29800e-01    8.15200e-01    8.04200e-01    7.94600e-01    7.87200e-01    7.79600e-01    7.74300e-01    7.71700e-01    8.30100e-01    8.64400e-01    8.84000e-01    8.98000e-01    9.01100e-01    8.91800e-01    8.86500e-01    8.93600e-01    
1.05560e+03    9.97400e-01    9.98600e-01    9.99800e-01    9.96200e-01    9.73100e-01    9.42600e-01    9.36100e-01    9.33000e-01    9.23100e-01    9.01500e-01    8.76800e-01    8.54500e-01    8.34300e-01    8.18000e-01    8.03900e-01    7.91600e-01    7.81800e-01    7.72200e-01    7.65600e-01    7.62500e-01    8.44200e-01    8.86000e-01    9.06700e-01    9.20100e-01    9.13400e-01    8.86800e-01    8.73600e-01    8.90800e-01    
1.05580e+03    9.53100e-01    9.51800e-01    9.48400e-01    9.47000e-01    9.32900e-01    8.85100e-01    8.60500e-01    8.53700e-01    8.46200e-01    8.34500e-01    8.20600e-01    8.06100e-01    7.88500e-01    7.67100e-01    7.42100e-01    7.19900e-01    7.01800e-01    6.83600e-01    6.70900e-01    6.63000e-01    7.53800e-01    7.92400e-01    8.05400e-01    8.12200e-01    7.92100e-01    7.47500e-01    7.30300e-01    7.68300e-01    
1.05600e+03    9.41000e-01    9.40400e-01    9.47700e-01    9.53600e-01    9.16000e-01    8.60500e-01    8.33600e-01    8.29300e-01    8.25300e-01    8.18000e-01    8.08000e-01    7.96900e-01    7.82000e-01    7.62200e-01    7.38000e-01    7.16400e-01    6.99000e-01    6.81300e-01    6.68900e-01    6.61200e-01    7.47600e-01    7.91600e-01    8.11600e-01    8.23200e-01    8.03200e-01    7.53800e-01    7.31000e-01    7.66400e-01    
1.05620e+03    9.03100e-01    8.99900e-01    9.11800e-01    9.20600e-01    8.78900e-01    8.49600e-01    8.67600e-01    8.39300e-01    8.16000e-01    8.05900e-01    8.03900e-01    8.01100e-01    7.96100e-01    7.88400e-01    7.78100e-01    7.68900e-01    7.61800e-01    7.53700e-01    7.47800e-01    7.43400e-01    7.58000e-01    7.80300e-01    7.98800e-01    8.10700e-01    8.02900e-01    7.75500e-01    7.67300e-01    7.96900e-01    
1.05640e+03    9.17600e-01    9.09200e-01    8.98100e-01    8.90600e-01    8.77200e-01    8.53200e-01    8.60200e-01    8.33600e-01    8.14600e-01    8.11500e-01    8.17800e-01    8.23500e-01    8.29100e-01    8.34300e-01    8.39100e-01    8.43200e-01    8.47300e-01    8.49300e-01    8.50500e-01    8.49600e-01    7.84100e-01    7.68600e-01    7.70200e-01    7.71000e-01    7.64300e-01    7.50900e-01    7.56700e-01    7.90900e-01    
1.05660e+03    9.94300e-01    9.92800e-01    9.98700e-01    1.00310e+00    9.91300e-01    9.62300e-01    9.56900e-01    9.47600e-01    9.34600e-01    9.15400e-01    8.95300e-01    8.76200e-01    8.57500e-01    8.40100e-01    8.22300e-01    8.06100e-01    7.92600e-01    7.77400e-01    7.66300e-01    7.56200e-01    7.20300e-01    7.23100e-01    7.33000e-01    7.39700e-01    7.35600e-01    7.20300e-01    7.18600e-01    7.44300e-01    
1.05680e+03    1.00940e+00    1.00940e+00    1.01560e+00    1.01880e+00    1.00160e+00    9.69800e-01    9.70200e-01    9.63900e-01    9.53100e-01    9.35500e-01    9.15500e-01    8.95700e-01    8.74800e-01    8.53300e-01    8.29500e-01    8.07400e-01    7.88700e-01    7.67400e-01    7.51600e-01    7.36000e-01    6.42200e-01    6.27400e-01    6.32300e-01    6.32900e-01    6.05200e-01    5.52400e-01    5.34100e-01    5.86800e-01    
1.05700e+03    9.63500e-01    9.64200e-01    9.81200e-01    9.95600e-01    9.73400e-01    9.42200e-01    9.36600e-01    9.39000e-01    9.35600e-01    9.21300e-01    9.01900e-01    8.82500e-01    8.61900e-01    8.40300e-01    8.16300e-01    7.94200e-01    7.75500e-01    7.54500e-01    7.38900e-01    7.24200e-01    6.50900e-01    6.35100e-01    6.33200e-01    6.28300e-01    5.93100e-01    5.32100e-01    5.10100e-01    5.67600e-01    
1.05720e+03    9.57300e-01    9.55400e-01    9.55500e-01    9.55300e-01    9.41000e-01    9.09900e-01    9.08500e-01    8.88700e-01    8.74300e-01    8.70100e-01    8.69900e-01    8.67300e-01    8.59800e-01    8.45400e-01    8.24900e-01    8.05900e-01    7.89900e-01    7.71700e-01    7.58300e-01    7.45400e-01    6.76300e-01    6.56400e-01    6.50300e-01    6.45300e-01    6.32800e-01    6.14100e-01    6.18100e-01    6.60400e-01    
1.05740e+03    1.00880e+00    1.01010e+00    1.01400e+00    1.00810e+00    9.77400e-01    9.59400e-01    9.75300e-01    9.63700e-01    9.50400e-01    9.37100e-01    9.23900e-01    9.09800e-01    8.92600e-01    8.71600e-01    8.46300e-01    8.23100e-01    8.03400e-01    7.81900e-01    7.66000e-01    7.51600e-01    6.99000e-01    6.98700e-01    7.08600e-01    7.14700e-01    7.05300e-01    6.80800e-01    6.78700e-01    7.16600e-01    
1.05760e+03    1.03370e+00    1.03560e+00    1.04290e+00    1.04210e+00    1.01610e+00    1.00310e+00    1.01910e+00    1.01650e+00    1.00850e+00    9.93700e-01    9.76200e-01    9.58800e-01    9.40300e-01    9.20800e-01    8.99100e-01    8.79200e-01    8.62200e-01    8.43900e-01    8.30400e-01    8.18200e-01    7.74500e-01    7.88100e-01    8.10200e-01    8.22900e-01    8.00700e-01    7.46100e-01    7.22000e-01    7.62200e-01    
1.05780e+03    1.02430e+00    1.02410e+00    1.02660e+00    1.03030e+00    1.01690e+00    9.90900e-01    9.95400e-01    9.84300e-01    9.74400e-01    9.68000e-01    9.62300e-01    9.54800e-01    9.42700e-01    9.24500e-01    9.00900e-01    8.79400e-01    8.61100e-01    8.42400e-01    8.28800e-01    8.17900e-01    8.25100e-01    8.53500e-01    8.78000e-01    8.94000e-01    8.87400e-01    8.57800e-01    8.35900e-01    8.43700e-01    
1.05800e+03    1.01490e+00    1.01370e+00    1.01870e+00    1.01940e+00    9.91600e-01    9.71700e-01    9.64700e-01    9.58900e-01    9.57200e-01    9.61400e-01    9.66400e-01    9.68900e-01    9.66800e-01    9.57800e-01    9.43400e-01    9.30200e-01    9.19000e-01    9.07300e-01    8.98800e-01    8.91600e-01    8.84100e-01    9.08600e-01    9.34700e-01    9.54400e-01    9.69300e-01    9.75600e-01    9.69400e-01    9.52300e-01    
1.05820e+03    1.01700e+00    1.01440e+00    1.01740e+00    1.01930e+00    9.96000e-01    9.86600e-01    9.87000e-01    1.00810e+00    1.02060e+00    1.01680e+00    1.00460e+00    9.93400e-01    9.83400e-01    9.75500e-01    9.68400e-01    9.62100e-01    9.56600e-01    9.50900e-01    9.46700e-01    9.42900e-01    9.34700e-01    9.72800e-01    1.01400e+00    1.04190e+00    1.04160e+00    1.01140e+00    9.77500e-01    9.62700e-01    
1.05840e+03    1.01440e+00    1.01060e+00    1.00930e+00    1.00270e+00    9.79000e-01    9.69900e-01    9.60000e-01    9.70100e-01    9.77300e-01    9.77100e-01    9.72200e-01    9.67200e-01    9.61100e-01    9.53800e-01    9.45100e-01    9.37400e-01    9.30900e-01    9.24400e-01    9.19700e-01    9.16200e-01    9.30600e-01    9.60000e-01    9.85600e-01    1.00190e+00    9.93000e-01    9.59200e-01    9.28200e-01    9.23800e-01    
1.05860e+03    1.00750e+00    1.00290e+00    9.99400e-01    9.93200e-01    9.73600e-01    9.66500e-01    9.56500e-01    9.71700e-01    9.83300e-01    9.86000e-01    9.83200e-01    9.80500e-01    9.77800e-01    9.75300e-01    9.72700e-01    9.70300e-01    9.68400e-01    9.66500e-01    9.65100e-01    9.64000e-01    9.69200e-01    9.88900e-01    1.00750e+00    1.01830e+00    1.00540e+00    9.69500e-01    9.34800e-01    9.26600e-01    
1.05880e+03    1.02060e+00    1.01760e+00    1.01550e+00    1.00910e+00    9.81800e-01    9.71700e-01    9.60700e-01    9.76600e-01    9.89200e-01    9.93100e-01    9.91600e-01    9.90200e-01    9.88900e-01    9.87900e-01    9.86900e-01    9.86100e-01    9.85400e-01    9.84800e-01    9.84400e-01    9.84100e-01    9.90600e-01    1.01400e+00    1.03680e+00    1.05220e+00    1.05350e+00    1.03930e+00    1.01290e+00    9.87800e-01    
1.05900e+03    1.02400e+00    1.02220e+00    1.01940e+00    1.00880e+00    9.74500e-01    9.59600e-01    9.51400e-01    9.56600e-01    9.61300e-01    9.63500e-01    9.63100e-01    9.62000e-01    9.58800e-01    9.52800e-01    9.44600e-01    9.37300e-01    9.31300e-01    9.25700e-01    9.21700e-01    9.19600e-01    9.60000e-01    9.96000e-01    1.02190e+00    1.03780e+00    1.02630e+00    9.87700e-01    9.48600e-01    9.36400e-01    
1.05920e+03    1.02890e+00    1.02850e+00    1.03000e+00    1.02680e+00    9.97200e-01    9.86800e-01    9.99800e-01    1.00430e+00    1.00210e+00    9.90700e-01    9.77100e-01    9.65800e-01    9.58000e-01    9.55700e-01    9.57200e-01    9.58800e-01    9.60400e-01    9.62200e-01    9.63600e-01    9.65600e-01    9.93500e-01    1.01830e+00    1.03710e+00    1.04860e+00    1.04040e+00    1.01240e+00    9.76500e-01    9.54800e-01    
1.05940e+03    1.03290e+00    1.03360e+00    1.03450e+00    1.02850e+00    9.94300e-01    9.81600e-01    9.98300e-01    1.00380e+00    1.00030e+00    9.84000e-01    9.63900e-01    9.46400e-01    9.32300e-01    9.23600e-01    9.18500e-01    9.14100e-01    9.10700e-01    9.07500e-01    9.05400e-01    9.04800e-01    9.47700e-01    9.77300e-01    9.96700e-01    1.01090e+00    1.02060e+00    1.02260e+00    1.00370e+00    9.70100e-01    
1.05960e+03    1.05090e+00    1.05110e+00    1.04800e+00    1.03810e+00    1.01120e+00    9.97400e-01    1.00090e+00    1.00550e+00    1.00270e+00    9.88500e-01    9.71700e-01    9.57900e-01    9.48800e-01    9.46900e-01    9.50100e-01    9.53300e-01    9.56300e-01    9.59500e-01    9.62000e-01    9.64900e-01    9.95300e-01    9.97500e-01    9.92700e-01    9.90400e-01    1.00070e+00    1.02120e+00    1.01430e+00    9.75500e-01    
1.05980e+03    1.04070e+00    1.03850e+00    1.03430e+00    1.02990e+00    1.01400e+00    9.98900e-01    9.99600e-01    1.00090e+00    9.99600e-01    9.94700e-01    9.88900e-01    9.84000e-01    9.80200e-01    9.78100e-01    9.77500e-01    9.77200e-01    9.77200e-01    9.78100e-01    9.79000e-01    9.81700e-01    1.04520e+00    1.03330e+00    1.00380e+00    9.82900e-01    9.78200e-01    9.90600e-01    9.83100e-01    9.54100e-01    
1.06000e+03    1.01750e+00    1.01280e+00    1.00620e+00    1.00520e+00    1.00380e+00    9.85100e-01    9.86900e-01    9.82300e-01    9.78700e-01    9.76900e-01    9.74800e-01    9.71200e-01    9.64100e-01    9.52300e-01    9.36200e-01    9.21400e-01    9.08800e-01    8.95100e-01    8.85000e-01    8.75700e-01    8.38400e-01    8.53300e-01    8.76700e-01    8.93600e-01    9.01600e-01    8.97400e-01    8.82800e-01    8.67900e-01    
